0 0.546376201753 -0.583241925125 0.590151022474 0.00516766042749
1 1.03152686943 -1.01434906896 1.17016666479 0.00274413014629
2 1.67411358673 -1.45081977803 1.78919747719 0.00430119309523
3 2.42257436284 -1.84682041008 2.3083794289 0.0101786344126
4 3.15760795665 -2.21434731512 2.86616797551 0.00555144633153
5 3.96585372876 -2.46733357738 3.38497017654 0.00759869344178
6 4.90635018938 -2.5432169259 3.69483901349 0.0115985262197
7 5.8596256317 -2.62657690473 3.96038606109 0.00576823639301
8 6.73131038526 -2.6998611375 4.43046544708 0.00650257756868
9 7.62302330986 -2.83688385305 4.84541182763 0.00330259324362
10 8.50299512274 -2.86346372485 5.30479065911 0.00559228485106
11 9.38220823304 -2.76697330527 5.75612802255 0.00492400515608
12 10.1795884462 -2.47112758743 6.2686306096 0.00521052903722
13 10.9114302423 -2.14776253521 6.85668803679 0.00454513774385
14 11.6336471514 -1.84256170307 7.46593903407 0.00496333473265
15 12.1677674007 -1.59917326592 7.94396034533 0.00278607737575
16 12.707533 -1.27710309863 8.7111187863 0.00389345617786
17 13.0543811419 -0.783625292076 9.49835790995 0.00604120324727
18 13.4918428921 -0.343475681882 10.2719113303 0.00399682824656
19 13.7984556723 0.213877941916 11.032687294 0.00380790351414
20 14.0001015186 0.886553891074 11.7328360649 0.00157416290977
21 14.1372741212 1.60791143765 12.3992868181 0.00451499226084
22 14.1543280439 2.2635113514 13.1430623497 0.00321361326852
23 14.0879830584 2.97104422844 13.8346099166 0.00536165905719
24 13.8847926655 3.69768003956 14.4779375414 0.00692103902351
25 13.6851674517 4.47391185855 15.0615993806 0.00251409313322
26 13.3868936345 5.20031608314 15.6669026281 0.00465188214961
27 12.7980776994 5.77601157239 16.2190033593 0.00451659939663
28 12.0828813493 6.29165315141 16.6722861884 0.00492570325081
29 11.4695161932 6.95491720228 17.0805088917 0.00888801002169
30 11.5358455797 7.85005400058 17.50122058 0.00591815472072
31 11.428430644 8.73658653733 17.9314689722 0.00517720898579
32 11.2793578067 9.61827957544 18.3591562352 0.00605180328393
33 11.0766839375 10.413621244 18.9148833736 0.00712121528538
34 10.9424450635 11.1608393555 19.5521081542 0.00314621105732
35 10.624945722 11.8254037639 20.2153774001 0.00718737506825
36 10.3743713152 12.4451311033 20.9471279003 0.00359740817866
37 10.2036596501 13.0666086957 21.7000498772 0.01035911385
38 10.0713265787 13.6223274876 22.5098749089 0.00444272440736
39 9.87627038045 14.1448265816 23.3290467024 0.00429484480841
40 9.68588684662 14.6596963858 24.1540924946 0.00259976823942
41 9.59127910387 15.3109968943 24.8949144265 0.00384597126766
42 9.68527854529 16.1585604625 25.3995080941 0.00276804114988
43 9.71588275042 17.0414862824 25.8481325581 0.00372550115032
44 9.76273024872 17.8335682963 26.4415659863 0.00190831368484
45 9.50606134291 18.3765501281 27.2296648807 0.00314951633326
46 9.27187354899 18.9282546116 28.018677871 0.0032621502878
47 9.03369889931 19.5187920522 28.7777826603 0.00238973073963
48 9.13088155548 20.0210075835 29.6263386454 0.00530848610274
49 9.21476250002 20.5374713681 30.4676830408 0.00737683780643
50 9.24856415947 21.0439101965 31.3185093983 0.00626554174218
51 9.20053347876 21.5081005206 32.1923909111 0.00261606074707
52 9.39816045445 21.6258679817 33.1559970114 0.00140512949086
53 9.60581419881 21.7313711375 34.1189040966 0.00374703413526
54 9.91029067556 21.8513466053 35.0539272541 0.002578702375
55 10.0546529632 22.1029430706 36.0011315112 0.00933621450492
56 10.1889997529 22.4037742226 36.9352836324 0.00344547860237
57 9.54733913009 22.8776187332 37.5224019371 0.00333509320569
58 8.94000602171 23.4276643648 38.0787277051 0.00228935135453
59 8.31186232109 23.9771865169 38.6119437432 0.00564765478119
60 7.64947587661 24.5098130142 39.1201910493 0.00227194723136
61 6.96008024626 24.9634838574 39.6676000376 0.0037184362064
62 6.26279348353 25.2245247945 40.3205720159 0.00409108293897
63 5.56220061368 25.5082335238 40.9603630911 0.0381678935709
64 4.91607246501 25.7189615653 41.6802143131 0.00238816775839
65 4.24828097673 26.1668839777 42.2576144126 0.00278971920778
66 3.66192273723 26.6241349751 42.9111142133 0.00482277744845
67 3.13247054427 27.155215342 43.5572616108 0.00514958515752
68 2.59972912996 27.6042251936 44.2603896407 0.00387892960899
69 2.2402114981 27.9102694559 45.1304021737 0.00660813568301
70 1.98575112017 28.2842097138 46.0108285952 0.00322574088137
71 1.75141724426 28.5341660976 46.9394388467 0.00708324768917
72 1.54341392432 28.8539819163 47.8526904455 0.00425832485014
73 1.17250690525 29.2338910531 48.6878856787 0.00239015125443
74 0.889547732303 29.643899598 49.5430181002 0.00989929645456
75 0.637297380716 30.1041608793 50.3819281387 0.00306624538696
76 0.354799832623 30.4864645822 51.2498239697 0.00191979461371
77 0.103033092004 30.9602295602 52.0812733408 0.00514283732146
78 -0.14528949838 31.4613958602 52.8974933395 0.0135129162704
79 -0.385268036144 32.0873200635 53.6250793597 0.00405283232208
80 -0.556239166305 32.6833509286 54.3959344981 0.00463391524041
81 -0.762083328508 33.2320190949 55.1929430113 0.0010504690834
82 -0.947060241124 33.8278797794 55.9606202661 0.00520030387618
83 -1.18023728065 34.234964214 56.8315228921 0.00893710852555
84 -1.4172188087 34.4978846456 57.7551793072 0.00528970569394
85 -1.70264983624 34.7788895567 58.6595469343 0.00277988709465
86 -1.91573144226 35.0629683819 59.582677993 0.00376958042115
87 -2.11717972873 35.0768741962 60.5509036807 0.00749012992513
88 -2.22099332307 35.1397344288 61.5324194083 0.00452516537726
89 -2.57659206521 35.2008558297 62.4531711768 0.00476586863919
90 -3.02321306858 35.394421207 63.3139256349 0.00503739906788
91 -3.96583172947 35.191759128 63.5327136947 0.00256661141853
92 -4.90171079768 34.9659337936 63.7575535211 0.00633307964202
93 -5.73833760268 34.5522137602 64.0834443625 0.00202998495138
94 -6.44767071621 33.8809045293 64.2365150141 0.0101378332015
95 -6.96309344317 33.0544675882 64.4049665437 0.00512884734338
96 -7.3746859599 32.1624042831 64.5133014733 0.00492121746525
97 -7.90349518056 31.3534218358 64.7200372075 0.0100686444983
98 -8.4223149121 30.5136421456 64.7669335306 0.00742378566961
99 -8.75698822255 29.5844582225 64.7994166824 0.00361825134352
100 -9.0723206493 28.6528647046 64.8946452873 0.00229655412505
101 -9.24340602858 27.6883367413 65.0240229715 0.00279724428628
102 -9.28003821728 27.5115629665 65.080088078 0.000322041159418
103 -9.46466868198 26.607202263 65.4325933258 0.00609551751225
104 -9.70637307734 25.6916879507 65.714510322 0.00438308214594
105 -9.86215800496 24.7668556513 66.024979347 0.00481576611049
106 -9.85199178502 23.827830644 66.3315658628 0.0183159965762
107 -9.58964779991 22.9117727666 66.5912858932 0.0102629398423
108 -9.20613107659 22.070169406 66.937471574 0.00368669221623
109 -8.79108659825 21.2756488009 67.3517624617 0.00437741332368
110 -8.61495024936 20.5592415864 68.0081974985 0.0023895758486
111 -8.3555225746 19.8794777897 68.6758343746 0.00664959001384
112 -8.01229301963 19.2025549971 69.3074292906 0.00760238861696
113 -7.87905721927 18.2595196505 69.5673322335 0.00224235080444
114 -7.61708185558 17.365988387 69.8952817863 0.00295381415594
115 -7.73273531056 16.4406916985 69.5713103417 0.00189334925009
116 -7.77570121078 15.4784724402 69.3551542364 0.00261921356696
117 -7.80997491093 14.5268673424 69.0950513792 0.00428718863977
118 -7.60189400714 13.626254075 68.74879134 0.00772226739338
119 -7.25296744105 12.710939648 68.6283380439 0.00438891774834
120 -6.85855208494 11.8172034799 68.4882541258 0.00461882436328
121 -6.4934866948 10.9482068631 68.1959593579 0.00544861313842
122 -5.95903451851 10.1223872756 68.118033477 0.00606835011166
123 -5.45562175614 9.28233670528 67.9979171654 0.00281819851426
124 -5.17020340167 8.34012730102 68.0630131582 0.00562259745289
125 -4.80490134873 7.44920213577 68.2778132588 0.00391777892365
126 -4.42466830286 6.61569435211 68.6438153339 0.0100108425034
127 -4.01737683212 5.82311357817 69.0668460782 0.00508127199674
128 -3.56240091874 5.008262801 69.3860147568 0.00217790563284
129 -3.03943756992 4.25869318298 69.7567790419 0.00217756018382
130 -2.34892672355 3.59560746913 69.993900332 0.0036210701193
131 -1.91243730656 3.22693704544 70.1990645898 0.00127571734218
132 -1.26128872333 2.49601812937 70.2176692809 0.00487885977629
133 -0.477759897451 1.91044513213 70.256539208 0.00376049989023
134 0.330966815809 1.36777012209 70.3544815088 0.00449441942915
135 1.15669300907 0.845367008378 70.4106126634 0.00433731940368
136 2.03701659792 0.470338560421 70.6156849662 0.00696937914077
137 2.9358690046 0.10469244759 70.7407161199 0.00885794095441
138 3.83542653148 -0.184397789997 70.993749997 0.00301003225247
139 4.76132882295 -0.470427865953 71.1259941247 0.00402589078202
140 5.65467693197 -0.866002544678 71.1684628854 0.00481363856011
141 6.56043215435 -1.22925497123 71.2295468453 0.00448824608782
142 7.48893684829 -1.53300590645 71.2673076711 0.00211343646419
143 8.30824435251 -2.0327742815 71.453530694 0.00301230986778
144 9.2711555546 -2.1946543215 71.4994167172 0.0355415805366
145 10.1896687079 -2.22966171585 71.8288144916 0.00243009291579
146 10.8451199979 -1.66879264497 72.286120782 0.00278986778478
147 11.3383757481 -1.12270049868 72.9278259253 0.00511174275071
148 11.9150815518 -0.570712180732 73.4896192803 0.00790192168543
149 12.5055686092 -0.033041280694 74.0505153022 0.00475908599703
150 13.057574642 0.466291346266 74.6814477476 0.00169841575078
151 13.2953381151 1.20174601462 75.2768834193 0.0255898321188
152 13.2724828703 1.83794559325 76.0151772171 0.00407781700331
153 13.0465839039 2.45212881914 76.7375242873 0.00627078143385
154 12.9206344581 3.12699584569 77.4290684399 0.0010806802978
155 12.8419949541 3.75473357879 78.1702068281 0.0034918576354
156 12.7724202317 4.47439602887 78.8232032672 0.00331066678704
157 12.5615403031 5.1921884704 79.4470485683 0.00372936988688
158 12.1680649065 5.80743287401 80.0914656725 0.00186707707965
159 11.7522835281 6.58036253511 80.5133359718 0.00257787333011
160 11.4561561368 7.37100986698 80.9984222561 0.00509676795526
161 11.2936053511 8.14815393467 81.5618307166 0.00415754021699
162 11.3972586628 8.97182973882 82.0700056569 0.00449277480911
163 11.2199130051 9.66345456019 82.7313991201 0.00333650168899
164 10.9391943372 10.3701914905 83.3385483595 0.0107341956194
165 10.410065667 11.0899379065 83.7230302579 0.00593690082676
166 10.002186707 11.8002738571 84.2469809655 0.00706674352698
167 9.23613775428 12.2302682826 84.6629758399 0.00698867603003
168 8.60301709556 12.4489818178 85.3671158181 0.00391379984568
169 8.01834450764 12.4599399627 86.1431917723 0.00416187677028
170 7.6748388561 12.1102998866 86.9820889863 0.00391370174264
171 7.27333842478 11.6390915309 87.7306006161 0.00230689978108
172 7.08762065235 11.0948299493 88.5133169441 0.0106889144219
173 7.10347559131 10.670657275 89.386455058 0.00548150038374
174 7.21287218263 10.3003480531 90.2769469662 0.010116492648
175 7.29240818015 9.80052139119 91.1045118396 0.0102784364719
176 7.3214890937 9.1124439269 91.786790222 0.00287236705391
177 6.94017095977 8.43430580996 92.3648094675 0.00204585669843
178 6.70925609647 7.6980378205 92.9511337829 0.00521778835034
179 6.66510921825 6.92747177843 93.5367484399 0.00531576479464
180 6.95303787184 6.19445830391 94.1005638172 0.0118480091086
181 7.39107246002 5.36964322605 94.354334983 0.00269371995386
182 7.79692986063 4.5587377032 94.6920823757 0.00248690767531
183 8.00327316326 3.62329923034 94.8276104269 0.0054914686683
184 8.28719403195 2.72167249885 94.6229668039 0.00469604299674
185 8.53715533538 1.89776866763 94.1827683312 0.0044496186528
186 8.62805606082 0.965604724998 93.9435330491 0.00233971808402
187 8.86414411207 0.0810241010425 93.6337168577 0.013117470491
188 9.46399421536 -0.669831129096 93.53886378 0.00409525230342
189 10.1806525118 -1.29410441924 93.3690847219 0.010393319607
190 10.4493216874 -1.85128860541 92.6282314714 0.00319641175625
191 10.9016123498 -2.40111193343 91.9770076353 0.00479611059473
192 11.6562704695 -2.9585398853 91.7540860416 0.0044923523746
193 11.7180247827 -2.99633702764 91.6833187851 0.000283849552749
194 12.1505183191 -3.50207399369 90.9929156067 0.00842357785772
195 12.4369896257 -3.85119280576 90.147629805 0.00480428940208
196 12.8891485963 -4.27771113758 89.4188947925 0.00532744536067
197 13.3780816372 -4.13250515817 88.6086034659 0.00659470698376
198 13.5655623536 -3.92318277914 87.6937867832 0.00354005220759
199 13.3898371955 -3.99600054446 86.7561693116 0.00394231626956
200 12.8365228019 -4.12120701975 85.9865084208 0.00713420648619
201 12.2013595949 -4.76113200544 85.6714066346 0.00667420174797
202 11.5400179555 -5.19778445224 85.1392054248 0.004513939491
203 11.3082419423 -6.04723504235 84.7718784134 0.0029172554604
204 11.2214139687 -6.94371649183 84.4582035391 0.00527557889405
205 11.4069868581 -7.60348896892 84.0331122006 0.00246006539049
206 11.8318248559 -8.13783283818 83.3763071098 0.00227003572191
207 12.1544963581 -8.72841234907 82.7099828923 0.002872553473
208 11.3858727949 -9.21911683641 82.4570310299 0.00456875784613
209 10.8418368832 -9.9905091698 82.3993964258 0.00381106904636
210 10.4485301547 -10.8099428134 82.1398780297 0.00533119464801
211 10.0654502817 -11.4986296512 81.6188326268 0.023683725729
212 10.036409415 -12.2507114645 81.0532741562 0.00318659898671
213 10.0483277763 -13.1643483152 80.8295298639 0.0298703993259
214 10.1200412047 -14.0862188846 80.6849763257 0.00309772438451
215 10.3727563952 -14.9852801094 80.7366685334 0.00519271056042
216 10.8827371244 -15.7682537409 80.7337543126 0.00409754126716
217 11.4997688719 -16.4162063467 81.0008427539 0.00686085170129
218 11.7931676118 -16.9167035918 81.7315426577 0.00966763721542
219 11.9569640575 -17.5645336126 82.3798724662 0.00717222885482
220 12.0375544665 -18.0258895338 83.1832037822 0.00407799152793
221 12.3027003087 -18.7508314959 83.6994333871 0.00508932182489
222 12.3225992756 -19.5864649982 84.101258047 0.00403046327485
223 12.7321190054 -20.3742286229 84.3659693759 0.00501774460828
224 12.9012804812 -21.1286953229 84.8747985122 0.00262248905943
225 12.7839518568 -21.9522938439 85.2789928024 0.0061746197509
226 13.3594938941 -21.4894486298 84.7242710508 0.0101431357371
227 14.0309940107 -21.0632291758 84.2595297939 0.00313444666557
228 14.4250771899 -20.3062543406 83.9151344066 0.0042977394156
229 14.3603224383 -19.3986991848 83.7853002169 0.00704773112285
230 13.9001312527 -18.6073512323 83.7275813338 0.00155091277796
231 14.126638746 -17.7259825985 83.839360467 0.00437565360696
232 14.4344011028 -16.869338547 83.7398644628 0.00529060672564
233 14.4970416524 -15.9631735793 83.8434826099 0.00652629431287
234 14.1226846293 -15.1713252236 83.5877884073 0.0074681122636
235 14.1769116168 -14.3452179889 83.2091890211 0.00596333706737
236 14.5474109944 -13.5243064214 83.3271565326 0.0112584520324
237 14.1987750143 -13.0770128252 84.0329845923 0.0049938602062
238 13.6842027265 -12.9374922632 84.7628039574 0.00690148495435
239 13.1353010764 -13.2254940958 85.4170683254 0.00318351294865
240 12.8583454714 -14.0080402543 85.7639535155 0.0191660027534
241 12.5665808542 -14.8070399291 86.0334610664 0.00489279306716
242 12.3593051364 -15.5463585894 85.5824583709 0.0109642192418
243 12.3794416763 -16.3897279418 85.3132427963 0.00481672799221
244 12.5889845041 -17.1088626771 84.8445651871 0.00448693215257
245 13.1558564782 -17.5825933009 84.3636515264 0.00890173936337
246 13.8420898861 -17.7567497217 83.8457444971 0.0056329791849
247 14.2847609007 -17.9606939363 83.3886559237 0.003717038563
248 14.3656877926 -18.5633476881 82.9155322319 0.00557903462457
249 14.2986196108 -18.4612483294 82.1621519743 0.00869090231312
250 13.9462680059 -18.6158894437 81.5193168727 0.00773521490685
251 14.651027487 -18.7665155019 81.6638663836 0.0106640204122
252 14.2767390355 -18.6314052077 82.2595509952 0.00877268406736
253 14.7411242659 -18.2062135767 81.9592796512 0.00707059313907
254 15.3411294215 -18.3046060539 81.6510319473 0.00613532934244
255 15.3792552532 -18.1998914987 80.9924771257 0.0161995292366
256 15.2738471509 -18.774876685 80.780688002 0.0116266344942
257 15.8019978831 -18.6911083454 81.0147023157 0.0130369360332
258 16.1200207634 -19.030843575 81.2771309375 0.00897503122697
259 16.1744905997 -19.4646087715 81.5097801811 0.00996925039118
260 16.031350008 -19.2106476179 81.1704646577 0.0139345752877
261 16.0472046776 -19.2703819252 80.807847966 0.0120128965138
262 15.9727776234 -19.2572134084 80.5269762804 0.0109013397646
263 15.9457251948 -19.4223021973 80.6819549873 0.00666719449614
264 15.9558743515 -19.4979472938 80.5050995742 0.007041884141
265 15.9492094985 -19.5042006864 80.6619874714 0.00781225293553
266 15.9722597413 -19.6123412492 80.6146090094 0.00742223402481
267 16.0156025839 -19.6793066103 80.5734136723 0.00814755310038
268 15.9608819384 -19.6578553864 80.5817202883 0.00713321262896
269 15.9612943185 -19.677305855 80.5514524013 0.00890595013456
270 15.9516294479 -19.6847905415 80.5445266876 0.00864177019031
271 15.9523993144 -19.6839457093 80.5451351613 0.00197913405437
