0 0.968502950415 0.112964624614 0.190129953646 0.00380021678724
1 1.94957290144 0.205531644302 0.315846466613 0.00639537001543
2 1.99572187837 0.204671977692 0.319570233985 4.30895845772e-05
3 2.97366869198 0.353232637043 0.24617464871 0.00600856046553
4 3.92803488577 0.561464328167 0.0741365491407 0.00335967232892
5 4.82881591708 0.921512800702 -0.132489874854 0.00274999557712
6 5.71570757853 1.33894614654 -0.283718333979 0.00753563961016
7 6.56718898001 1.81960058556 -0.449726302347 0.00479429507297
8 7.38200598886 2.38488357679 -0.458121001345 0.00703742056254
9 8.2070299119 2.92610303881 -0.557497891279 0.00291258464369
10 9.07762742096 3.39107677174 -0.653841859581 0.005619217345
11 9.69511162555 4.16655649684 -0.68021110856 0.00504015352871
12 10.3350453674 4.92323137116 -0.645336091521 0.00379050987856
13 10.9646608625 5.6836451675 -0.552609639675 0.0048627161111
14 11.5755689672 6.43210795005 -0.329476671454 0.00399329443202
15 12.1348853997 7.22594930415 -0.129173296373 0.00412859852348
16 12.5741768864 8.10493029046 0.00310289144174 0.00664628987916
17 12.9944610626 9.00289929904 0.00523183473252 0.00226404835288
18 13.3335414775 9.93301563518 0.0588179964148 0.00363976889459
19 13.5823564536 10.8707990249 0.262732349666 0.00298650716652
20 13.7403923378 11.8477581609 0.321498967552 0.0028041551172
21 13.8834505563 12.8274986398 0.371341286303 0.00354794199058
22 14.0215079449 13.7974633337 0.522700627343 0.00449851770789
23 13.8729831268 14.7697648908 0.398967249018 0.00444300375585
24 13.5544332964 15.7013931622 0.283747579175 0.00412973705292
25 13.165043696 16.5993756132 0.126799364621 0.00228747915977
26 12.695537082 17.4548162033 -0.0475156701227 0.00346604057729
27 12.0677049194 18.2019202607 -0.221345642215 0.00368742074606
28 11.4627238822 18.9864271562 -0.253648234349 0.00112011017718
29 10.7994039869 19.7228822283 -0.264689520557 0.00202623082072
30 10.0797906986 20.4043083902 -0.281095253979 0.00377903438342
31 9.28310489402 20.9926501101 -0.320454493811 0.00616967094636
32 8.44889211154 21.5272544227 -0.345083201703 0.0148973605763
33 7.65274608016 22.0623620778 -0.0961973415893 0.0145789727785
34 6.8044608817 22.5526733842 0.0518690460518 0.00595446562076
35 5.87272284314 22.8878882872 0.0155231200606 0.00750254816887
36 4.89905697495 23.068196265 -0.0188610308389 0.00940657582686
37 3.95878060071 23.36217727 0.0862154119614 0.00270938137884
38 2.99186710127 23.5366030622 0.213501051185 0.00686002090808
39 2.05037534082 23.7406086457 0.444658797326 0.00214404794961
40 1.09502600081 23.9028670594 0.650580448218 0.0084144872208
41 0.140503842421 23.9065906747 0.915498454522 0.0063613203439
42 -0.779690150982 23.759682737 1.25148584931 0.00403102101179
43 -1.70649348004 23.5794793056 1.55102004706 0.00583836729573
44 -2.60089680732 23.3423025844 1.90439126472 0.00785668516473
45 -3.43085522492 23.049981938 2.35904008813 0.00417993631874
46 -4.20482568185 22.7238071463 2.8839455796 0.00362388670689
47 -4.96953944442 22.1852043576 3.20945265362 0.00311980690834
48 -5.6503075732 21.648170002 3.68796653561 0.00430417408598
49 -6.24329001762 20.9914351521 4.13273683748 0.00742927346844
50 -6.84942951151 20.3935240288 4.63845333312 0.00740433211586
51 -7.26316050951 19.6321661721 5.11771005086 0.0112821207407
52 -7.73099390149 18.8282411688 5.45703795241 0.00467603964916
53 -8.12812329623 18.0176215973 5.86377141695 0.00210768749141
54 -8.53492141158 17.1868073049 6.21656417615 0.00451018016158
55 -9.06822797442 16.5090351165 6.70274608066 0.00336595558684
56 -9.61847708087 15.8368975494 7.17767971106 0.00647246987602
57 -10.107592316 15.120289756 7.65437468271 0.00277425511562
58 -10.6130294246 14.4196289573 8.13765756802 0.00408096506213
59 -11.004923233 13.7142849399 8.71109298696 0.00207136963448
60 -11.3135706654 12.912758155 9.20317652759 0.00511554490017
61 -11.5666536369 12.0376780919 9.59037220939 0.00322590747796
62 -11.6214854799 11.1344391123 9.99141892444 0.00520970245325
63 -11.5364906971 10.3052982514 10.5252178464 0.00270396949304
64 -10.9743653953 9.86550830506 11.2109716595 0.0138147587526
65 -10.4008873123 9.41922726672 11.8828121135 0.00580739387171
66 -9.75980548495 9.00449259168 12.5123370772 0.00431689089071
67 -9.03647606403 8.71684812915 13.1232899506 0.00822847499812
68 -8.34018928797 8.49141526929 13.7892118117 0.0045169480615
69 -7.63134463734 8.41482164658 14.4752794539 0.00291566887084
70 -6.86794048878 8.44389524173 15.1040125471 0.00383702171733
71 -6.01116461451 8.49126764794 15.5964581092 0.00775433692222
72 -5.07807032307 8.54976121572 15.9197738924 0.032593244773
73 -4.16376548986 8.75519969604 16.2357570116 0.00359525070736
74 -3.29631185027 9.11618627249 16.5442132786 0.0225935598853
75 -2.50520927801 9.38795167823 17.0713360278 0.00246868727393
76 -1.67937243206 9.66521608965 17.538886996 0.00230445039986
77 -0.845623874316 9.992312838 17.9575683299 0.00310274099851
78 -0.0940225044388 10.4189260673 18.4376500251 0.00486783509552
79 0.538188856571 10.8068163387 19.0912630319 0.00373434881271
80 1.25931483616 11.0138948649 19.734982726 0.00369538435892
81 1.97651833415 11.2357423574 20.3781050882 0.00404884053592
82 2.56295873815 11.5475906444 21.1102300574 0.00346298607532
83 3.0859511419 11.8570814633 21.8898582683 0.0116673150648
84 3.69831493453 11.9016808853 22.6643914459 0.00353558062092
85 4.33161242974 11.997268609 23.4171130428 0.00557945386173
86 4.95555317568 12.2681452238 24.1340349854 0.00322772592285
87 5.57252561359 12.5959759533 24.8329242241 0.00169877830278
88 6.14428433977 13.0312627046 25.5112631762 0.00264953104307
89 6.60828263877 13.4575767361 26.2724988546 0.0031687533149
90 7.13514964658 13.7957136341 27.0370420306 0.00494040934965
91 7.26495684735 14.2445044986 27.9077615853 0.00724151702317
92 7.30775094202 14.6169375829 28.8219564203 0.00615767625646
93 7.3742163949 14.8820878476 29.771408677 0.00493014089488
94 7.26010116923 15.3325376529 30.6432382106 0.00233395661363
95 7.22950799262 15.7436091205 31.5410497166 0.00634311076397
96 7.32473092198 15.9222653426 32.5079559224 0.00485804703012
97 7.41455848724 16.247491189 33.4363480242 0.00706051052233
98 7.46080754532 16.5944725454 34.3599567553 0.00641664689988
99 7.46688938723 16.9054653228 35.2973456265 0.00181685408432
100 7.37506249629 17.3968545049 36.1490781334 0.00396498686525
101 7.15216928191 17.8101549351 37.0178504267 0.00346777494393
102 6.93629441211 18.2909406572 37.8529558598 0.00262074342586
103 6.62007937813 18.6297796286 38.7249189274 0.00567566197684
104 6.2811614124 18.9731513744 39.5864359349 0.0018543431774
105 5.85129950396 19.2768384256 40.4218463406 0.00630223171192
106 5.53218827864 19.5632974353 41.3111811539 0.00411942503118
107 5.38434884985 19.5022008281 41.5986008391 0.00134447694451
108 4.90814136455 19.3017450604 42.4396120202 0.00295237652167
109 4.46431539506 19.0915429875 43.2957821926 0.0152833808387
110 4.0918012426 18.7617527889 44.1480003273 0.00539067703707
111 3.51946228459 18.4754113943 44.8990182866 0.0022883426011
112 3.05055340279 17.8692455398 45.520418059 0.00262578681006
113 2.7668368741 17.2509259958 46.2349982407 0.00380173268853
114 2.55515356105 16.6423506882 46.982117795 0.00359563298028
115 2.45198590962 15.7684604183 47.4279566771 0.00520379563644
116 2.60112184684 14.8158860518 47.6359213962 0.00286767187595
117 2.86248540259 13.8789854261 47.7993538175 0.0050504124871
118 3.28857068955 13.0345581164 48.0787907175 0.00966997096459
119 3.77290833835 12.2397669894 48.4046184209 0.00378698157691
120 4.27080676386 11.480786293 48.7898461075 0.00681906844197
121 4.95397593756 10.8660261003 49.1469238288 0.0052484367725
122 5.37895539247 9.97874785212 49.0830716605 0.0054911910841
123 6.01618501963 9.24370152553 48.9235516989 0.00772910937149
124 6.70814841795 8.57383804195 48.7136526812 0.00588989938142
125 7.43177305416 7.92097179879 48.5668919861 0.00288965162374
126 8.29834791829 7.50463821543 48.349986685 0.0048474255722
127 9.17074081777 7.22043177362 47.9902800801 0.0154007459636
128 10.0194609746 7.03971005148 47.523558621 0.00529058256494
129 10.6668737477 6.61097739405 46.9171137515 0.00272565251595
130 11.3859598741 6.28336994879 46.3287051108 0.00534404853146
131 12.0725098506 6.00312472811 45.6801515266 0.00721655535399
132 12.7625350856 5.58381877874 45.1159874672 0.00420572649151
133 13.5108102097 5.20294633143 44.6011142718 0.0120760813051
134 14.2012800736 4.69459181075 44.1168618963 0.00298191790648
135 14.9647204458 4.16108289377 43.7974336156 0.00542797379804
136 15.7902780222 3.70573956407 43.513820711 0.00261101733711
137 16.6552740307 3.39543419534 43.1606218022 0.00533827016776
138 17.5869099919 3.12195729863 42.998470574 0.00632620443752
139 18.5511090755 3.1129536645 42.8008274086 0.00269543208773
140 19.4545696843 2.88664758989 42.4825333645 0.00182709012587
141 20.3599082372 2.79374084395 42.1077580491 0.00769866986463
142 21.2878060606 2.89826618677 41.7970806613 0.0089898045859
143 22.2093488174 3.24286213945 41.7876228029 0.00796370931286
144 23.1319615149 3.57518694673 41.7092218748 0.00408413418146
145 24.0660875808 3.85760456688 41.5854895802 0.00209376182972
146 24.9727095787 4.23696023874 41.5442045704 0.0118637663027
147 25.8496992778 4.66147373473 41.6777585247 0.00230056232488
148 26.5234328781 5.3275454084 41.9414555344 0.00298258251182
149 27.1380710515 6.03282018711 42.2444657414 0.00368782165185
150 27.8003586924 6.66139559931 42.6093813103 0.00253255405417
151 28.376155751 7.36556449714 42.9827563391 0.00476605416363
152 28.7822629281 8.16717315071 43.3816786545 0.0052507242049
153 28.9813521516 9.0188384152 43.8305607461 0.00747626937381
154 28.7746822641 9.83818957731 44.3327178131 0.0069817452348
155 28.5832363261 10.5463298555 44.9868821832 0.00520379554757
156 28.27123845 11.3157077409 45.5126845808 0.00308563984772
157 27.9655475644 12.0317549566 46.112276968 0.0120143867237
158 27.5839362557 12.6557083484 46.7682509905 0.00617799464034
159 26.9603168368 13.2862008843 47.1906516091 0.00389158561851
160 26.2850651967 13.910934045 47.5347330715 0.0037789918534
161 25.5081747242 14.468660736 47.7579649389 0.00219790189973
162 24.7579102162 14.9294072964 48.1930059215 0.00340906929086
163 23.9595777331 15.1044586471 48.737424294 0.00331042280689
164 23.1267987217 14.95641058 49.2361846595 0.00392112944893
165 22.3774459408 14.704639532 49.8185709546 0.00753535496919
166 21.9398998752 14.1682983016 50.5148140564 0.00546584670603
167 21.40255573 13.5646087754 51.0718937642 0.00473300960693
168 21.1355763674 12.9274434183 51.7691496885 0.0122474197367
169 20.8630676679 12.1967173121 52.3646129818 0.00177933223956
170 20.5476060803 11.4546370468 52.9236228498 0.00510862627252
171 20.3750410679 10.7876358664 53.6221252059 0.00458430552053
172 20.2234539742 10.3026717323 54.4613745371 0.00504817956728
173 20.0501556156 9.90975032211 55.3433646439 0.00365587252894
174 19.9870036457 9.50601631858 56.2350932694 0.00397078203736
175 19.7347710078 9.03393031397 57.0569320378 0.00686208462008
176 19.6924502571 8.53084700972 57.8975986506 0.00223454491241
177 19.8152152433 8.09556567198 58.7676510193 0.00411562945254
178 19.9090826816 7.50821928437 59.547040656 0.00609823645787
179 20.0018317621 6.94081154736 60.3410196563 0.00908566915733
180 20.1594946591 6.33636848708 61.0961761604 0.00112897081966
181 20.7255774324 5.9095830879 61.7727419788 0.00285305240453
182 21.4122562247 5.58789819542 62.3933348054 0.00399786209656
183 22.2119013541 5.32558421702 62.8949419342 0.00298403129721
184 23.0243100789 5.22064833896 63.4322554757 0.00438902428408
185 23.8850585305 5.08162605374 63.8785998727 0.00384602822706
186 24.7537797037 5.21699238734 64.3101441221 0.00210863100759
187 25.4606021238 5.68775526784 64.7979376699 0.00381299327069
188 26.0534674828 6.22984084169 65.3579975556 0.00484091091017
189 26.7322141583 6.83646789865 65.7184609348 0.00730857295108
190 27.4858984387 7.44337560917 65.8660482713 0.00379907050405
191 28.0506384928 8.05877523269 66.3764194037 0.00204967926389
192 28.3933918825 8.69062595558 67.0408229586 0.00516792915359
193 28.750603532 9.35016987866 67.6694990969 0.027204239444
194 29.1161146138 9.92304845388 68.3727663352 0.00533823186857
195 29.4831701958 10.4501353082 69.1100240335 0.00327127125224
196 29.8067597491 11.0173849824 69.8376322448 0.00342459917896
197 30.1367408822 11.6870068416 70.4687512263 0.00237537224439
198 30.3227530093 12.3212354304 71.188957424 0.00187394474193
199 30.0082467453 13.0052749646 71.8122598385 0.004667604873
200 29.6885799496 13.551852877 72.5567348523 0.0051013494687
201 29.5023044874 14.2394067653 73.2255798179 0.00336330106277
202 29.2826118689 14.9969629717 73.8020589677 0.00219311436236
203 28.7934528008 15.4301124587 74.5284250841 0.00288620532907
204 28.2405098217 16.0196543969 75.0769114314 0.00301295227977
205 27.8016077546 16.7070631365 75.6142920551 0.00508059432503
206 27.1301046611 17.2605318439 76.0573528168 0.00283994762572
207 26.3197276507 17.7272696136 76.3379143458 0.00289143788441
208 25.3938425884 17.9915140123 76.4990098738 0.00355786779427
209 24.6097491349 18.3624333563 76.9468561585 0.00353318223889
210 23.7125519404 18.6147952068 77.2366384028 0.0026391332078
211 22.7627137129 18.5475719963 77.4504267857 0.00514017008532
212 21.8390239136 18.2641404068 77.3143566866 0.00815880738195
213 21.0877220495 17.71490514 77.0220554036 0.00419925894145
214 20.7897740602 16.9533856387 76.490316547 0.00246701956251
215 20.7520252642 16.1321980591 75.9654539304 0.00355362310156
216 20.9118580844 15.2537423103 75.573441778 0.00930848635808
217 20.9850822943 14.4409252621 75.0402201413 0.00237710765219
218 21.1870465731 13.7451744253 74.3879537558 0.00185026099606
219 21.6472653716 13.1191943046 73.7993478492 0.00305998797834
220 22.3789813345 12.4757662423 73.8127707368 0.00464179805593
221 23.237127627 12.0283247134 73.9251976996 0.0028230728744
222 24.0959577007 11.5720096308 73.9820249049 0.00279638289155
223 24.9837034487 11.2441440425 73.7511798007 0.00367713434691
224 25.9477570131 11.1083672065 73.7780340084 0.00397017583663
225 26.9146921238 11.1928363913 73.8565296699 0.0067758075507
226 27.8719338601 11.3673036903 73.8251378132 0.00466053381753
227 28.6816257236 11.8904596504 73.6906158198 0.000653867538431
228 29.4880255701 12.4348198853 73.7173289251 0.00390156777167
229 30.1978835157 13.0993409529 73.7564396245 0.00671861825642
230 30.8460656752 13.7917015773 73.9732789336 0.00241945970036
231 31.3441479741 14.5944754469 74.2052319798 0.00846399162021
232 31.8827492968 15.3950895883 74.3257824148 0.00344098785014
233 32.2804801416 16.2745655822 74.2089362702 0.00560061902203
234 32.7660849801 17.1165975598 74.2118973543 0.000978891337191
235 33.053621018 18.0105318094 74.4629357203 0.00610591427755
236 33.2059818196 18.9492347788 74.6626767798 0.00564556303329
237 33.4427091101 19.8730581446 74.8478540407 0.00505172523004
238 33.8210350668 20.7562131862 74.9900871583 0.00658489580976
239 34.1274600182 21.6636912576 75.1492413238 0.00884631453664
240 34.608025342 22.4951691924 75.2893691027 0.00638401350715
241 34.8116199529 23.4437392821 75.2987478443 0.00474863426971
242 34.6769745847 24.4034670022 75.3396485846 0.00336255215521
243 34.4115845536 25.3323879482 75.2545601543 0.00309062870172
244 33.8974362987 26.1165451037 75.0074279559 0.00367588163329
245 33.2451706294 26.6979318708 74.587156453 0.00330999619027
246 32.479045734 27.1409147014 74.1914726907 0.00416477855655
247 31.758209379 27.7652933692 74.0189841711 0.0018820610524
248 30.8456238916 27.9419845938 74.2929084343 0.00503890901071
249 29.9660222359 27.9592832018 74.6986895165 0.00489038862138
250 29.0464284256 27.7141647689 74.8783715422 0.003694072987
251 28.0849105932 27.8061381292 74.8102740903 0.00562878962559
252 27.1185556325 27.8399372094 74.8554464824 0.00384217657136
253 26.2167200686 27.7709937267 74.5109387814 0.00589341078528
254 25.2834877388 27.6119141199 74.311431144 0.00254158471397
255 24.5075848073 27.1627687435 73.9479727196 0.00454687628926
256 23.7637666992 26.7298509077 73.50666785 0.00442562720011
257 23.2740667509 25.9486546809 73.2155488407 0.00375273597305
258 22.7843951638 25.1228745438 73.103149587 0.0102773963362
259 22.6880863849 25.0050784041 73.0817503555 0.000219625573056
260 21.9674546012 24.3773215727 72.9747068215 0.00467846625375
261 21.6466226381 23.6463023294 72.438780726 0.0036544371765
262 21.5266808864 22.8794736671 71.8716378978 0.00354716782394
263 21.6040930126 21.9897158353 71.5171834811 0.0026289490641
264 20.9467816097 21.4687941841 71.9858209191 0.0027656141961
265 20.6716135206 20.7148076251 72.5135487544 0.00482889375213
266 20.5432937595 19.7854116157 72.7171141425 0.00312994576867
267 20.4890306542 19.5562515639 72.7937856472 0.00250961897032
268 20.2861069151 18.7099852484 73.1983177061 0.00530613867506
269 20.4704337974 17.8941729874 73.6681326859 0.00410997946609
270 20.7533199578 17.0208078919 73.9449462306 0.00207533584831
271 21.3485982592 16.283401848 74.0894800475 0.00623198047581
272 21.9016085331 15.5346608412 74.3166927562 0.00409010717168
273 21.704575261 15.395592571 74.2412398827 0.000575100287972
274 20.8650409196 15.0360530504 73.9796842267 0.00411353319396
275 20.3532289024 14.4653322793 73.4190326629 0.016102856435
276 20.0774841155 14.1414187993 72.5716175145 0.00231400347348
277 19.8477164034 13.355735018 72.0945220135 0.00213446350061
278 19.9152278277 12.7488260597 71.3700801573 0.00624578429907
279 20.2940854579 12.4247260987 70.5651777893 0.00510661227284
280 20.8758517268 12.2950187283 69.8305043312 0.00417437563915
281 21.7846060619 12.3906219977 69.5892947335 0.00510273254379
282 22.7068782833 12.4989265412 69.4175365735 0.0063377078667
283 23.575906459 12.5961163323 69.0630039683 0.00634716482387
284 24.2655503326 12.7089079641 69.6961179433 0.0047196702575
285 24.4449322444 13.4521356399 70.2467074121 0.00264164594501
286 24.3215574736 14.1060550137 70.9133530281 0.00838808727832
287 24.1236039852 14.7723278735 71.5471652799 0.00315739865548
288 23.7204464563 15.4842121159 72.0100395411 0.00124679174957
289 23.4681912755 15.7041579313 72.8888138554 0.00873444647208
290 23.4357105592 16.314275093 73.6014743148 0.00592440860579
291 23.2355912957 16.9415897546 74.2690750461 0.00943393843247
292 23.2674772604 17.2247798819 75.1611376701 0.00618081502205
293 23.1874327528 17.8100339771 75.8860653321 0.00604971206197
294 22.7478946041 18.4444411431 76.4116715952 0.00482853903722
295 22.6188624108 18.9901118354 77.157622774 0.00556296150202
296 22.319894691 19.4734361985 77.896474019 0.00726360102634
297 22.4510569857 19.6780283298 78.7952321955 0.00638230286973
298 22.8685504309 19.9492045381 79.5802318598 0.00506839638699
299 23.6845975462 19.7938271522 79.9938727793 0.00443931059973
300 23.1695885546 20.4452544299 80.4059961281 0.00489807427246
301 22.5674058209 21.0809443073 80.7069642651 0.0126750225844
302 21.8640615384 21.6703105806 80.8059527176 0.00580307764687
303 21.333169723 22.3788685599 81.061966873 0.0039040400146
304 21.2081006184 23.2072047227 81.4442060804 0.00506804789009
305 20.8975007113 23.9914854181 81.8102445611 0.00537774064423
306 20.7273422441 24.619927086 82.4581840291 0.00259598939462
307 20.2248465175 25.3849565018 82.5191355508 0.00229269536171
308 19.4303854773 25.7873842045 82.7367740084 0.00664515895882
309 19.7302426041 24.9232221003 82.7170319735 0.00475243490842
310 20.3974259249 24.3416254073 82.4903251645 0.00696092691715
311 21.1501351048 23.8600628033 82.6709060653 0.00345172079852
312 21.797024944 23.2497209098 82.4753239901 0.0102354339027
313 22.4739791804 22.7266421922 82.1723747265 0.00356652273839
314 23.2901278237 22.6998030284 82.5659982567 0.00568912276178
315 23.9107881433 22.4664634777 83.181886387 0.00472679349438
316 24.6887355409 22.775779367 82.8434732467 0.0013839083599
317 25.1838934879 22.3408657748 82.2262752979 0.00644683326341
318 25.7416257017 22.653212898 81.5917390382 0.00498828294472
319 26.4919643846 23.1458391521 81.5568268112 0.00557020888822
320 27.0985992269 23.8049048218 81.5286656607 0.00231401605906
321 27.8464019832 24.2378863178 81.7632931082 0.00314479437481
322 28.3374153729 24.9067509252 81.4297847758 0.00465551742942
323 28.7059461431 25.5082185023 80.8826532122 0.00423558531625
324 29.0146545885 26.3306870834 80.7367880544 0.00479347387037
325 29.340647434 27.0972047079 81.0463579512 0.011917875393
326 30.1373453563 27.4618195197 80.9353344982 0.00462370577582
327 30.4923850973 28.2200442949 81.2099141503 0.00361485354478
328 30.9034051836 28.9251121529 81.537503686 0.0103228575593
329 31.5237000629 29.5391927283 81.5821559927 0.0042937261553
330 31.5859350769 30.2763854768 82.0438978617 0.00420049040285
331 31.8330900201 30.6976199679 82.7643053555 0.00552867052189
332 31.4201609009 30.8343403345 83.5146450502 0.00894365284666
333 31.2627972405 30.2657053838 84.1425774816 0.00661725075329
334 31.2770794873 29.5486160846 84.6118129759 0.00338708429109
335 31.7241485144 28.9839803609 85.0723234015 0.00676096861612
336 31.1102862956 28.5342318444 85.4511542876 0.00550545009916
337 30.3936533203 28.1874255096 85.7372299117 0.00313887184609
338 30.3608687816 29.0137548754 85.9034735576 0.00808387184578
339 30.2060381381 29.8357019388 85.9391646817 0.00922811262293
340 29.8281034487 30.5685188127 86.0293954652 0.00404264925694
341 29.467683249 31.2363174266 86.3558867545 0.00489372627918
342 29.1243294488 31.8220473378 86.8190292014 0.00636917337908
343 28.414657704 32.1485977177 87.0525810989 0.0034195578865
344 28.0002133812 31.6543473837 87.5464671639 0.00410092505023
345 27.5499117385 31.4192948329 88.1754830154 0.00478833568097
346 27.3383195585 31.3470958497 88.8067262602 0.00390624645745
347 27.9321404549 31.23670329 88.4654751269 0.0054083336303
348 28.5779250186 31.385621721 88.6227646435 0.00623326898736
349 29.2022072712 31.1931138888 88.7519969686 0.00610188607824
350 29.6900102547 31.573061966 88.9527183261 0.0111562195171
351 30.2274371464 31.788802872 88.7375924729 0.00332916643488
352 30.567441798 32.2379938415 88.5108581666 0.011354398942
353 30.3748831365 32.0199536099 88.079370291 0.00864275479042
354 30.5265690792 31.8442073172 88.0055939762 0.0131647693774
355 30.5931097532 31.7105869855 87.9164648093 0.0227479161521
356 30.5300728793 31.6792867469 87.9392652548 0.00647022755931
357 30.5378333235 31.7295166682 87.936393673 0.00804495341215
358 30.5451814241 31.7263445632 87.9623280127 0.00503485959619
359 30.5322219748 31.7184974426 87.9625846667 0.0107830919563
360 30.5324584604 31.7185763336 87.9626197746 0.000345440504918
