0 -0.596141386677 0.451067920011 -0.654329346572 0.00730874371251
1 -1.31786680658 0.793655250562 -1.2448043203 0.00597000487516
2 -2.10896106491 1.08454446065 -1.77054264665 0.00420248031358
3 -2.89337909791 1.07592569305 -2.38000659108 0.00904598569384
4 -3.52277295945 1.69451669396 -2.83599593907 0.00630547095482
5 -4.24876005141 2.16015346906 -3.32873880013 0.00635199083475
6 -5.03322538975 2.52373473425 -3.81765238268 0.00712509741891
7 -5.7676164669 2.84646303778 -4.40339138672 0.0045024884354
8 -6.51170448701 3.2175488288 -4.94666985722 0.00223054577304
9 -7.28418896207 3.53747302773 -5.4827833869 0.00828185797082
10 -8.00218092437 3.92860177604 -6.04664495704 0.00539158791884
11 -8.67832597624 4.36665889395 -6.62744056069 0.00304880740042
12 -9.45416710127 4.74146842308 -7.12133229598 0.00412223509496
13 -10.2698548101 5.09621589869 -7.56303316189 0.00618511897703
14 -11.0493688721 5.40658537202 -8.0107737567 0.00558013350121
15 -11.7895789402 5.72038541557 -8.59172359501 0.0057627544225
16 -11.8437265943 5.73680165799 -8.63709326514 0.000209390078947
17 -12.6424977076 5.7923647399 -9.22211392721 0.00378991399255
18 -13.458646704 5.92320326273 -9.76992296426 0.00250898261121
19 -14.1962989501 5.98204203321 -10.4300190558 0.0040249048478
20 -14.856228795 6.0610926817 -11.1659150779 0.00166782570911
21 -15.5248981041 5.93248714765 -11.8867577692 0.00249807437952
22 -16.2406035829 5.59566135179 -12.4846780459 0.00747714595638
23 -17.0059388211 5.18179853972 -12.9601163952 0.00595893277952
24 -17.7355884176 4.72505834336 -13.4520413557 0.00458241496725
25 -18.4183349473 4.28713954319 -14.0221637469 0.00517284644437
26 -19.1396259764 3.79878351508 -14.4955627361 0.00305831468888
27 -19.8582324383 3.33922846295 -15.0007776046 0.00359229830436
28 -20.5326678124 2.83815846798 -15.526946078 0.00321027034803
29 -21.3201136526 2.48790314507 -16.0168285139 0.00133712913444
30 -22.1221062898 2.08219514027 -16.4350469886 0.0098311136153
31 -22.8149280812 1.53249727143 -16.8827132553 0.00453178106797
32 -23.329194403 0.751743715778 -17.212017052 0.00308433565398
33 -23.9511701666 0.0672492117443 -17.5684779394 0.00350030904122
34 -24.4914389295 -0.676410743381 -17.9392693342 0.00695443241369
35 -25.0413802738 -1.41593535371 -18.3039317012 0.0026827491956
36 -25.4330766387 -2.26195488835 -18.6402247252 0.00380660127219
37 -25.656315878 -3.16585130891 -18.9798597692 0.00384980683768
38 -25.8814932674 -4.07420049667 -19.3059847249 0.00320810159914
39 -25.722345825 -4.97915460586 -19.6772740877 0.0040291668306
40 -25.36616075 -5.8383360767 -20.0193305157 0.00306954741814
41 -24.9600342984 -6.64736541823 -20.4225264739 0.00507621558011
42 -24.4692633445 -7.349111305 -20.9212105135 0.00395494926058
43 -23.9738334538 -7.99377019232 -21.4877082826 0.00498838714867
44 -23.4099799524 -8.5579067796 -22.0756808227 0.00338443332991
45 -22.6892119343 -8.988080559 -22.6022425371 0.00529123228656
46 -21.8768508005 -9.37966153836 -23.0126659913 0.00468564958666
47 -21.0663248474 -9.64477494984 -23.5170818605 0.00464437879673
48 -20.3655294677 -10.0297968893 -24.1021261908 0.00397347348494
49 -19.6568756379 -10.5241434483 -24.5868659511 0.0045463613662
50 -18.8650380124 -10.9522333646 -25.0006132692 0.00797657763346
51 -18.0427352903 -11.3250853018 -25.4082094954 0.00164191494558
52 -17.1743284689 -11.588309314 -25.8055640823 0.00355895370991
53 -16.4745610805 -11.8925469939 -26.3225016432 0.00595960749536
54 -15.8236287503 -12.3268808323 -26.928523711 0.0041261397712
55 -15.2875993888 -12.7520639696 -27.6437111155 0.00382890041389
56 -14.5594918052 -12.6067159745 -28.2981111187 0.00579625320492
57 -13.8574596444 -12.586939082 -28.9953812847 0.00816420593853
58 -13.0030138046 -12.5536574844 -29.4933904164 0.00344539086626
59 -12.0731829643 -12.4360989069 -29.8106907292 0.0021961813237
60 -11.1755406228 -12.0931281118 -30.0465697857 0.00327165689771
61 -10.2599703456 -11.790313034 -30.2679356086 0.00491402145877
62 -9.34907319414 -11.4563570171 -30.4618838927 0.00595154705464
63 -8.50601551044 -10.9697613843 -30.6386446404 0.00618122979655
64 -7.67046241269 -10.4915260103 -30.8662458485 0.00362524750827
65 -6.85877414759 -9.99125452779 -31.1298567388 0.00403600415324
66 -6.08060000381 -9.43758154501 -31.3875688869 0.00480425677679
67 -5.346184512 -8.78229799898 -31.4858103581 0.00538920940423
68 -4.74213034136 -8.01832751453 -31.658402469 0.00214771257988
69 -4.15272566505 -7.2375429967 -31.8041913496 0.00550855805524
70 -3.70734946962 -6.42832619857 -32.1577718825 0.00677675447986
71 -3.24495624863 -5.63607249934 -32.5273833166 0.00672120473155
72 -3.02156756313 -4.76158602702 -32.9315337776 0.00408915705236
73 -2.82445464114 -3.84278310978 -33.2394447455 0.0030346568443
74 -2.2219873496 -3.10555356717 -33.506501128 0.00850644735499
75 -1.73381371697 -2.25943903327 -33.6594204976 0.00544890417009
76 -1.52496294734 -1.29424987219 -33.6116460559 0.00619325773218
77 -1.40064372658 -0.317776975525 -33.5199143129 0.00320971760382
78 -1.26738994117 0.637596704062 -33.3035258966 0.00386270111921
79 -1.11978951996 1.53491041544 -33.2062964326 0.00657727588447
80 -1.18981632392 2.49721333277 -32.991823122 0.0166289474498
81 -1.26956502639 3.05277576251 -32.816924314 0.00326434882829
82 -1.46218668184 4.0114026048 -32.6772716133 0.00460266340479
83 -2.01628925172 4.80743604498 -32.4907940872 0.00547685798467
84 -2.54841034752 5.61563948335 -32.2933023747 0.00311975098546
85 -2.97270079172 6.4371309586 -31.9462572096 0.00421887079363
86 -3.62036555315 7.11013932364 -31.6256397487 0.00368060665793
87 -3.6634955024 7.20831074795 -31.6012027009 0.00023450072349
88 -4.15800040819 8.03593960716 -31.3908259854 0.00929241355433
89 -4.84726777948 8.71211162246 -31.1877867977 0.00646382762634
90 -5.42627836773 9.46513716002 -30.9212011035 0.00214719588758
91 -5.96667999712 10.1969828426 -30.5394751315 0.00407738485425
92 -6.67813767067 10.7299127189 -30.1116075697 0.00209283287813
93 -7.3880966716 11.3789710576 -29.8929278836 0.00200996401741
94 -8.0276536338 12.1041371429 -29.6975241523 0.00685053632053
95 -8.61121720266 12.8919857285 -29.5896608854 0.0061353646136
96 -9.35491571755 13.5361981146 -29.521687472 0.00386399851222
97 -10.1558318481 14.1073281519 -29.4512861815 0.00476608646724
98 -10.9891601894 14.5934813795 -29.6555366805 0.00425234690514
99 -11.9242192906 14.9010273958 -29.7142210806 0.00559671913431
100 -12.8538563274 15.2097162665 -29.8269104354 0.0040209059699
101 -13.8176227084 15.383638334 -29.9409529715 0.00328558652883
102 -14.8005080449 15.3908102937 -29.8642119731 0.00350056200077
103 -15.7606174115 15.3654369646 -29.641788389 0.00488083116764
104 -16.738959531 15.2589247328 -29.5846368172 0.0037733866027
105 -17.7079259386 15.0800790034 -29.5568316928 0.00157029922493
106 -18.6690076017 14.8618849304 -29.5388688783 0.00633000531874
107 -19.6332120986 14.7549396987 -29.7129738991 0.00250215435385
108 -20.5815349842 14.7263867132 -29.9799113367 0.00327056399829
109 -21.5421247321 14.5854692358 -30.149262133 0.00637890855449
110 -22.4412652837 14.2538980893 -30.3788269154 0.00423932080793
111 -23.147523508 13.6055207096 -30.6063619398 0.00588527860502
112 -23.7361301997 12.9787543221 -31.0875951624 0.00358628764304
113 -24.0531200842 12.1755094691 -31.5620239742 0.00406811876035
114 -23.9065565468 11.3881779182 -32.1358922068 0.00478522466067
115 -23.7069990007 10.5805235399 -32.6635239933 0.00531217722521
116 -24.2654926358 9.77198776459 -32.731157514 0.00301559825713
117 -24.6659551181 8.87304887327 -32.7719301125 0.00659438097048
118 -25.0182819842 7.96379649367 -32.9099545223 0.00311191869978
119 -25.2178477915 7.00262586794 -32.9883367529 0.00360180193545
120 -25.3021386909 6.04003992456 -33.1781869074 0.00221432722653
121 -25.8073948916 5.2121427686 -33.0080475354 0.00290491880349
122 -26.2772196093 4.45456264176 -32.5897593993 0.00515045182056
123 -26.4847031814 3.56068205355 -32.2328784391 0.00282705601646
124 -26.6276446846 2.60085734776 -32.0667605487 0.00317173370363
125 -26.6720121593 1.72870541071 -31.6121570898 0.00603192288034
126 -27.0577152259 0.883864960324 -31.285803229 0.00344732817663
127 -27.3150576102 -0.0393130507364 -31.0613009244 0.00434492248595
128 -27.3317675928 -0.979868771717 -30.7717637618 0.0065272748338
129 -27.1258166874 -1.90063865781 -30.4919444946 0.0128257467461
130 -26.7125289949 -2.78874293614 -30.3996666246 0.00325712339824
131 -26.3469947907 -3.69731269938 -30.3057357661 0.00642824976568
132 -25.987500557 -4.60436228433 -30.1802801588 0.00401922196123
133 -25.5895479597 -5.45973449279 -29.9017524863 0.00186449481578
134 -25.0539493695 -6.22534994907 -29.5943188161 0.00187765783822
135 -24.4866938937 -6.95059863889 -29.2482975944 0.00604767988515
136 -23.8600024325 -7.6524788319 -28.9621555441 0.00595559769708
137 -23.1428083799 -8.23477909331 -28.6250875223 0.00724826896887
138 -22.4775387452 -8.90303390999 -28.3464854672 0.00390065420801
139 -21.7042170982 -9.49218418316 -28.4929943235 0.0070791968093
140 -20.9592354761 -10.1056705816 -28.6799881319 0.00169524755162
141 -20.2394369447 -10.7410839478 -28.8907268328 0.00557589672801
142 -19.4444679675 -11.2541448783 -29.1569329456 0.00314302938963
143 -18.6445124777 -11.7100872839 -29.5006875166 0.00349060681934
144 -17.8221821885 -12.1854515826 -29.7529048368 0.00412727261674
145 -17.039552769 -12.157685368 -30.3466575191 0.00375417312458
146 -16.3574903343 -12.2914054601 -31.0413965212 0.00644710384233
147 -15.4525640099 -12.3287264778 -31.4221995354 0.00496652311913
148 -14.4868912397 -12.3833885118 -31.5939979208 0.00485229311558
149 -13.5406294091 -12.2823468868 -31.8373637554 0.00545171377063
150 -12.6236749829 -12.0009813445 -32.0486545296 0.00338330043093
151 -11.7883461231 -11.5403666678 -32.2821968855 0.00585695151348
152 -10.9463843518 -11.0836537806 -32.4984081766 0.0157433729002
153 -10.1782631896 -10.575738537 -32.838437633 0.00355598626361
154 -9.42130277585 -10.1054025124 -33.2498780661 0.00218441651897
155 -8.77692884226 -9.5972207429 -33.7883977634 0.00553827951546
156 -8.3836235598 -9.13659203212 -34.560768094 0.00768941063418
157 -7.92521483311 -9.10289066358 -35.4278963178 0.00115837116088
158 -7.32421665941 -8.95136465007 -36.1887274064 0.00313671194963
159 -6.78809885395 -8.84807057292 -37.0041088119 0.00317210875903
160 -6.41877234273 -8.64293322926 -37.8897673877 0.00740365666625
161 -6.71830018336 -9.11824582821 -38.6940131539 0.00445797255092
162 -6.68313281553 -9.82824348584 -39.3698737772 0.00500395383171
163 -6.52381281467 -10.5131711844 -40.0535311022 0.00625047727171
164 -6.34071919689 -11.349762811 -40.5310607403 0.00262610521257
165 -5.84830438501 -12.0693363185 -40.9794381207 0.00679604993244
166 -5.36373518564 -12.6421324682 -41.6104733942 0.00538755602621
167 -4.7187593716 -13.1362942231 -42.1587358438 0.00577773090382
168 -4.41018535232 -13.882150152 -42.7146001896 0.00462849181471
169 -4.04174855343 -14.6718152383 -43.162801026 0.00702876576767
170 -3.58088369153 -15.3290898162 -43.6641109601 0.00241895155797
171 -2.95418454605 -15.9666103436 -44.0641530543 0.00211951802398
172 -2.29058040294 -16.5252806257 -44.5187495643 0.00296547135932
173 -1.69575470149 -17.1079131936 -45.0342590367 0.00453251850137
174 -1.08202782702 -17.7533852523 -45.4409824671 0.00387324611321
175 -0.472653898667 -18.4809526597 -45.6812847436 0.0020865419584
176 -0.109855904547 -19.371423085 -45.8649892075 0.0033721545102
177 0.553895529609 -20.0247430998 -45.563701677 0.00368475919471
178 1.09227881103 -20.722882652 -45.1385219974 0.00385806033661
179 1.38825259383 -20.9316957336 -44.9872821974 0.00244186458749
180 2.15507359437 -21.4573147973 -44.686443568 0.00209158276149
181 2.99495360471 -21.953526738 -44.6319244335 0.00609688658243
182 3.88409649983 -22.3575872049 -44.6513563803 0.0044943124388
183 4.8094442411 -22.6651886002 -44.5961197389 0.00606442536076
184 5.7590328611 -22.884636255 -44.5354691401 0.00684151254019
185 6.64390450057 -23.1748490152 -44.2422803274 0.00473045902812
186 7.46197906793 -23.278725012 -43.7197966862 0.00447154788574
187 8.27146906657 -23.2369098385 -43.1759874516 0.00676310879002
188 9.14440789076 -23.0730396557 -42.7718618238 0.00592156455904
189 9.98735765926 -23.0038006245 -42.2855528848 0.00500008917895
190 10.7606989267 -22.8005596314 -41.7267921242 0.0033358787596
191 10.8968413571 -22.7399132491 -41.5873649898 0.000533592962519
192 11.3785342178 -22.4834176272 -40.7823003209 0.00379815567949
193 11.6236299634 -22.3318171325 -39.8534402334 0.00697099840192
194 11.7882039387 -22.2305891704 -38.9005681464 0.00618267090828
195 12.0504204237 -22.059126852 -37.9804829351 0.00328442360135
196 12.4793437121 -21.8170992785 -37.1427843112 0.00432400371181
197 12.7424268439 -21.4767088478 -36.2716397731 0.0053522565661
198 13.0483235257 -20.9353478372 -35.5255447972 0.00345463981
199 13.1655491967 -20.2228342124 -34.8763582392 0.00438422134438
200 13.0010111099 -19.4305490961 -34.3401275691 0.0144283519452
201 13.2473201265 -18.9513360851 -33.533251634 0.00255405053081
202 13.4383483096 -18.7821424139 -32.5971788559 0.0106447487212
203 13.8361272326 -18.6123446165 -31.7293387637 0.00554024920351
204 13.9635618065 -18.1786818344 -30.8718178223 0.0138961267262
205 14.1812171847 -17.7249700861 -30.0441903532 0.0405711155862
206 14.4398905504 -17.2008996896 -29.2746900787 0.00432934838147
207 15.0018733638 -16.6046487952 -28.7633454208 0.00675644822208
208 15.285882242 -15.9328435936 -28.1307371213 0.00255833550108
209 15.0482199349 -15.0616210803 -27.7901075481 0.00403498513865
210 14.6816088328 -14.1988093026 -27.5617887699 0.00373323135559
211 14.2463623924 -13.3393637659 -27.6105244061 0.00390661524263
212 13.7950310835 -12.5048917826 -27.4374171342 0.00132849357763
213 13.2197070524 -11.8329019735 -27.053470222 0.00392990052916
214 12.4822632644 -11.3183673969 -26.7057797972 0.00946609840306
215 11.6735148325 -10.8170078305 -26.8564097599 0.00400017413375
216 10.7768359613 -10.5209117617 -27.0459120591 0.00627256031975
217 9.82014522243 -10.614985621 -26.9945845405 0.00511854565298
218 8.88087712668 -10.8219137333 -27.0262519015 0.00277515738546
219 7.9867677409 -11.1664228293 -27.1131801331 0.00369848707413
220 7.16092115563 -11.5804439627 -27.3811501692 0.00396301757904
221 6.28826505701 -11.8348802724 -27.6949290779 0.00319982321428
222 5.42384709715 -12.2470192775 -27.7790588351 0.00495136636669
223 4.72787494497 -12.8719710037 -27.9994147909 0.00251082708388
224 3.91320555972 -13.3809420535 -28.0177108804 0.0025728507357
225 3.16956264189 -13.9722262097 -27.8759348384 0.0140215459841
226 2.64599705028 -14.7439807002 -28.1016224586 0.00623788083227
227 2.19934224954 -15.5856304745 -27.9931418918 0.0187857363869
228 1.87666278276 -16.4713613162 -27.8258204488 0.00588959970604
229 1.6074928493 -17.3665619863 -27.62128992 0.00432616285563
230 1.78177387757 -18.2990019842 -27.7440728068 0.00552253195659
231 2.05112740565 -19.1458858617 -28.0966764973 0.00510930531862
232 2.45785346704 -19.936550679 -28.4468384519 0.0218157885796
233 2.74735485589 -20.7080752964 -28.9267002006 0.0119352411788
234 2.78136781936 -21.572496355 -29.324830627 0.00445896127546
235 2.95420353074 -22.3764165449 -29.8043542893 0.00259939550904
236 3.19942432695 -22.9831291098 -30.495532695 0.00301688900493
237 3.62389498717 -23.6362670727 -31.0416983652 0.00333186541408
238 3.99132037708 -23.9474002953 -31.8621597954 0.00247930414767
239 4.69495258458 -24.2500562114 -32.4253476944 0.00538845864769
240 5.25132247408 -24.7916919018 -32.972877028 0.00499806830902
241 5.88268034471 -25.3674811947 -33.3867206834 0.00368923502592
242 6.49782606712 -25.9741018571 -33.7793747758 0.0038068800542
243 6.61705542634 -26.4220331704 -34.6074651374 0.00968206222383
244 6.62454010736 -26.7185685997 -35.5078011369 0.00608844198405
245 7.19888623533 -27.0631613522 -36.1770799082 0.03678123299
246 7.73557444071 -27.2130161219 -36.9366001191 0.00297970887331
247 7.86701497259 -27.4190308549 -37.8461491325 0.00263079709179
248 8.32356177061 -27.4759044829 -38.6673141686 0.00516532561171
249 8.79567187505 -27.6050106951 -39.4703731772 0.0132184981734
250 9.21498639859 -27.7118098293 -40.3030930297 0.00509598188529
251 9.57338526208 -27.7017585926 -41.1694949306 0.00642654073026
252 10.1152283291 -28.006769771 -41.8695289239 0.00424377512679
253 10.8109254303 -28.0438305164 -42.493819758 0.00538940124482
254 11.7325376906 -28.0354949951 -42.6459912829 0.00841139845491
255 12.609313222 -28.2933000304 -42.8318712228 0.0074145907374
256 13.4527998204 -28.6327105629 -43.0330574615 0.00367064712621
257 14.0554829829 -29.0089198019 -43.6344984068 0.00980449750086
258 14.6018049625 -29.3307669091 -44.3134751908 0.00202037640671
259 14.9918013938 -29.2376523621 -45.1513563641 0.00419159824407
260 14.9262204996 -29.0975260302 -46.0665369567 0.00324299992301
261 15.6365591232 -29.5095838069 -45.6370978079 0.00643428581292
262 16.4751387984 -29.8857004549 -45.5316094718 0.000928512117492
263 17.3226720754 -29.5204777555 -45.5925056245 0.00468682563182
264 18.0264451469 -28.9390027713 -45.4508009013 0.00506781283738
265 18.4390359226 -28.1218813506 -45.5665245775 0.0044170540331
266 19.1670320494 -27.7177288819 -45.961988831 0.0051497087667
267 19.9215245088 -27.2201175128 -46.1358850696 0.00527989145313
268 20.5959808264 -26.6278772169 -46.3335554138 0.00444816882974
269 20.7695676966 -25.7785035541 -46.6355124561 0.00520712044828
270 20.4818497009 -24.913438994 -46.7299678969 0.00360854280275
271 20.3902927688 -24.0299295903 -46.5077331735 0.0173002361285
272 20.1930370394 -23.1541926691 -46.354523329 0.00373361235239
273 19.8935730046 -22.4550399955 -45.855190265 0.00523979676161
274 19.4667024274 -21.797823276 -45.3962373422 0.00569464011741
275 18.7770400824 -21.4012074507 -44.9620609836 0.00667240065579
276 18.2898482502 -20.7557720787 -44.5577565524 0.00338158139556
277 17.7156044656 -21.0192116834 -43.9121084673 0.00678068453939
278 17.6871283396 -20.5948233916 -44.7067395456 0.00529857566789
279 17.7267536554 -20.1643871257 -45.495447704 0.00630556234266
280 17.9993180474 -20.1107249764 -46.3485758738 0.00363490388555
281 18.3225475533 -19.7099183112 -47.0812713947 0.00243320583857
282 18.2207281118 -19.1571430859 -47.7771082756 0.0166990017667
283 18.1905244672 -19.0766980842 -47.9882511933 0.000114524988055
284 17.5754793242 -18.8089697165 -48.5125453244 0.00840340042377
285 16.9415929352 -19.2451430461 -48.8618235016 0.006999397891
286 16.5334103655 -19.9767814952 -48.9137230661 0.00561363386803
287 15.7512914025 -20.2015026455 -49.1006429263 0.00766899759875
288 16.3839511136 -19.9869500122 -49.5913390108 0.00734570644565
289 15.7160859241 -19.5730304752 -49.8322321406 0.00506731392967
290 15.2449321778 -19.5732303547 -50.5008145429 0.00202649313962
291 15.2765588314 -19.8964332114 -51.2496300898 0.00683269909469
292 16.0574396227 -20.000620933 -51.4288929726 0.00659883877888
293 16.5612793459 -19.5452714268 -51.0038995532 0.00712581132507
294 16.9937901176 -19.1695408826 -50.4596909897 0.00647732389437
295 17.5427115769 -18.7311196943 -50.1173789313 0.0092411365906
296 16.9252237298 -18.2740012976 -50.1027025433 0.00377116060867
297 16.2084783114 -18.4704836396 -50.2752582013 0.00679694961416
298 15.5364189572 -18.330581296 -50.583894052 0.0144076113378
299 15.1674118437 -17.7715761095 -50.2983227749 0.00795610763933
300 14.7891880951 -17.6254778376 -49.7107578233 0.00901196951216
301 15.282128218 -17.5285198731 -50.1906656007 0.00427324269204
302 15.7726535514 -17.0933080007 -49.9942601233 0.00546397778546
303 15.7373036422 -17.0688944497 -49.322753533 0.00613752241224
304 15.9175761408 -17.6837366176 -49.1828167668 0.0058515176931
305 15.6393276022 -18.259166774 -49.2104585913 0.0060212079999
306 15.306531942 -17.9873389749 -48.7596355807 0.00900150709916
307 14.7799957212 -17.77917874 -48.9368184002 0.00518376124372
308 14.4477095366 -17.4293872855 -48.6233553967 0.0222534517149
309 14.3034270543 -17.7184276798 -48.2639893207 0.0145262957188
310 14.1588455702 -18.0967627702 -48.2004035988 0.0167728759639
311 14.4003021495 -17.9158348338 -48.1741625507 0.0150551474071
312 14.3365293238 -17.8526612597 -47.9772891169 0.0111208041781
313 14.4739309028 -17.8195276867 -48.0504158018 0.0116875845553
314 14.4825457829 -17.7509228181 -48.1299828548 0.00782242175524
315 14.5560702806 -17.7475223658 -48.1443642241 0.00438940581755
316 14.6019577454 -17.7126122367 -48.1569128324 0.00738934951308
317 14.6294345339 -17.6909881613 -48.1586114289 0.010182489551
318 14.6230356512 -17.6946506584 -48.1505535373 0.00898851138457
