0 0.313124602608 0.755229726534 0.564403133983 0.00811633039947
1 0.522582038 1.45211549392 1.24072339052 0.00579788049095
2 0.751196308646 2.25044789735 1.78592744396 0.00810875828748
3 0.76308614531 2.3351631201 1.8351075812 8.28188452815e-05
4 0.826800956297 3.11595899678 2.44444422475 0.00763066657156
5 0.838961604177 3.8705780193 3.08890165864 0.00220961034843
6 0.763519812125 4.63520361442 3.71703421706 0.00455577684315
7 0.545864321263 5.38040026863 4.33521732373 0.0149584902541
8 0.223095818856 6.1353688066 4.89244691559 0.00413508109463
9 -0.296020863954 6.82786388203 5.37779782075 0.00636256552629
10 -0.752517803018 7.57095193214 5.85103613296 0.00329210078393
11 -1.2484474428 8.32062601008 6.27117591267 0.00436765134675
12 -1.62869470492 9.17925834658 6.59144029224 0.00509629768906
13 -2.0397142968 10.0192690654 6.92279552482 0.00565559727707
14 -2.54188275705 10.8185327258 7.22822566966 0.00449328761742
15 -3.14030535016 11.5706453975 7.47407170216 0.00473582609689
16 -3.78169482587 12.242525037 7.82247191379 0.00376459694998
17 -4.3844640299 12.8259124449 8.35210680253 0.00306868224753
18 -5.07606731917 13.3935063271 8.78064570397 0.00912807713509
19 -5.79230179617 13.9016823668 9.24193830362 0.00666446072432
20 -6.53223874722 14.2296836159 9.815425541 0.00598844624993
21 -7.32639531408 14.5387317301 10.3230612301 0.00300540906244
22 -8.10531227339 14.695992646 10.9167253249 0.00345725950347
23 -8.90657059196 14.7234818954 11.5007330737 0.00408527454298
24 -9.63993622616 14.6346963972 12.1626285151 0.00389482933748
25 -9.99217598893 14.6004905327 12.4971960105 0.000866721133506
26 -10.7740624655 14.5146133873 13.1008497865 0.00331619038862
27 -11.6020388479 14.4075196704 13.635677345 0.00764508057018
28 -12.5068228776 14.1388344389 13.9391149017 0.00516288720304
29 -13.4734866584 13.9275240593 13.8781507886 0.0101739319173
30 -14.4456197074 13.7339845766 13.8912952704 0.00261746815713
31 -15.3774364946 13.457985146 14.0867211603 0.0129456490267
32 -16.2688037431 13.0605976225 14.259989455 0.00496066327251
33 -16.9250563331 12.353362392 14.4870679953 0.00565193275681
34 -17.4512728645 11.5430507898 14.7080375284 0.0067440977923
35 -17.9355630994 10.7114856972 14.9451212964 0.00321912511842
36 -18.4005732305 9.87569321103 15.2047784448 0.0189733006393
37 -18.8570252917 9.0306324557 15.4486271542 0.00205434101904
38 -19.1981018628 8.15026475703 15.7495230575 0.00701337987447
39 -19.3027249433 7.32723808939 16.2913375522 0.0171421688193
40 -19.1456247664 6.54182054107 16.8745090787 0.00346431096595
41 -18.8249067848 5.73259462001 17.3476441972 0.00435098215508
42 -18.4751453842 4.85697650456 17.651648028 0.00689056860703
43 -17.9853682604 4.02406677658 17.8701023397 0.00285984755181
44 -17.4911936391 3.17615731166 18.0047559609 0.00579051778539
45 -16.9085632304 2.38354495431 18.120988314 0.0143954104589
46 -16.3369586179 1.63257659491 18.4215274789 0.00484933149599
47 -15.8521130293 0.919893025265 18.9093691546 0.00167367227267
48 -15.3928170886 0.165877451618 19.3582041384 0.00291213575443
49 -14.8824427527 -0.575085148235 19.7721883596 0.00385262453132
50 -14.169293604 -1.14408654741 20.1575182053 0.00112718810434
51 -13.4131121232 -1.5931098432 20.6129221621 0.00476237273358
52 -12.5507515679 -1.92555596284 20.9686444021 0.00292555777747
53 -11.6594338108 -2.06202129158 21.3780610404 0.00477776283772
54 -10.6762963566 -1.95505628514 21.4286743925 0.00485034492026
55 -9.72156742093 -1.75807789551 21.6024178041 0.00437032390932
56 -8.89188041558 -1.2456505215 21.4307721417 0.00375585774975
57 -8.14198634331 -0.603059699044 21.3594133933 0.00526346757973
58 -7.41195982506 0.0652847492782 21.384842229 0.00392858697484
59 -6.91437649421 0.90997156738 21.5231427067 0.00543797832989
60 -6.4444732042 1.77245491967 21.6473813811 0.004017270107
61 -6.04918645926 2.6773817578 21.577323909 0.00532942980676
62 -5.74628916606 3.61961597001 21.5570650189 0.00858889420413
63 -5.49243530703 4.57620378165 21.5748689059 0.0042104452414
64 -5.27344006596 5.53733205523 21.6644471129 0.00445968038171
65 -5.03153038571 6.49638908094 21.7013552325 0.00213934138502
66 -4.88974779622 7.47585702701 21.688077117 0.00569698932168
67 -4.92093577662 8.44743479538 21.5020272332 0.00554175938654
68 -4.9512300063 9.41392856479 21.2912414298 0.00722282915591
69 -4.79060546918 10.3632745878 21.0625980007 0.00712492740646
70 -4.77431818989 11.2692075035 20.6647678375 0.014929663278
71 -4.92587282154 12.2285047788 20.4757721447 0.0105025518539
72 -5.41288703736 13.0614596127 20.2572383115 0.00615345553867
73 -5.86454196074 13.8958103186 19.977026048 0.00407239219468
74 -6.38298576484 14.6605585774 19.6235147361 0.0039512472386
75 -6.85519067786 15.4636689103 19.291021126 0.00428662914314
76 -7.23160355735 16.1974009124 18.7447100796 0.00160795961181
77 -7.65042972519 16.8480967485 18.1285245298 0.00525193099056
78 -8.18297196177 17.2820499089 17.4168101904 0.00728966035664
79 -8.83818311258 17.7138630205 16.8147314827 0.00536392952356
80 -9.44301513577 18.2481880101 16.2430475104 0.00265538741314
81 -9.98928239356 18.8625085766 15.6932386399 0.00567635469677
82 -10.5723584829 19.5428236836 15.2747608123 0.0038093942373
83 -10.9356410021 20.4063048509 14.9581321419 0.00305297513634
84 -11.3015019437 21.2542968241 14.6048155088 0.00502607780325
85 -11.5844684626 22.0862539266 14.1515092503 0.00461968920458
86 -11.8040019477 22.9381856269 13.7002503047 0.00733449496758
87 -12.1662897267 23.7071760769 13.1953819626 0.00618168958357
88 -12.6526742066 24.4912265278 12.8404010057 0.00166156869024
89 -13.232946936 25.2224599701 12.515045579 0.00403425408249
90 -13.7293157098 26.0224509793 12.2136830368 0.00551664830992
91 -14.3181670965 26.6823539567 11.7722118465 0.00452782373057
92 -14.9622430958 27.2712189376 11.3080635597 0.00425586456467
93 -15.7220437811 27.7090265419 10.8520309589 0.00376956912152
94 -16.5782827731 28.0256370952 10.4732874532 0.0018521418873
95 -17.4007239809 28.5100853795 10.2170362802 0.00440169657424
96 -18.1448378516 29.1198617304 9.99091001851 0.00734893105329
97 -18.8943880667 29.679947229 9.67309214863 0.00604457080692
98 -19.6965245128 30.2360509538 9.51916262291 0.00422038908387
99 -20.439865146 30.8148739548 9.22131667683 0.00910135341468
100 -21.2027277165 31.3884498504 8.96607834052 0.00226614681395
101 -22.0051659154 31.8788985899 8.66340831962 0.00294629349472
102 -22.8325809566 32.2704930282 8.29185976966 0.00387508775357
103 -23.6293408677 32.4818342772 7.74734331613 0.0041971668901
104 -23.3179626735 32.8270801829 8.61908715585 0.0031606405578
105 -23.0852975484 33.1838755046 9.51048871717 0.00377219237207
106 -23.1430711766 33.7510455616 10.3172531991 0.00455574537467
107 -23.1060205466 34.3361100917 11.1123035191 0.00440177205852
108 -23.0924727729 34.8245605727 11.9707645347 0.00467696511177
109 -23.1564990286 35.2990309742 12.8347082599 0.00374667611834
110 -23.147562189 35.6584641227 13.7546565495 0.00480566558987
111 -23.2563263779 36.1216567954 14.6201320117 0.00334084166586
112 -23.2483795818 36.5190612437 15.5242244947 0.00479434435459
113 -23.264418691 36.8322895457 16.460665279 0.00694313645766
114 -23.1291769212 37.1072812607 17.3993977335 0.0060394968199
115 -23.1180951044 37.4643551289 18.319912211 0.0025174959228
116 -23.2118622869 37.8201947941 19.2361511339 0.00399684906297
117 -23.2478407743 38.1824289518 20.1539229936 0.00695221984328
118 -23.2080649236 38.4602033092 21.1004576893 0.00600787821419
119 -23.1684327597 38.6962401351 22.0581879841 0.00397027877255
120 -23.063023113 39.0784270984 22.9621852775 0.00666058067021
121 -23.1003636566 39.3335805982 23.9149531997 0.006104880296
122 -23.1724721621 39.5445169258 24.8764235188 0.00217855965085
123 -23.2711888386 39.7017623532 25.8457530816 0.00243527072437
124 -23.3956628952 39.8621039337 26.8115703717 0.00576784650988
125 -23.4124228914 40.1421424456 27.7576886611 0.00450014114444
126 -23.5592260245 40.2679944986 28.7253434257 0.00593785013368
127 -23.6055015226 40.3675840274 29.7059270208 0.00477468378497
128 -23.5121622024 40.4455967478 30.6850489082 0.00245868484905
129 -23.424784478 40.6721449135 31.6413092994 0.00680985165783
130 -23.3563050716 41.021212718 32.5614415793 0.0049416446598
131 -23.8272160845 41.6788611167 33.1258371926 0.00770470222093
132 -24.2433677485 42.3978214121 33.6573331585 0.00530208723483
133 -24.7615319726 43.06916566 34.1605397376 0.00599066632324
134 -25.270451574 43.8219875154 34.5432360936 0.0037343567981
135 -25.8775710869 44.495468028 34.9304351806 0.00589449753918
136 -26.2646165787 45.0915881377 35.6137480626 0.00253738278331
137 -26.8170723939 45.7113930557 36.1453052049 0.00217586979841
138 -27.2399856554 46.4765453283 36.6008338702 0.0030606210478
139 -27.6713695509 47.2710069399 36.9938287686 0.00407734945921
140 -28.296419027 47.8549500602 37.4836798061 0.000660433457575
141 -29.0026312138 48.3484621711 37.962549584 0.00406306934757
142 -29.7489473328 48.9905100116 37.9160415236 0.0036909369336
143 -30.5494003429 49.5569580791 38.0144441232 0.00859655749415
144 -31.45747761 49.9322942939 37.9400608865 0.00383474765078
145 -32.3815869434 50.2736421496 37.9200469154 0.0101998885864
146 -33.3018168881 50.6038043385 38.0415572998 0.00435978074787
147 -34.2540006654 50.8526813352 38.0846962601 0.00566550247444
148 -35.2272277602 50.9757161819 37.9953993616 0.0123389401393
149 -36.1549081626 51.1843579695 37.7388792628 0.00450619807125
150 -37.1054893847 51.4099861877 37.6154192732 0.00469819747824
151 -38.0832362843 51.526442512 37.6086921783 0.00592757753679
152 -39.0359284393 51.7625546028 37.6863848155 0.0142188547572
153 -40.0074080581 51.8695918834 37.8034881193 0.00212686805011
154 -40.0809773452 51.8770588813 37.8020060578 0.000248735128243
155 -41.0626500063 51.9472409083 37.7939996995 0.00287389503959
156 -42.0459413043 51.906465783 37.8009982018 0.00609645816698
157 -43.0085621354 51.7114494679 37.7401970996 0.00310694984463
158 -43.9185096363 52.0746398606 37.6488143726 0.00333766960371
159 -44.9005723567 52.1226001617 37.6114552277 0.0056705272105
160 -45.8637209431 52.3138149819 37.5503973742 0.0038832053367
161 -46.8262864782 52.4412217784 37.392104682 0.00630388504255
162 -47.7919538637 52.5208428851 37.222556333 0.00633865805082
163 -48.7709556263 52.6072625091 37.1845581167 0.00193622098725
164 -49.6975776493 52.8807479133 37.0004867966 0.00486013361662
165 -50.6587810102 52.8583919928 36.7937953577 0.00350091201001
166 -51.5331353679 53.2142440356 36.51830057 0.00467648271463
167 -52.3826328071 53.5682388387 36.1720087962 0.00286042858474
168 -53.2909043552 53.8925032792 35.9806517056 0.00486311224263
169 -54.2703834712 53.9673541651 35.9414364148 0.00204784414284
170 -55.2379286172 53.9766303048 35.7675698325 0.00417574988301
171 -56.1509908045 54.1751026549 35.4621785172 0.0141561616377
172 -57.0526923189 54.2419935357 35.0771000839 0.00468601881044
173 -57.9657166395 54.2118873951 34.7150060052 0.00486143235781
174 -58.8717566197 53.9707576885 34.4211330796 0.0265253496852
175 -59.7224082874 53.5409139119 34.1846129583 0.00369269799018
176 -60.5275318623 53.0214808959 33.9698562746 0.00553046103324
177 -61.2610958782 52.4223538464 33.7112734685 0.00238431252274
178 -61.9175449261 51.846993415 33.2618822064 0.00374325861124
179 -62.651286333 51.2647362 32.9681387799 0.00379843026211
180 -63.2697444677 50.5484988875 32.7073253449 0.00217784250737
181 -63.801896231 49.7421339562 32.5341731635 0.00368677274885
182 -64.2520676956 48.8741578864 32.4494410003 0.00343294634901
183 -64.6876708397 48.893558372 31.5699936011 0.0154804312495
184 -65.0625199261 48.9346552647 30.6640681565 0.00574888319717
185 -65.4902740644 49.1131057111 29.7684481542 0.00488272655835
186 -65.4603795321 48.9052825381 28.8109391015 0.00397326882583
187 -65.3199117411 48.7427563315 27.8546098113 0.00347327313919
188 -65.1276649139 48.7519726402 26.8936192997 0.00201357645778
189 -64.7026926038 48.8410243673 26.0150922614 0.0069276703414
190 -64.5203324647 49.022782332 25.0696886342 0.00496828237267
191 -64.5356713592 49.3637519273 24.151376985 0.00298648624206
192 -64.6444121553 49.7341832047 23.2510592237 0.00354233640443
193 -64.850732993 50.120563076 22.3749626359 0.00383138686368
194 -64.9967311144 50.2057914682 21.4102134306 0.00364894682585
195 -64.9910445816 50.2358862138 20.4313306258 0.00389144529226
196 -64.967420836 50.2054256165 19.4528325572 0.00795910241641
197 -65.3331890653 50.0888667821 18.5522540069 0.00398830081419
198 -65.4856569602 49.9601062162 17.5938953183 0.00703287379559
199 -65.7348049366 50.0024696787 16.6483764766 0.0108975582662
200 -65.9618520876 50.0012970682 15.696680165 0.00503181513792
201 -66.2024870537 49.7671435723 14.7778692346 0.00192238693407
202 -65.7732385074 49.7316634143 15.6560882234 0.0215264943353
203 -65.1399587361 49.7035203227 16.4000744743 0.00369978440242
204 -64.6941868278 49.9704847568 17.2278712303 0.00541870481259
205 -64.3531674355 50.1927023188 18.1163007036 0.00345770004291
206 -64.2440824554 50.6092312014 18.9934311512 0.00529222799744
207 -64.1630475444 51.2856557322 19.6934927188 0.00345139631956
208 -64.1113303277 51.9318884012 20.4240605397 0.0033377738829
209 -64.1228865048 52.5413029704 21.1871650793 0.00537073690578
210 -63.8589677239 53.4471081294 21.4380601117 0.00650499821559
211 -63.6383152647 54.3978020922 21.4481268268 0.00491987437134
212 -63.5083456383 55.3630086549 21.3867353314 0.00548116798264
213 -63.4224163451 56.3200450331 21.5559547414 0.00223759595006
214 -63.4889177374 57.175731618 22.0199800312 0.00583101412169
215 -63.9228620556 58.0011874062 22.3058958195 0.00378136531132
216 -64.4357483559 58.6897912339 22.7685574752 0.00299156342941
217 -64.9148233639 59.2191286521 23.4330552638 0.00538793703285
218 -65.5723078057 59.5043359712 24.0943114823 0.032911754777
219 -66.2903738251 59.6594805845 24.7336649095 0.0109930651811
220 -66.9596128019 60.2611054044 25.1045244615 0.00321283945996
221 -67.6831215808 60.8397217442 25.4025367146 0.00240917277408
222 -68.5634443306 61.2009239156 25.6060160179 0.00405654060727
223 -69.4744286852 61.5406439296 25.6403046912 0.00278606640522
224 -70.109267703 61.3855634758 26.3611800357 0.00577830270868
225 -70.6125076924 61.1908208187 27.1706341841 0.00640090093424
226 -71.1284668297 60.7102414254 27.8403378104 0.00808209342778
227 -71.7173195639 60.1689036085 28.3926667274 0.00466884141572
228 -72.1042968746 59.3816060959 28.8106982755 0.00653291264423
229 -72.7407984934 58.7944978059 29.2511094776 0.00406059609691
230 -73.4046284402 58.2372700511 29.6895862539 0.00251710652265
231 -74.1021542774 57.6646925821 30.0484220021 0.00538627421743
232 -74.6157135891 56.8441875576 30.1230943635 0.0081047131877
233 -75.0129313571 55.9674762661 30.2472480283 0.0032682647133
234 -75.1445722927 55.0172547103 30.3930975725 0.00409597037021
235 -75.4052984148 54.1081859237 30.1768069936 0.00426458866317
236 -75.6036354862 53.1828871935 29.9640944617 0.00495986326688
237 -75.6235305557 52.2193034077 29.8574911582 0.00577992255121
238 -75.4527311691 51.2765602176 30.0050288107 0.00349100307935
239 -74.9737955895 50.4468239057 29.8583309057 0.00276268543741
240 -74.2808707524 49.7735726934 29.9335652071 0.00770643361841
241 -73.4290385619 49.4241493014 30.2346864894 0.00371595516339
242 -72.6014437712 49.1625366251 30.6645192706 0.00415632234779
243 -71.7339684283 48.8020568508 30.8992245048 0.00249823379278
244 -70.8219686526 48.6006810085 31.1541778416 0.00689032791617
245 -69.9012350378 48.3723190241 31.3456002983 0.00456041659346
246 -69.296211307 47.6244834569 31.2420868807 0.00560537561718
247 -68.8102193043 46.8592345538 30.9048353964 0.0071591809217
248 -68.5101555882 46.2596293567 30.2079900843 0.00171170579843
249 -68.1139612372 45.868690863 29.4172174715 0.00669715027303
250 -67.4515496874 45.5731732125 28.7784608007 0.00267046990847
251 -66.6621630227 46.0797127869 28.5467042213 0.00423083800613
252 -65.8597852682 46.6091170676 28.4528652136 0.00429100942768
253 -65.1000223732 47.1960008719 28.5563661574 0.00394503594785
254 -64.5504326328 47.9410018664 28.8300747138 0.00469339310974
255 -64.8371761952 48.0857192419 29.7406476071 0.00158395361498
256 -64.7727420469 48.1785820497 30.6995266475 0.00680073003043
257 -64.8221878564 48.8398131035 31.400402021 0.00387041445805
258 -64.6529812959 49.5286884084 32.0539796446 0.00675047657137
259 -64.4087664836 50.1405868949 32.7579100123 0.00239406928607
260 -64.1220824168 50.7575900412 33.4408144827 0.00513760605168
261 -63.830829413 51.1936511513 34.2494115006 0.00336345979544
262 -63.5554601932 51.4799069639 35.1273309487 0.00190499395106
263 -63.2388914578 51.9019255854 35.9334328826 0.0113575036915
264 -62.6505921474 52.4040120023 36.5061541611 0.00946674870852
265 -62.4494637987 53.0550625301 37.1849286108 0.0039548070736
266 -62.4044161352 53.7875695067 37.80606017 0.00341167194778
267 -62.4562474469 54.6186207635 38.2860391174 0.00596249444516
268 -62.4774808803 55.3317943628 38.9294811775 0.00742767800177
269 -62.4209977633 55.9671238428 39.6473152687 0.00240066224957
270 -62.7887697564 56.7964229986 39.9607059801 0.00325635765667
271 -62.8681298813 57.6040342871 40.472951686 0.00647879477962
272 -63.1510202042 58.3275579351 41.0355255014 0.0027869408504
273 -63.5680639545 58.7478435108 41.7900740553 0.0036063703107
274 -64.2277999364 59.4394659759 41.8606333431 0.00640536771682
275 -65.0222785058 59.9704256077 41.927136245 0.0051096993337
276 -65.8573718255 60.3608394436 41.6683317757 0.00871706178344
277 -66.7352383704 60.7370420443 41.7235585991 0.00606356862154
278 -67.6221543716 60.7869734195 41.3696598596 0.00518393207481
279 -68.2526732919 61.0714775684 40.9373779509 0.00374392439551
280 -69.1484451333 61.2379538647 40.6770860208 0.00595625672518
281 -69.9519343754 61.1107048081 40.1923491157 0.00328011695114
282 -70.6443984999 60.5616742561 39.8534836035 0.00630639927336
283 -71.4033515256 60.0387727371 39.6421058222 0.00405653014423
284 -71.2671558607 59.1036488385 39.6471298128 0.0104755176955
285 -70.7267520823 58.5259065316 40.1619114487 0.0143338082961
286 -70.2035867978 57.9723449312 40.7159254005 0.0089616349622
287 -69.5035499098 57.5457254695 41.1767080171 0.00514241194393
288 -68.6504676628 57.3546984679 41.5209088297 0.00239598957067
289 -67.727592938 57.2400717228 41.6512250076 0.00635380844052
290 -66.887079465 56.8464884472 41.7874185862 0.00364093328068
291 -65.9931052521 57.0371576125 41.9955269924 0.00378390335841
292 -65.2909502399 57.4143606193 42.4882368614 0.0039761444213
293 -64.4457554727 57.8149849454 42.5268042612 0.00640086866519
294 -64.05243833 58.4470309936 43.0931336461 0.00317819097711
295 -63.6569754815 59.1448910362 43.5730144525 0.00579879789551
296 -63.0819745891 59.8404136342 43.8117874825 0.00482151018584
297 -63.1777944291 59.4414091178 44.6500417939 0.00308037928155
298 -63.2542678153 59.3914457701 45.5784662853 0.00516694026377
299 -63.3541832388 59.1660026587 46.4771172257 0.0149009894873
300 -63.6718057782 58.8297877794 47.2824816515 0.00390951991583
301 -63.6395127374 58.6866436827 48.1989476648 0.0105403905073
302 -63.8035784911 59.2572775551 48.9088441396 0.0057713155001
303 -63.8731792965 59.7996449035 49.6539631307 0.0128775534377
304 -63.8392010846 60.6214576764 50.0677071534 0.00548005945083
305 -64.5178688236 61.160161679 50.3746875697 0.00402945515329
306 -65.280415602 61.6568839149 50.496102366 0.0034149237373
307 -66.1625079642 61.9060712499 50.4628374608 0.00454078342807
308 -66.4119668405 61.9659344902 50.471390945 0.000657272930458
309 -67.3068553024 61.9356537772 50.5829081984 0.00936362014452
310 -68.0522884871 61.4823905578 50.3656938051 0.00475257125876
311 -68.6212715791 60.894792962 49.9963860072 0.00613257793154
312 -69.2616833043 60.3598196298 49.6726514778 0.0128451414295
313 -69.7409636485 59.9978522713 49.0153059807 0.00793932181021
314 -69.9893973521 59.2920488951 48.5396170351 0.0059098071644
315 -70.1627809897 58.4539169851 48.3196690085 0.004578185697
316 -70.3554580954 57.5972481106 48.3970669253 0.00646923861076
317 -70.3620511488 56.7205292251 48.3443370978 0.00341591123501
318 -69.9834744033 55.9516335545 48.5288026886 0.00609225157141
319 -69.6022792295 55.4354584054 49.1223424918 0.0043318403291
320 -69.3502997329 55.2164540305 49.9282499701 0.00496944344176
321 -69.8095838095 54.8985620229 50.5942012857 0.00417893271783
322 -70.0520925183 54.6097642429 51.3750185047 0.00143905942403
323 -70.603059833 54.5524669278 52.0406274411 0.0037482571755
324 -71.4356596324 54.4652299673 52.2500443844 0.00399953685521
325 -71.942789762 54.1729872517 52.8817648643 0.0085109876918
326 -72.1122403307 53.926453442 53.6840360279 0.00930311886621
327 -72.4278356285 53.2228034511 53.329495443 0.00380742950549
328 -72.4029089194 52.3898583898 53.1847412399 0.0081113742452
329 -72.0070057909 51.6674565842 53.022289937 0.00325297408771
330 -71.3801241821 51.1543202159 53.233070457 0.00225710765059
331 -70.8755497037 50.5212630551 53.0274495131 0.00426961412331
332 -70.2983753376 49.9642249141 52.8077113036 0.0062867184329
333 -69.5016224251 49.9138179636 52.595036525 0.00529328046296
334 -69.4748899688 50.7346073296 52.5959586727 0.0111308168226
335 -69.5762833474 51.5325122085 52.6940609575 0.00623882915456
336 -69.7058070343 52.308636014 52.5304401095 0.00595278612259
337 -70.4843509381 52.4059926647 52.4079805972 0.00667785297572
338 -71.0441265775 52.0391808128 51.9952152161 0.00511432193472
339 -71.187218725 51.3300297027 51.7051768393 0.01017659733
340 -71.122731178 50.5877639863 51.5318183037 0.00715417710935
341 -70.791439867 50.7278354359 50.8677718558 0.0122330479139
342 -70.8877203503 51.4130648211 50.6236782677 0.00209885420972
343 -70.8549597074 51.333099627 49.8973955199 0.00610103559573
344 -71.3936940629 50.8692280742 50.0018114494 0.010057151149
345 -72.0897898476 50.8434944959 50.0483502046 0.00568200946918
346 -72.6310765576 50.7229611369 50.4522171299 0.00349792921448
347 -73.3031933969 50.718977008 50.5359991835 0.015146847999
348 -73.8413854274 50.6789705114 50.8764908743 0.0047759331461
349 -74.4556883651 50.7843884329 50.898967395 0.007385073041
350 -74.7896518678 51.1928723104 51.1859312784 0.00782739399378
351 -74.7531391886 51.7122309806 50.9457338364 0.013016343074
352 -75.1216662315 51.5389021671 51.2728789154 0.00887126620388
353 -75.1830903484 51.0678403106 51.190637385 0.00840468692242
354 -75.3084595263 50.8096728924 50.8554731318 0.0139305608946
355 -75.0001391473 50.7154757845 51.014624172 0.00926055207117
356 -74.9973250658 50.5295557747 51.2504822838 0.0376452039977
357 -74.9047869135 50.5558360954 51.2913581158 0.0114808221771
358 -74.8896582913 50.5947736044 51.2471339324 0.0181097236225
359 -74.8929571128 50.5875929127 51.2546131752 0.00896505398605
