0 0.781609906386 0.278775009253 -0.54620133793 0.00583296128172
1 1.56302669427 0.433720526227 -1.13975623025 0.00512945270131
2 2.30260416092 0.54129984609 -1.79424267242 0.00437027612556
3 3.02973316052 0.573668844708 -2.47033824308 0.00353277499475
4 3.63902652887 0.68980432187 -3.24631848616 0.00344166882174
5 4.22273709749 0.800078787988 -4.04254090993 0.00130458595037
6 4.61951801282 1.0039617822 -4.93016024338 0.00229699596104
7 4.82251264694 1.24640193337 -5.87190839342 0.00496423296753
8 4.93297530374 1.53462107041 -6.81613271969 0.00448621418152
9 5.1554212025 1.61628975578 -7.78083461018 0.00640029498009
10 5.28317148899 1.54016261534 -8.76299451969 0.0357816045641
11 5.53802932857 1.5140885855 -9.72257399063 0.00519823216222
12 5.83432541926 1.36805681668 -10.6591908575 0.00400239871222
13 6.22965599027 1.31592212401 -11.5687596323 0.00396178119249
14 6.61309441865 1.18064693082 -12.4748265925 0.00831335900638
15 6.97564838701 0.974668304019 -13.3761202266 0.00358881552899
16 7.24268563765 0.911813506094 -14.3305482284 0.00177233237932
17 7.54277839525 0.763854106786 -15.2655453704 0.00325930146189
18 7.62729920094 0.609871865206 -15.8086559237 0.000539242467183
19 7.79314794797 0.321360237961 -16.7437563209 0.00597068426729
20 7.95852994072 -0.057722796026 -17.6459894166 0.00525999911091
21 8.16847444595 -0.578185490542 -18.4645427053 0.0053631736797
22 8.38112825617 -1.16410419888 -19.2368052066 0.00479185321902
23 8.69566465924 -1.67878046591 -20.0248673506 0.00791842340849
24 9.07722471412 -2.17831870484 -20.7927519509 0.00524338228484
25 9.54070179871 -2.81058114654 -21.401104357 0.00416016487857
26 10.1041123102 -3.12792110196 -22.1537854367 0.00348214472065
27 10.8120309424 -3.41634228059 -22.7864368143 0.00397206898689
28 11.5427617015 -3.70899520881 -23.3905204298 0.00479393972525
29 12.2843826783 -3.95983672507 -24.0000739587 0.00472950474938
30 13.1729062732 -4.15846253207 -24.3943359745 0.018340662526
31 14.0732738584 -4.27920909084 -24.7929835423 0.00647805623013
32 14.9690825528 -4.24226996203 -25.2175477187 0.00674003304401
33 15.8194039793 -4.11910079114 -25.7133447605 0.00523736918586
34 16.5938785432 -3.93010384141 -26.3036563846 0.00583509301744
35 17.4197608366 -3.90156536451 -26.8523103431 0.00498806527681
36 18.210117552 -3.80426070871 -27.4436982154 0.0135819859445
37 19.0874670393 -3.77023762636 -27.9049704326 0.00241450541717
38 19.8962763469 -3.57545254111 -28.4449247365 0.00563304066502
39 20.698152404 -3.20881369382 -28.8989546979 0.00411394983914
40 21.4405092418 -2.84225792336 -29.4449318732 0.00507467120075
41 22.1095108425 -2.42010133085 -30.0430314428 0.00265707157084
42 22.7970997343 -1.97667636434 -30.6034360888 0.00411523743737
43 23.548774269 -1.4922708519 -31.0320464281 0.00496720639108
44 24.0898249694 -0.722449729465 -31.3449740994 0.00433494489909
45 24.6818083703 0.00972229939967 -31.6559552592 0.00337633348124
46 25.0163124024 0.871396869513 -32.0148704684 0.0040224266678
47 25.0808468771 1.75698237299 -32.4561614389 0.00687944606368
48 24.9869063467 2.64028138951 -32.8966549993 0.00165569433428
49 24.7054363023 3.48979828396 -33.3234426235 0.00511687084815
50 24.4128669899 4.29746978702 -33.8184926122 0.00492918148177
51 24.1978992809 5.11754760745 -34.3325041427 0.00853137611943
52 23.899662291 5.94442957528 -34.790915602 0.00640743688554
53 23.6783913573 6.72528722939 -35.3601870572 0.00249802963809
54 23.5211206506 7.57527048046 -35.845475726 0.00723279132456
55 23.339549591 8.47173760919 -36.2275321693 0.00956199588747
56 23.16861168 9.32766094555 -36.6972746238 0.00321725727894
57 22.8220225399 10.1470583958 -37.1341888311 0.00294610663821
58 22.3999949869 10.969332313 -37.4921412613 0.00379684505946
59 21.9699696398 11.7545182901 -37.9174609827 0.00387678651031
60 21.8525092409 12.6590168945 -38.3052223125 0.00656493383076
61 21.6534771308 13.5497389715 -38.6914647311 0.00139007675626
62 21.416351873 14.4477588389 -39.0371329719 0.00506291887274
63 21.1298001104 15.3120032938 -39.4283669985 0.00422581479775
64 20.8743073219 16.1292274751 -39.9272985718 0.00513309466966
65 20.605324357 16.9457595804 -40.4201619584 0.00877270045288
66 20.4568652402 17.8054203497 -40.8900589717 0.00632369766295
67 20.2586813984 18.5794355035 -41.4760891098 0.00956960631866
68 19.903610206 19.3349919816 -42.0096717472 0.00418236619978
69 19.6801385309 20.1792204491 -42.4775487632 0.00398743658075
70 19.444117253 20.9697751335 -43.0260511743 0.0160936309159
71 19.2161625512 21.6563658559 -43.7027930639 0.0044843700872
72 19.092500136 22.4066446385 -44.3376588565 0.00374729534629
73 18.8521007571 23.1774741434 -44.9114316694 0.00357295988017
74 18.5130990222 23.7991433576 -45.6040967091 0.00633444820966
75 18.0080580141 24.2740757918 -46.3115307995 0.00448806293336
76 17.4609727764 24.6206221758 -47.0609605159 0.00309961205637
77 16.8314756759 24.8808996903 -47.7799657452 0.00356007176642
78 16.713179799 24.6838362502 -48.7434131977 0.00502613603914
79 16.257363735 24.0101501792 -49.308356339 0.00364159347564
80 15.9654761303 23.5554925392 -49.5828246822 0.00151330845566
81 15.4311343723 22.7576709112 -49.8200080563 0.0034263241512
82 14.8515957323 21.9838910965 -50.0288781515 0.0127935577832
83 14.1750948746 21.2694425325 -50.128273685 0.00776634131972
84 13.4701862699 20.5993643942 -50.30695328 0.00397218859609
85 12.8220636356 19.8702054226 -50.468234252 0.00245258810165
86 12.1788149692 19.1261294977 -50.5696013688 0.00210439802928
87 11.524762252 18.3900610559 -50.6594294067 0.00432732689551
88 10.8850004042 17.641258362 -50.7464016891 0.0153986172555
89 10.4848947482 16.7422090662 -50.8406456338 0.00470701678206
90 10.1644725605 15.8126798963 -50.9429489165 0.00519641570412
91 9.78868971484 14.8993496015 -50.9837629325 0.00273174240303
92 9.30987069094 14.0781415262 -51.254636 0.0103920522715
93 8.75934343448 13.3092159895 -51.541835003 0.00137232979745
94 8.33273394318 12.4829009096 -51.876500039 0.00686740924111
95 7.91652558123 11.6351382138 -52.1675433675 0.0049489409168
96 7.51776291112 10.7416278605 -52.3058658935 0.00185866538478
97 7.18764091316 10.2861981999 -53.1184710873 0.00101467878089
98 7.04608403722 9.75275618324 -53.9382932645 0.00279093527389
99 7.05924994151 9.20084065506 -54.7579661252 0.00485619799092
100 7.09626369602 8.56155124133 -55.5105882631 0.00304832073256
101 7.33245178534 8.12604850167 -56.3656057723 0.0023836764018
102 7.63428390015 7.68769753628 -57.1981808924 0.00613234920887
103 8.12676481006 7.3540066945 -57.9870955039 0.00239014248658
104 8.69948403949 7.17907786545 -58.7729782018 0.00213822797938
105 9.33713838102 7.00457015667 -59.5072014039 0.00769315519072
106 10.2085369496 6.72731329049 -59.880827711 0.0071987964826
107 11.0694530058 6.47457311025 -60.2938652723 0.00529643858021
108 11.9434026816 6.14689073156 -60.6168853654 0.00234292821635
109 12.7190994951 5.93241770556 -61.1894602632 0.00490182598341
110 13.2865423866 5.89350966726 -61.9969661506 0.0132536458115
111 13.860627623 6.02419060387 -62.7898111849 0.00317281757397
112 14.254434654 6.37270549902 -63.6256723303 0.00583203807938
113 14.5295394488 6.74422202501 -64.4982507662 0.00509313550139
114 14.7898804467 7.0762923941 -65.3909695571 0.0039006988748
115 14.2314515253 6.88334815638 -66.1820175447 0.00541023442922
116 13.7996242819 6.59045650958 -67.0201525236 0.00348533399327
117 13.2315675216 6.32796203297 -67.783697979 0.00265783438056
118 12.6429807865 6.1492907405 -68.555822772 0.00224691041082
119 12.5094616974 6.07739768767 -69.531343519 0.00589647663062
120 12.4700994002 6.32530006206 -70.4860526386 0.00248539615043
121 12.4133924258 6.57978510369 -71.4381202005 0.00282044421046
122 12.2103061747 6.53187403426 -72.4029064683 0.00659074349652
123 12.0172296532 6.43876655184 -73.3663581019 0.00535922220531
124 12.0380960794 6.32447140827 -74.3464436129 0.00318422601122
125 12.1498655653 6.36664616464 -75.3260936949 0.00510441655924
126 12.1007653623 6.56867948243 -76.2907769586 0.00343795570762
127 12.0963402767 6.70569431827 -77.2680038431 0.0038357471346
128 12.0991947108 6.8504580474 -78.2440675498 0.00553989345728
129 12.2884881596 7.03231194586 -79.1951700651 0.00520985250137
130 12.0625997074 7.41943727325 -80.0740381685 0.00420751801207
131 11.8856020442 7.51896828947 -81.0394547742 0.00128804160433
132 11.5395543624 7.77442429039 -81.927236075 0.00505273302945
133 11.4414896 8.06741715502 -82.8640433445 0.0042774937905
134 11.2817000467 8.34568041859 -83.7967746225 0.0044233344967
135 11.1608217098 8.65502886968 -84.7254938714 0.00381534317807
136 10.9175118688 8.7203958702 -85.6790520549 0.00640016456824
137 10.8143679644 8.75473302747 -86.6592443635 0.00565390666083
138 10.7718999344 8.71857602618 -87.6437906113 0.00633916581666
139 10.782028393 8.69481463466 -88.6294877318 0.00595456225626
140 10.8550643395 8.69587349433 -89.612727323 0.00593238546726
141 11.0617687639 8.77256929623 -90.5736102318 0.00522003557733
142 11.147431478 9.31039839973 -91.3952146086 0.00394127638074
143 11.2634112561 9.59748809588 -92.3310269958 0.00378752630323
144 11.4689907387 9.87627218102 -93.2538001897 0.00253200250074
145 11.699613063 10.1477772175 -94.1727747804 0.0108683487086
146 12.1876075266 10.2143058961 -95.0262791017 0.0227478904814
147 12.4393342282 10.3153869519 -95.9732959099 0.00515447746143
148 12.763955867 10.6012428936 -96.858231737 0.00630163213395
149 13.0524762244 10.9706237112 -97.7244312225 0.0046012796108
150 13.260517281 11.3637583712 -98.603075768 0.00732182665429
151 13.4787953164 11.8725027297 -99.4173804305 0.00345933012696
152 13.5395482506 12.1849333122 -100.34918021 0.00580393244696
153 13.5169616712 12.4814484591 -101.287764192 0.00641338427848
154 13.3782183441 12.8838574818 -102.175416189 0.00730037026101
155 13.2454220416 13.3625090712 -103.025172538 0.00258699659226
156 13.1763251225 13.8667687031 -103.867598488 0.00283800292929
157 12.8870723134 14.3904572731 -104.649049651 0.00488955716146
158 12.5810242011 15.1171770749 -105.237677242 0.00549133016185
159 12.4018736478 15.8122450334 -105.910672735 0.00447674876386
160 12.178837108 16.2698336874 -106.752688295 0.00420066982516
161 11.5519582963 16.7933411482 -107.301058448 0.00616749179855
162 11.0336845577 17.4354790528 -107.836380566 0.00443882427509
163 10.3543893738 18.0024112016 -108.265852975 0.00322279820578
164 9.6100575202 18.4001252464 -108.770844995 0.00307436758551
165 8.91447523203 18.7050013462 -109.39566808 0.00284903370707
166 8.21304237808 18.9548598107 -110.038053473 0.00477845495053
167 7.52996389412 19.0497283112 -110.739030596 0.00312946987707
168 6.84749783883 19.072023834 -111.446559629 0.000765505256599
169 6.2210155609 19.2070393587 -112.192313382 0.00311318699718
170 5.6612740849 19.349242078 -112.988086086 0.00316514517758
171 5.11790642491 19.5906833727 -113.771101809 0.00655403292528
172 5.07508551728 19.7358579323 -114.742540055 0.00390515690198
173 5.07241650272 20.0213771001 -115.683226138 0.00399382498362
174 5.01323085429 20.259772577 -116.635036399 0.00397658141656
175 4.73844085965 20.2831308443 -117.578466412 0.00318064134821
176 4.59862008836 20.2661144988 -118.55118728 0.00131700759789
177 4.48827922781 20.1813728108 -119.524130235 0.00196065024436
178 4.3683396097 20.0950407162 -120.495756386 0.00317535630485
179 4.1414485189 20.1357749798 -121.451064579 0.00339203476823
180 3.72757584152 20.1105352393 -122.341917642 0.00971790067097
181 3.54273109077 20.1310280286 -123.306621372 0.00521662846809
182 3.37931112075 20.020253706 -124.268935994 0.00179025514045
183 3.13614439125 19.6525785338 -125.146741615 0.00227724785324
184 3.16294607046 19.0940300436 -125.954204566 0.0176373536316
185 3.41567105831 18.3989729789 -126.599827444 0.00921551551528
186 3.55459091419 17.798278451 -127.363619434 0.00449182187853
187 3.64456554776 17.2438355614 -128.16851298 0.0259692210922
188 3.67727038491 16.7015968041 -128.985280756 0.00405271501584
189 3.89089514173 16.2980522443 -129.853375397 0.00395146600323
190 4.25716932157 16.0027670597 -130.713915549 0.00404932617328
191 4.5431914103 15.6185242111 -131.569621533 0.0038863688026
192 4.93053580486 15.3113849851 -132.416450782 0.00453335177624
193 5.44992110165 15.0722055789 -133.212848753 0.00728464511997
194 6.07363839181 15.0776769784 -133.969003227 0.00327275585322
195 6.65608932422 14.8836063203 -134.733044086 0.00524492040115
196 7.09628579304 14.7455351623 -135.597734128 0.00104307770791
197 7.60503131401 14.640072553 -136.428691355 0.00110251103304
198 7.99600758138 14.6509932633 -137.32728961 0.00165325910384
199 8.31437655813 14.6656917189 -138.254025366 0.00356964901528
200 8.66165201509 14.4735092383 -139.149939633 0.00481166728678
201 9.19207745867 14.3909548859 -139.969510326 0.00336615313297
202 9.72866389672 14.3446288913 -140.787812544 0.00609419008597
203 10.1636147694 14.2363418958 -141.658749402 0.00344464255655
204 10.7295402972 14.2817526621 -142.456772089 0.00267470263081
205 11.2537261593 14.3139253721 -143.28336842 0.00404130237338
206 11.6673865213 14.3521253001 -144.17013488 0.00316149264198
207 11.8088886211 14.5299697155 -145.122603954 0.0025437273063
208 11.8970000687 15.0017250298 -145.975989851 0.00624730371235
209 11.9179162822 15.5605613999 -146.779390305 0.0035373088472
210 12.0659625106 16.203556421 -147.502263091 0.00572167666135
211 12.0804514531 16.7664253957 -148.302666856 0.00725862657049
212 12.1971443368 17.291257066 -149.12011923 0.00465517049764
213 12.1285742018 17.7523969526 -149.98019668 0.0020625258815
214 12.2300477151 18.1950455357 -150.846650226 0.0038638226518
215 12.1764887595 18.5037664203 -151.773289493 0.00381857740098
216 12.0943497788 19.0799479034 -152.559230483 0.0118158179919
217 12.0595304127 19.7347972802 -153.284234645 0.00510365104525
218 12.3038025005 20.3834347342 -153.973384118 0.00342891398397
219 11.8557759427 21.1163044512 -154.439315588 0.00521655279213
220 11.2400878755 21.8634306379 -154.570356891 0.00882736654609
221 10.8901489758 22.6988929581 -154.935771508 0.00421582618408
222 10.5402251706 23.5600294044 -155.235234449 0.0042468129809
223 10.6033061319 24.4625338903 -155.602592932 0.00419351540809
224 10.9655653845 25.2819632839 -155.990525726 0.00279569643182
225 11.0014339512 26.2489798653 -156.118939936 0.00275096188942
226 10.8886485294 27.2168577095 -156.175497725 0.00264088864137
227 10.7367398449 28.1808064576 -156.191528417 0.00557505183644
228 10.7862464798 29.1553174909 -156.19758991 0.00590715190807
229 10.743275369 30.1114026746 -156.008260378 0.00649030769695
230 10.7225918217 31.0814787594 -155.909010712 0.00336585310003
231 10.5898565477 31.9712766353 -155.532386855 0.00409545559072
232 10.5568589737 32.8709857749 -155.157749805 0.00685237568009
233 10.3250208959 33.8076955196 -155.019337879 0.00239006483908
234 10.505212799 34.7609547648 -154.924573376 0.00557856704653
235 10.6630233099 35.7226401781 -154.9245679 0.00249265018743
236 10.649640487 36.6656840675 -155.169726976 0.00323634786725
237 10.7217739819 37.6077898814 -155.407650186 0.00302716333157
238 10.41339447 38.5209961508 -155.549337753 0.00190394537838
239 9.8698451128 39.3151272881 -155.700632366 0.00143304470635
240 9.30462335731 40.0491556262 -156.001730176 0.00192969663124
241 8.75494611972 40.8064192575 -156.272248804 0.00382901931253
242 8.18402685502 41.5756173516 -156.447843603 0.00291444549029
243 7.43690117356 42.1900984356 -156.559318862 0.00813350812483
244 6.76589576334 42.8952897264 -156.553772325 0.00223649821659
245 6.63859369866 43.4835623336 -155.788489101 0.0028341414625
246 6.45123295843 44.1179423792 -155.074277461 0.0071922895405
247 6.4627227739 44.69481985 -154.29053613 0.0048562165684
248 6.47712863407 45.0675774006 -153.391755762 0.00276624053493
249 6.08171415298 45.1271764087 -152.504729286 0.00395766816038
250 5.53346144155 44.9001728956 -151.733944486 0.016970474193
251 5.01634536758 44.705269268 -150.934285478 0.0086813966325
252 4.59769487824 44.2357253362 -150.193828205 0.00244222390612
253 4.09711963513 43.7575972661 -149.512256394 0.00512280852715
254 3.54838297107 43.1973752233 -148.939390036 0.00400296110481
255 3.34843856292 42.5102229981 -148.283094779 0.00464421553854
256 3.38077886917 41.7512544725 -147.678681098 0.0049529335906
257 4.16816503134 41.432629792 -147.209322034 0.00400948931971
258 4.928973405 40.9953348071 -146.795415281 0.016659765517
259 5.81897211845 40.6728303354 -146.586738471 0.00534368890937
260 6.77861570113 40.6001969844 -146.47314547 0.00410998055579
261 7.7456363789 40.6411148981 -146.429902857 0.00516321044625
262 8.64846488696 40.5629248598 -146.772043407 0.0263253514725
263 9.42271840387 41.0080373746 -147.143434533 0.00474653557292
264 10.1759940123 41.6029099624 -147.259918172 0.0054901031669
265 10.81305299 42.3076259768 -147.438257386 0.00436805192036
266 11.3179906491 43.1257423943 -147.535611885 0.00673569148794
267 11.7108404841 43.9968110078 -147.676680993 0.00316958912243
268 11.995066764 44.9188374151 -147.717723092 0.0011285300056
269 12.4777429681 45.7282112772 -147.506877113 0.00586008662798
270 13.1812552143 46.3342150966 -147.242900564 0.00442715175291
271 13.78104505 46.9176001097 -146.761834419 0.00485423568933
272 14.3867752059 47.6150913036 -146.483739211 0.00483336331312
273 14.7460294418 48.4678162545 -146.211827972 0.00542801115297
274 15.2639076278 49.2809384218 -146.209601035 0.00671216173177
275 15.5227920538 50.1041973227 -146.638505495 0.00487875620003
276 16.013057621 50.7512381787 -147.157335782 0.00296924899722
277 16.120943988 51.5416662647 -147.697177881 0.0102830149794
278 16.1058724837 52.3713412066 -148.184843621 0.00538567083078
279 16.0688945479 53.0628005078 -148.853011041 0.00572215364802
280 16.0316755372 53.7910942041 -149.480125571 0.0104150455401
281 15.6623111777 54.4551526963 -150.068447217 0.00471473367152
282 15.3772803397 54.9931418446 -150.811705428 0.00279778319512
283 15.1954790207 55.5386742399 -151.581179837 0.00382890182316
284 14.7249754042 56.0500438354 -152.243829909 0.00436997022183
285 14.0830583381 56.6519069646 -152.626756721 0.00444579130098
286 13.154458595 56.8322917445 -152.46786077 0.00540696716007
287 12.3728477157 56.3294584093 -152.232227886 0.00239038659373
288 11.5798710738 55.7910072438 -152.241428289 0.00252632190487
289 11.0137812056 55.0751629001 -151.948769788 0.00465023501209
290 10.8535713658 54.4074255788 -151.280378625 0.00243231872841
291 10.6870535136 54.1804202868 -150.364313421 0.00430778394086
292 10.5041404128 53.8131564046 -149.498710977 0.00458594682789
293 10.340444137 53.3562727674 -148.673354543 0.00205103964492
294 10.8100224542 53.1336232632 -147.869437429 0.00408001631869
295 11.339959942 53.4081230702 -147.12153319 0.0179697945649
296 11.6296592466 53.506763469 -146.21648772 0.00405623014626
297 12.0600147861 53.3803391075 -145.373472054 0.00349614176407
298 12.1871460128 52.8781742637 -144.571732724 0.00387444685868
299 12.7339281731 52.7725849523 -143.797001212 0.00600398645161
300 13.4893800685 52.5811064467 -143.248038674 0.00532219288122
301 14.3613857482 52.5391038823 -142.866862476 0.00280533678914
302 15.1610613709 52.5684576239 -142.350392758 0.00240840357064
303 16.02058492 52.5963376413 -141.941871496 0.0067231313309
304 16.6044322343 53.0244549348 -141.324414425 0.00496765387462
305 17.2068056304 53.5767483175 -140.838333105 0.00481223268923
306 17.7937822614 54.0142481201 -140.23219646 0.00743579286101
307 18.1524903192 54.5540568041 -139.538030691 0.00631747566893
308 18.4700830386 54.2858000224 -138.684735332 0.00702419362882
309 18.8799516162 53.824870524 -137.964625378 0.00346129655458
310 19.4412507647 53.294257306 -137.415774997 0.00469877711229
311 19.9967925884 52.8094863418 -136.821470807 0.00492245922026
312 20.5268282533 52.2479525498 -136.274388245 0.0161649838115
313 21.1524830459 51.5450577929 -136.200209997 0.00533067174972
314 21.9826715262 51.1302526425 -136.031746761 0.00539536861904
315 22.5882701479 50.4984734941 -135.681757623 0.00265873584698
316 23.000091605 50.0680322639 -134.951322137 0.0183900868427
317 23.6471377819 49.3933685279 -134.859574233 0.00278458154983
318 24.4324248014 48.9934958381 -134.535469032 0.0298998613491
319 25.2058842771 48.5079579562 -134.730506105 0.003961132252
320 25.8834492067 48.2627686636 -135.32389146 0.009353947028
321 26.2239874721 48.2870770232 -136.191260604 0.00801541159691
322 26.5131335447 48.275518528 -137.075748287 0.00505765851268
323 26.2964131399 48.0658199798 -137.955076298 0.00774621709814
324 25.7665644043 48.1541791469 -138.711521941 0.00207275192264
325 25.0665659394 48.3381373832 -139.290820959 0.00511337829017
326 24.2734069333 48.3296773173 -139.768280977 0.00345678995581
327 23.4182440039 48.0021507015 -139.897425725 0.00192115688826
328 22.7681265305 47.3487428476 -139.966972344 0.00435857838323
329 22.2167740808 46.6111252745 -140.034229937 0.0039881679251
330 21.4583967058 46.0876056235 -139.993468819 0.00498209639647
331 20.6121975318 45.7244528331 -140.020759849 0.00500935572649
332 20.0497516481 45.2167079705 -140.543164294 0.00358232086843
333 19.5297321809 44.7855311402 -141.167146423 0.0103101295006
334 18.9514669415 44.0835061384 -141.279642507 0.0046748299444
335 18.3121349885 43.4456968509 -141.428126321 0.00441786944706
336 18.4299890472 42.5991273405 -141.104104721 0.00572090888457
337 18.662154514 41.8328199756 -141.541913018 0.00820425746534
338 19.1427121239 41.1455927637 -141.895470571 0.00599830403708
339 19.5366383663 40.3524080369 -142.096295348 0.00410218057424
340 20.2565616441 39.8118432895 -142.20456258 0.0013978237333
341 20.7196258293 39.0336824115 -142.242215964 0.00431442735362
342 21.2000341074 38.3274428018 -142.541376584 0.00885094854809
343 21.7624039515 37.708579769 -142.879709687 0.00388402780758
344 22.2396306089 37.3947623196 -143.576886337 0.00454823680658
345 22.2248834682 37.4613810865 -144.474428193 0.00530321296404
346 22.3260278016 36.982378474 -145.227021938 0.00287605496935
347 22.3281589887 36.0898195646 -145.303699471 0.00331090760433
348 22.1348604424 35.2583240812 -145.57145518 0.00221071990392
349 21.8208694517 34.6195395182 -146.112645086 0.00597359468943
350 21.7746113391 33.7925456908 -146.442257023 0.0055637418028
351 21.4035392216 33.095643446 -146.851369769 0.00713747940922
352 20.8465900644 32.62508832 -147.35523394 0.00661151836412
353 20.6096000663 31.8199890256 -147.629616656 0.00558499684051
354 20.8409091343 30.972443567 -147.57571938 0.00293233533752
355 21.165560539 30.2613093273 -147.173715343 0.00396916560084
356 21.8221527984 29.7247183122 -146.950458926 0.00527670177139
357 22.6239265082 30.0306960314 -147.116546089 0.00440283792517
358 23.2765409557 30.5311337416 -146.827093073 0.00534227431471
359 23.5899651925 31.1592235616 -146.314407962 0.00557458508492
360 23.5491315164 31.9471410648 -146.670923208 0.00519107098366
361 23.670870382 32.7881688487 -146.523515266 0.0058526887421
362 23.229219809 33.5004127071 -146.335604082 0.00837764363535
363 22.4955449508 33.6437142473 -145.923413207 0.0073582800665
364 21.909957318 33.7763990699 -145.323282479 0.00778009720842
365 21.1725492036 33.5752626989 -144.968465971 0.00409666302973
366 21.0477741938 33.5781223714 -144.137037303 0.00405004090746
367 20.5099967687 33.0421989074 -143.786442864 0.00816721805725
368 20.8647928296 32.5984340796 -143.181475469 0.00543842193217
369 21.2402222115 32.3099888182 -142.505467234 0.00629457102199
370 22.0073745308 32.1161518234 -142.296264943 0.00663585323885
371 21.4017656813 32.6521759108 -142.226260741 0.00429863318056
372 21.4516216058 33.122066657 -141.570400232 0.00627839311881
373 21.5848829558 33.8970643941 -141.720113513 0.00633368771484
374 21.845702212 34.3781699872 -141.149011615 0.014148592361
375 22.1177129443 33.7727077812 -140.754980332 0.00631642269572
376 22.6516781825 33.3737194382 -140.384385716 0.0062592752162
377 23.1377746918 33.9434981073 -140.310165728 0.00295981337316
378 22.7032875048 34.4588664944 -140.634724761 0.00380343738595
379 23.0939622454 34.7583868027 -141.19047979 0.00871216587634
380 23.5061667202 35.34190613 -141.321069133 0.00982792726122
381 23.5432239072 36.031744718 -141.472656927 0.00618944470948
382 23.8678581527 36.5035944732 -141.07970678 0.00410453908546
383 24.3826185813 36.0793689751 -141.235259689 0.00786294155633
384 24.8990174956 36.4176009075 -140.984980838 0.0203113186589
385 25.1159934111 36.185147182 -140.465651083 0.00780269557108
386 25.6267114168 35.9079972011 -140.492584732 0.0157123074604
387 25.7377932839 35.4971045331 -140.792970862 0.0197613107701
388 25.7004396976 35.5198135459 -141.217934564 0.00862692097866
389 25.5528694693 35.7559651473 -140.964978471 0.0126740183173
390 25.3517548264 35.5461379199 -141.012556924 0.00958493230899
391 25.5411749869 35.5212162123 -141.155692156 0.0121136109024
392 25.4023034093 35.4153726693 -141.151617805 0.00419456230688
393 25.2951627726 35.3084087334 -141.123669684 0.00971698029614
394 25.2940647824 35.2311170427 -141.046603773 0.00926724257634
395 25.2256610144 35.2065095096 -141.05307583 0.0091638597475
396 25.2632723743 35.1915898764 -141.045688989 0.0112818165887
397 25.2531595262 35.1966884122 -141.039920087 0.00996534153628
