0 0.940685299452 0.0784374094647 -0.309645144046 0.00351683102457
1 1.83104793577 0.249748375856 -0.715617326454 0.00748118905509
2 2.71771759761 0.506624254367 -1.08258817655 0.00505276818985
3 3.59638249955 0.790702488924 -1.44870266752 0.0031435246229
4 4.43920808183 0.986592483822 -1.93661679337 0.00817730302221
5 5.30572029103 1.17293238034 -2.3851063845 0.0053548118318
6 6.18514482904 1.346611375 -2.8130153911 0.00922859591785
7 6.98748339825 1.47572408877 -3.3841471448 0.00238400238583
8 7.70370881622 1.5871702212 -4.06327812736 0.00371435660613
9 8.43152868221 1.717036962 -4.72659795634 0.00205752927085
10 9.13873596846 1.92563849439 -5.3921097592 0.00270158872379
11 9.91328328743 2.17175095837 -5.96308905567 0.00868462326979
12 10.6534557087 2.55640276135 -6.50217535562 0.00413648842804
13 11.3049175668 3.02939428995 -7.08379051018 0.00407060365623
14 12.0452951319 3.45637483878 -7.5896290579 0.00522914780375
15 12.8016122966 3.97330707978 -7.97308265661 0.00353142711213
16 13.5059118958 4.58686492835 -8.31033625618 0.00483335893238
17 14.117217539 5.2883193152 -8.65740284389 0.00305080907219
18 14.6240352257 6.08489110236 -8.96523892543 0.00278208424491
19 15.0545265664 6.94894643862 -9.19805672639 0.0068117063998
20 15.4539518241 7.82312840581 -9.44770054928 0.00788340475134
21 15.7957350275 8.74612530675 -9.57897410304 0.00279381792214
22 16.0516811324 9.69182863736 -9.74047996653 0.005851169693
23 16.071152689 10.6814881026 -9.81846616081 0.00480842143004
24 16.1083972503 11.669130586 -9.91342187302 0.00205848148396
25 15.9805559961 12.6537086634 -9.92248344305 0.00893477241542
26 15.9360250196 13.6446364384 -9.96505704073 0.00410137097825
27 15.7604660938 14.6192184055 -9.8939008139 0.00397620383041
28 15.3777309062 15.533268522 -9.95457242125 0.00441710313649
29 15.0275824544 16.4597997433 -10.022008269 0.00467481731887
30 14.6883971756 17.3818154433 -10.1648705897 0.00128384084533
31 14.2066423988 18.2400099915 -10.2951400776 0.00451028402291
32 13.6058912172 19.0024449212 -10.503246304 0.00209078027768
33 12.9028274356 19.6651853611 -10.7312262942 0.0098134948301
34 12.1646802838 20.2793872039 -10.9828163549 0.014110651405
35 11.448651257 20.9189107387 -11.2349498922 0.0117774409814
36 10.7204850037 21.5302656972 -11.5198378702 0.00174090964184
37 9.91241665502 22.0826691786 -11.6841134859 0.00660523247202
38 9.05415086195 22.5782646774 -11.7370323752 0.00146624772079
39 8.17159198934 23.031955981 -11.7535699326 0.00438314136247
40 7.29132900227 23.4472233663 -11.9476646993 0.00101702516724
41 6.42973617234 23.6724063752 -12.385798521 0.00433605498458
42 5.52619069496 23.8141864175 -12.7711010662 0.00344374410417
43 4.62867286761 23.947973746 -13.1729511828 0.0125265598562
44 3.69722569051 24.1329048226 -13.4610020495 0.00559350338277
45 2.74984165401 24.3272519613 -13.6832409643 0.00747610358316
46 1.77984777234 24.4993119334 -13.8020432846 0.00411895836235
47 0.816151588356 24.695989462 -13.9330772051 0.00299933265202
48 -0.164569794677 24.8127643898 -14.0283466106 0.00610413725066
49 -1.14234865126 24.9702373393 -14.0884191653 0.00309454878391
50 -2.08037359873 25.031579598 -14.4059017 0.00414367960807
51 -3.0144487454 25.0551699589 -14.7395967704 0.00695377185151
52 -3.96549264144 24.9326628786 -14.9941990763 0.00239285499088
53 -4.9190029073 24.7970340293 -15.2323347096 0.00597821657429
54 -5.82521629003 24.5662084509 -15.5635876948 0.00437208797519
55 -6.70635543305 24.2079796446 -15.8454379935 0.00358194435558
56 -7.58483566873 23.8748995715 -16.1639792619 0.0054893685214
57 -8.47399215336 23.4627489247 -16.3175590807 0.00526799836897
58 -9.39363499982 23.1259715885 -16.4751386234 0.00236661323769
59 -10.2989399836 22.7910834926 -16.7037121474 0.00341846892282
60 -11.174678591 22.4185838937 -16.9834726638 0.00287300781634
61 -11.2191745244 22.397116872 -16.9902609288 4.02798069344e-06
62 -12.1718424622 22.1317900705 -17.0348993946 0.0119733978378
63 -13.1212320135 21.9366420977 -16.8340097045 0.00284105826524
64 -14.0838125811 21.7558718478 -16.6908808987 0.00345377013027
65 -15.0346154685 21.5402646642 -16.5201269598 0.00839141972311
66 -15.9659071793 21.3782843032 -16.2268626384 0.00468149183307
67 -16.8825090334 21.0058245023 -16.2034096115 0.00357583985989
68 -17.7672794682 20.5707692879 -16.1180639933 0.00319928545419
69 -18.5401653053 19.9533528714 -16.0904588001 0.00185779041437
70 -19.3133617544 19.3592850072 -15.9215045786 0.00509440052179
71 -19.9422936693 18.6316379729 -15.6887193203 0.00626351867651
72 -20.5702035068 17.9510565786 -15.339912788 0.00294027414574
73 -21.0791218831 17.3581562472 -14.7327596032 0.00289409483656
74 -21.5720003074 16.6915814658 -14.1925432351 0.00340332243833
75 -21.9619436695 15.8948478256 -13.7541964575 0.00393633285746
76 -22.3264161763 15.0620635693 -13.363641313 0.00235522084261
77 -22.7489682329 14.2102885542 -13.0902156724 0.00390401794147
78 -23.0708790373 13.2749692337 -13.1071199333 0.00595226242886
79 -23.4151349879 12.3500189074 -13.0394310745 0.0163259027844
80 -23.7110944615 11.4078351861 -12.9844713761 0.00493875620531
81 -23.7170180425 10.4229654927 -12.8937628253 0.0033582751937
82 -23.2097225976 9.58162055579 -12.7799231194 0.00735898803927
83 -22.6734135278 8.7580242783 -12.8898783043 0.00405151441039
84 -22.014778066 8.03800668288 -13.0502822128 0.00190673195329
85 -21.3033279731 7.39849203234 -13.300866074 0.00323234947339
86 -20.4859173098 6.89055936312 -13.5282639232 0.00878250871628
87 -19.6941828095 6.50371209439 -13.9768799164 0.00744233667906
88 -18.8276814214 6.15142963699 -14.2972519662 0.00348410953558
89 -18.0278888125 5.80187442846 -14.5768807646 0.00650346282079
90 -17.0936134384 5.62702489514 -14.8465797114 0.00498912031089
91 -16.1100181786 5.60737782441 -14.9371267802 0.0034580946417
92 -15.1273912219 5.62363231363 -15.0378681862 0.00686489842715
93 -14.1430967875 5.69919974094 -15.0022840388 0.00489043774066
94 -13.1959506914 5.92541718497 -14.836594109 0.00427667364423
95 -12.2762628124 6.25606408462 -14.6935541698 0.00352908602846
96 -11.6216078995 6.66576232788 -14.077714898 0.00493710954684
97 -11.5699580694 7.03920003444 -13.1646763611 0.00640483191652
98 -11.5491338891 7.25100117776 -12.2001222116 0.00575886982383
99 -11.5395161256 7.39979651724 -11.2237496786 0.00286191680453
100 -11.2867783321 7.58371847567 -10.2868751288 0.00520228475165
101 -11.241989049 7.53423358843 -9.30153155978 0.00562255153508
102 -11.1789540048 7.37555638412 -8.32887399382 0.00580739894076
103 -11.1054811424 7.22278096785 -7.35607435282 0.00282590085116
104 -10.8890062173 7.1486847591 -6.3955283261 0.00553322386174
105 -10.4751096775 7.18109891277 -5.49973015017 0.00414477465462
106 -9.99513041541 7.40946328842 -4.66778275288 0.00484735694195
107 -9.45927131782 7.75773423936 -3.91541616129 0.00593085907506
108 -9.10277555735 8.14864468529 -3.0820470603 0.00394558805908
109 -8.736122825 8.60776154326 -2.28891721995 0.00242998706845
110 -8.26793961936 9.02644011582 -1.52753187039 0.00268723245802
111 -7.86869652599 9.3991807922 -0.705436888011 0.00495066967873
112 -7.5264877482 9.61058763149 0.195844586589 0.0060716563811
113 -7.33299924861 10.0203846324 1.07252204737 0.00301421471014
114 -7.30343549908 10.2768351987 2.02503460536 0.00217645037059
115 -7.37314290434 10.6386913785 2.94047711748 0.00544981757721
116 -7.50246215838 10.9329364916 3.87343220164 0.00617843600199
117 -7.8414492294 11.1567165714 4.77261542935 0.00425430585016
118 -8.06390154372 11.3738667467 5.70899215496 0.00367407594693
119 -8.27869597764 11.6185782419 6.64029192828 0.00339624133127
120 -8.66532791938 11.8498392123 7.51792435417 0.00542690539778
121 -9.1823864748 12.0828021314 8.32500727203 0.00504108496847
122 -9.82635713604 12.2556958769 9.05179454913 0.00302257168419
123 -10.5772505466 12.402772687 9.67403956114 0.00655794725322
124 -11.3486982946 12.3735245164 10.2876266638 0.00770929811368
125 -12.1471708123 12.2411355696 10.8507859764 0.00495634487819
126 -12.8790242298 12.1327845232 11.5025504636 0.00574441539809
127 -13.6069418695 11.9256424802 12.1343728583 0.00402163190765
128 -14.3409749248 11.6233026271 12.7188510848 0.0025736588714
129 -14.7723814035 11.1475790232 13.4668061601 0.0125858230366
130 -15.3645566494 10.8030305292 14.1753846202 0.00331885121791
131 -15.9386467271 10.1593958218 14.6522385463 0.00536624624428
132 -16.4661947361 9.6103113815 15.2778235664 0.00384656236769
133 -16.9769343713 9.06035103869 15.9163682428 0.0132506503897
134 -17.4758211352 8.48333992909 16.5399147095 0.00124120946322
135 -17.8388548557 7.89081230992 17.2383199981 0.00157709831479
136 -18.2971752258 7.33554570991 17.9107836403 0.00503548093833
137 -18.5680868543 6.63944995139 18.5530201787 0.00530379401645
138 -18.5910858289 5.92593265288 19.2317204108 0.00380552451327
139 -18.366949328 5.34547533669 19.9952949964 0.00212398129978
140 -17.9992132242 4.78105114467 20.7138407983 0.00503656717195
141 -17.4790949496 4.29277883401 21.3928042232 0.00295178891311
142 -16.9394377631 3.90838356741 22.1214172937 0.00575472882867
143 -16.4789709888 3.48509518842 22.8820119419 0.00356167510445
144 -16.1514444703 3.08473035109 23.719920952 0.0282852372777
145 -15.8707292817 2.831136735 24.6285879496 0.00474151917467
146 -15.7244200772 2.65330627324 25.5854809956 0.00483712766845
147 -15.5813695153 2.46038963805 26.5398528198 0.0032348236664
148 -15.4509802093 2.44629079587 27.5151560478 0.00371374354569
149 -15.206049814 2.34767298326 28.463070579 0.00826197807591
150 -14.9738937371 2.14282714877 29.3969308973 0.00301725142871
151 -14.7455405912 2.18695271897 30.3528480086 0.00580702094312
152 -14.646920376 2.33544870896 31.3202660878 0.00429635440938
153 -14.5265666898 2.3806632131 32.2954579194 0.00433125124867
154 -14.4023954475 2.60302692462 33.2454470195 0.00509124448607
155 -14.2673426546 2.7617822566 34.2065539289 0.00233911518508
156 -13.9278654371 3.11529173093 35.0590533899 0.00298206723285
157 -13.7911782702 3.51557184565 35.9467391664 0.00352317457795
158 -13.7969729402 3.97764362401 36.8146088464 0.00273653694615
159 -13.5010167634 4.60024808361 37.5155080198 0.00293189404169
160 -13.0384372653 5.16798761078 38.1712754202 0.00727239396606
161 -12.5221194006 5.74332612696 38.7782555433 0.00429968232576
162 -12.0831524345 6.41817524144 38.2145951084 0.00297209703794
163 -11.6673921272 7.16286892725 37.726499278 0.00501639246532
164 -11.5818594572 8.02017921475 37.2541020875 0.00246338262323
165 -11.6618907911 8.97952464252 37.0578917978 0.00895615804766
166 -11.8226264409 9.85032936154 37.4831396365 0.00386459571239
167 -12.0054558756 10.6484008015 38.0258549913 0.0019805188527
168 -12.3776488051 11.3445808671 38.6103532632 0.0153685947208
169 -12.5591836763 12.1269250796 39.1752992675 0.00394840774296
170 -12.1070482073 12.8025700547 39.725828052 0.00613291306369
171 -11.7293862199 13.5117620984 40.2898941219 0.00285581114187
172 -11.3276975874 14.1861000568 40.8794386546 0.0226786345012
173 -10.9395300783 14.9858376977 41.2945061874 0.00381665447557
174 -10.5496603664 15.8478307624 41.5538582019 0.00340531211417
175 -10.124083169 16.7086543882 41.7538258063 0.0256714791609
176 -10.238082619 17.6763012388 41.8613246209 0.00399031996885
177 -10.3767955608 18.645810167 41.9000939472 0.0031072044338
178 -10.628554351 19.5769742157 42.0736179725 0.00324786861351
179 -11.0583726453 20.4191909052 42.3312067807 0.00347671530802
180 -11.6116302441 21.1595894759 42.6567770413 0.00216876310714
181 -11.8969737707 21.9383209276 43.1787380269 0.00897968166609
182 -12.1757895339 22.6847662122 43.7487859037 0.00568741797264
183 -12.4507750439 23.5711177424 44.0621373496 0.00478903709916
184 -12.9630179208 24.3865715873 44.2403887995 0.00351401152904
185 -13.5420915138 25.1251809639 44.519872502 0.00402997765871
186 -14.2074442117 25.7288907832 44.9093112074 0.00392039440987
187 -14.9152532748 25.8244579434 45.5791628599 0.00884796993292
188 -15.5066963603 25.8732277438 46.3578076386 0.00661169778283
189 -15.7781246505 26.0442204293 47.2826776502 0.00441237966026
190 -15.9925276493 25.5464039497 48.0976170103 0.00347486931452
191 -16.1490341741 25.0138002214 48.9035656614 0.00326153615873
192 -16.2046706767 24.5440394502 49.7602017907 0.00663216522369
193 -16.1679479838 23.9375310246 50.5269581412 0.00584639723546
194 -16.0446546727 23.3298469334 51.283457585 0.00157222537933
195 -15.8885259508 22.7312056096 52.0410433743 0.00508289483953
196 -15.7887126668 22.2841639773 52.905169029 0.00344936981602
197 -15.5153781935 21.8021948262 53.7109242983 0.00521698545771
198 -14.9575268743 21.4983972457 54.4541443336 0.0064893208913
199 -14.3148451715 21.4160685754 55.1860255895 0.00993838439191
200 -13.7982224002 21.3364351692 56.0117009717 0.00680663011236
201 -13.4967469575 21.4223256203 56.9371387871 0.00420685596281
202 -13.3430802811 21.6145981771 57.8825942368 0.00463660133416
203 -13.3678783065 21.8123401354 58.8388771926 0.00416316759874
204 -13.2582553468 21.8670226453 59.8078677481 0.00729191366654
205 -12.9573185909 21.6734895757 60.7163676674 0.00212627604187
206 -12.8610544437 21.3164275329 61.6199630994 0.00175017567919
207 -12.8245326587 21.1063512813 62.5727167561 0.00313549518625
208 -12.5511188306 20.7722780452 63.448230272 0.00371715440339
209 -12.3016800044 20.5008409299 64.3519900967 0.00673073936702
210 -12.2549872109 20.2123674677 65.2830508695 0.0161112455311
211 -12.1009655542 19.8790112148 66.186529592 0.00272386787811
212 -11.9346186134 19.5747057816 67.0979411067 0.00356908740431
213 -11.6215834215 19.4467020805 68.0124468154 0.00468551782469
214 -11.3722284284 19.32954392 68.947589298 0.00648749647868
215 -10.9484811934 19.1008361278 69.7948913568 0.0028956967165
216 -10.668497806 18.7510566125 70.6602631841 0.00308191953854
217 -10.6168088365 18.3115786323 71.5283467381 0.0102015158931
218 -10.7722913295 18.0144781813 72.4428127 0.00277039250322
219 -10.7981496821 17.7195799118 73.3706432158 0.00514790017631
220 -10.6062405764 17.7093505397 74.325221769 0.00396342658345
221 -10.45295205 17.6401793018 75.2841652079 0.0053721160562
222 -10.2145955554 17.8433357126 76.2057306719 0.00386922116554
223 -9.92166841464 18.1579073203 77.0787830365 0.00266220573759
224 -9.67179566572 18.6055525492 77.9057495843 0.00301860832715
225 -9.42352241733 19.326379661 78.5098394732 0.0034939013574
226 -9.10877458973 20.0922420503 79.0198989702 0.00437788773072
227 -8.65956905807 20.8900266302 79.3470377436 0.00479076355451
228 -8.35145543029 21.7409889503 79.7017354153 0.00256139774206
229 -8.08743178922 22.5903149879 80.0936890735 0.00392668681951
230 -8.08170301726 23.5619239898 80.0813563407 0.0037594052474
231 -8.07580800471 23.9166148927 80.1101198281 0.00130487722093
232 -8.16977907647 24.5037579504 80.7129513222 0.0028815479592
233 -8.08210999555 25.1187346079 81.3664241439 0.00339621869554
234 -8.06139050487 25.9495182066 81.7117727544 0.00481969825604
235 -7.66641024739 26.6682445437 82.078115242 0.00460506504738
236 -7.6447496996 27.5417824064 82.2778367893 0.00518957472201
237 -7.66609493036 28.4351542867 82.3119286713 0.00940723886877
238 -7.20331110383 28.8085639882 82.9757299814 0.0026846997256
239 -6.63510820227 29.2654318567 83.4857575122 0.00815127213458
240 -6.15334646769 29.8952183479 83.8812411962 0.0053140603985
241 -5.70988825056 30.3001779021 84.5301089475 0.00411544290363
242 -5.10061462226 30.8859523055 84.7807928602 0.00382444606152
243 -4.52699160283 31.39568452 85.2114440481 0.0216042055904
244 -4.13884345835 32.1466771036 85.4099091583 0.00506797125575
245 -3.53019015529 32.5745315127 85.8525958683 0.0032231221237
246 -2.89152536798 32.7261125407 86.4144801971 0.00953700615772
247 -3.05033269077 32.7398773932 87.2584785831 0.00109725038237
248 -3.60706548814 32.7402599771 87.9108527944 0.0133862942347
249 -4.28572710408 33.1143968425 88.2548032682 0.00606651164496
250 -4.68897333956 33.8028464827 88.5278545985 0.00811186728484
251 -5.06365725626 33.5833458234 89.2444558668 0.0042916528834
252 -5.28947305448 33.716916451 90.0367931333 0.006703849569
253 -5.96806067282 33.9923434178 90.4226992954 0.00233283728145
254 -6.15287489127 34.199697772 91.2014221732 0.00594051409643
255 -6.1172189035 34.7818296603 91.778773043 0.00496203619142
256 -6.58908344761 34.7859367378 92.444640589 0.00780050801916
257 -6.73646480797 34.4406006697 93.1604548954 0.00841205965116
258 -6.27255442031 34.2713213186 93.7846329977 0.00605494955335
259 -5.97553273923 34.401039341 94.5038697284 0.00495580175155
260 -6.42170275009 34.5997101984 95.1148122012 0.0258938781102
261 -7.13077995795 34.7578836715 95.2682545342 0.0132135546619
262 -7.82256622187 34.5643803804 95.2420528546 0.0125286063107
263 -8.23351900604 34.0103611337 95.3095375474 0.00825160590588
264 -8.75140799811 33.5857898469 95.2334817202 0.0170272471753
265 -8.81442181131 32.9732601331 95.1088058995 0.0100517576417
266 -8.870408975 32.3798169188 95.1303342701 0.0239247550057
267 -8.55981784267 32.5527124503 94.7731375708 0.00842956914732
268 -8.30869839672 32.6841541364 95.1408696758 0.0136048652768
269 -8.159312565 32.4890946792 95.4470959845 0.0158664738004
270 -8.35975030179 32.5086647355 95.2384559322 0.0124594346712
271 -8.44937279446 32.5777446002 95.0509793183 0.00661430139188
272 -8.29624161088 32.5469070593 95.1485093264 0.00534404802092
273 -8.14963688184 32.6031623073 95.1374630988 0.0128278201287
274 -8.16792764419 32.6900462351 95.0926909535 0.0076701702535
275 -8.2003159982 32.6670410474 95.0350189373 0.00560813905728
276 -8.17653942411 32.7052622188 95.0572876453 0.00789892864752
277 -8.16147284176 32.6936616129 95.0764415877 0.014124871012
278 -8.16054113533 32.6928013896 95.0767058512 0.00197974494173
