0 0.682049850896 0.324879749735 -0.645176157807 0.0302857724978
1 1.31086309155 0.615629692227 -1.35708188314 0.0098719312026
2 1.93313320845 0.825593042646 -2.10231420556 0.00500457139347
3 2.43599013095 1.15702345593 -2.8922104363 0.00418129482662
4 2.63706233004 1.49726888904 -3.80350613964 0.00374631377542
5 2.91008567993 1.86635600475 -4.68432640475 0.00376750968569
6 3.31438700264 2.11470219788 -5.55693127893 0.00470599486802
7 3.62328682113 2.41367103624 -6.45233082766 0.00490541568315
8 3.90188755813 2.47721934934 -7.40357454259 0.00396342744425
9 4.18767756002 2.54485172452 -8.35238148716 0.00510471427507
10 4.40097069434 2.72601680322 -9.30533775149 0.0156213932476
11 4.67317409772 2.89751324963 -10.2449047656 0.0312527414273
12 4.91914561688 3.06926222192 -11.191478971 0.00263632424219
13 5.13800205411 3.21878921764 -12.1484144576 0.017685762268
14 5.45584527389 3.38539589531 -13.074165728 0.00521425163667
15 5.71047620693 3.43055621694 -14.0327507296 0.00787647415059
16 5.96890215753 3.61821709151 -14.9727906734 0.00407402783709
17 6.13212442849 3.89134166068 -15.9132145243 0.00538068265019
18 6.30984824253 4.23520981568 -16.8274021984 0.00516798496059
19 6.45312412309 4.47248701002 -17.2397133403 0.00199490269218
20 6.81563935223 4.96037290543 -18.0242914936 0.0116631945104
21 7.11299232552 5.56041999763 -18.7566801628 0.00411808126844
22 7.47452302737 6.14741008998 -19.4705117236 0.0080678847804
23 7.54755375348 6.77690658423 -20.2341540857 0.01271130345
24 7.53749044557 7.35186931149 -21.0428227381 0.00537177331574
25 7.48844832478 8.01550534954 -21.7788402642 0.00322524875511
26 7.39485956545 8.59513084087 -22.5787184189 0.00474917511606
27 7.32068584546 9.20098179792 -23.3609666113 0.00378578228723
28 7.32706534962 9.8281142806 -24.1297875225 0.00722238035893
29 7.20826621594 10.3323878646 -24.9759365003 0.00962295334611
30 6.91902957279 10.8533650778 -25.7691360506 0.00241230679852
31 6.61725036872 11.1819080494 -26.6552758043 0.00611508575407
32 6.26366971499 11.3752029479 -27.561814434 0.00474460438439
33 5.9382355148 11.5972752598 -28.4722638289 0.00309239759782
34 5.65721230813 11.7744533115 -29.407010758 0.00278296369021
35 5.3601129104 11.7893821368 -30.3533725215 0.00667032292229
36 5.00940010665 11.8464493469 -31.2795188934 0.0085385430886
37 4.68042411965 11.910135878 -32.2131275738 0.00576836593507
38 4.35743118998 11.963572527 -33.1494284004 0.0064765494961
39 4.02251228652 11.954195465 -34.0829708818 0.00260981411194
40 3.73050101582 11.8553680597 -35.0256776707 0.00484795543811
41 3.3629638458 11.9749132077 -35.9390697723 0.00347475384799
42 2.85733572804 12.0308853991 -36.7904182198 0.00522840313375
43 2.40689494543 12.0117173395 -37.6737494814 0.0041341492181
44 1.91371787335 11.8634871252 -38.5212601215 0.00707712895104
45 1.67881534185 11.3500416478 -39.3364666628 0.00541954912871
46 1.28800104481 10.8836557456 -40.1194309881 0.00602683526976
47 1.02941980053 10.4272865632 -40.960917148 0.0371095162323
48 0.717355383623 9.92438676619 -41.7561797455 0.00514245178351
49 0.256258578939 9.43452249703 -42.4842314722 0.00139328189353
50 -0.200707840038 8.86371592818 -43.1535260635 0.00593993548465
51 -0.54694171729 8.11319876482 -43.7006237947 0.00363547894728
52 -0.71024375117 7.31953010641 -44.2714575002 0.00324426095217
53 -0.877025966844 6.59743235986 -44.9296180051 0.0033315691964
54 -0.982717422968 5.8173710683 -45.5318504844 0.00678194212179
55 -1.39866816508 5.03408768096 -45.9741841592 0.00485966685756
56 -1.68485895847 4.19664380124 -46.4201923318 0.00469237924471
57 -1.86057770085 3.34116864196 -46.8885584284 0.00222322216724
58 -2.12239207508 2.53277899415 -47.3984823061 0.0034237373179
59 -2.48241658707 1.65483424705 -47.6840621279 0.00220500383908
60 -2.77197244935 0.793343093041 -48.0789577185 0.0334792694752
61 -2.94222704634 -0.0884818790868 -48.4971372249 0.00568698917395
62 -3.06529437255 -0.9887082244 -48.8918942047 0.00208032391235
63 -3.13080648807 -1.88620800727 -49.3060953076 0.0036963455936
64 -3.11902699365 -2.70221392243 -49.8676525433 0.00368742923516
65 -2.8015074575 -3.52584027007 -50.3171865971 0.0017698988762
66 -2.39666668787 -4.26753511479 -50.834145839 0.00244961506786
67 -1.88628656518 -4.96549329678 -51.3174398673 0.00485551345832
68 -1.15504785631 -5.52405728009 -51.6840428289 0.00548065409566
69 -0.363424820022 -6.02107386076 -52.0116353625 0.00489651617079
70 0.458433501882 -6.44508509188 -52.366182513 0.00401068790495
71 1.22027376203 -6.82109550808 -52.8752379825 0.00294197547219
72 2.02441985637 -7.02945093097 -53.4145188663 0.00384618127091
73 2.83265181419 -7.22571845574 -53.9521681809 0.00620523476957
74 3.64382461615 -7.2804391276 -54.5176275204 0.00435821413004
75 4.53316387627 -7.28595176519 -54.95314323 0.00193792947461
76 5.43281789178 -7.18743101593 -55.3550201334 0.002925221373
77 6.35716606947 -7.05704177171 -55.6853292359 0.00320393431453
78 7.29220153948 -6.9038071102 -55.9728931722 0.00143603846512
79 8.09777223187 -6.35901541691 -56.1591300243 0.00496199580257
80 8.80991962227 -5.70133643977 -56.360756013 0.00505717584399
81 9.47172103652 -4.96891100388 -56.4370909164 0.00703898401902
82 10.0784271475 -4.18658208623 -56.4343371417 0.00705921490392
83 10.6768062007 -3.40277212536 -56.5215684 0.00418636057208
84 11.23986043 -2.58857141805 -56.5215901556 0.0023650812704
85 11.849616164 -1.80980128896 -56.4812284275 0.00336931947516
86 12.2900508369 -0.978151504858 -56.1742017421 0.00476167631633
87 12.6313138817 -0.131112294061 -55.7922443605 0.00603704697306
88 12.927638059 0.794052237633 -55.6026394583 0.00912595575408
89 13.1578360057 1.7317375458 -55.3851752331 0.00527988946762
90 13.362391398 2.69529855335 -55.2895801868 0.00282575390487
91 13.5547377135 3.59936519123 -54.9359006548 0.00560730269283
92 13.7392586114 4.4967617631 -54.5617858813 0.00576302536625
93 13.7823650493 5.41154329756 -54.1868910224 0.00745512778518
94 13.6005442935 6.3149981114 -53.8266071692 0.00838904543057
95 13.3504889461 7.18450929328 -53.4261356827 0.00746182856041
96 13.0105967749 8.02272546738 -53.0252778214 0.00242547403257
97 12.5657974862 8.86539974374 -52.7592007445 0.00297614690576
98 11.9430874265 9.61551374135 -52.5911691141 0.00307665540296
99 11.2349612743 10.2946791965 -52.4650578087 0.00305792296979
100 10.4647682849 10.859646342 -52.2077850969 0.00378644049403
101 9.86081235283 11.6262104609 -52.0462109863 0.00237182180004
102 9.22911008329 12.3511472794 -51.814102375 0.000887650168479
103 8.54389978355 12.9819567224 -51.4808962583 0.00401452195383
104 7.88532955697 13.5998610825 -51.0773078839 0.0122111849844
105 7.06195937206 14.0450370788 -50.7578855565 0.00407815938283
106 6.21752454534 14.4945574442 -50.5070482046 0.00337145835313
107 5.37177523315 15.0069079134 -50.5202685653 0.002600961937
108 4.57757577248 15.5961001628 -50.5159053182 0.00565223678498
109 3.68398952367 16.018109109 -50.4809492883 0.00904091816114
110 2.71215891228 16.1961222906 -50.4423631208 0.00360288961118
111 1.74736485679 16.0120423977 -50.3289952264 0.00545479872918
112 0.793919449877 15.8062582722 -50.167575615 0.0107867606855
113 -0.140205004906 15.4828049537 -50.1627492238 0.00465313334595
114 -1.05724043269 15.1473309822 -50.3165392605 0.00166268986294
115 -1.92314449794 14.6874095812 -50.1908672359 0.00265029015481
116 -2.82771764174 14.3269709492 -50.0208875464 0.00123161898376
117 -3.67325562884 13.8163267031 -49.9843711574 0.00446016523851
118 -4.55283219945 13.3687111655 -49.9303417026 0.00170113410627
119 -5.31853277419 12.7638443962 -49.7730334944 0.00620801170702
120 -6.09498869098 12.2747710649 -50.1401090888 0.00458772734583
121 -6.74913630306 11.9583920567 -50.4177554873 0.00193135903423
122 -7.59305050388 11.5023206278 -50.6527201519 0.00433107986946
123 -8.33895325305 10.8946939023 -50.8756938538 0.00180838016479
124 -9.19188660442 10.4046006445 -50.9625954624 0.00341362337021
125 -9.94129448136 9.79088316899 -51.1547158675 0.00759300971813
126 -10.5638560572 9.04885896671 -51.3465762315 0.00505214155251
127 -11.1683724046 8.27196180767 -51.4230675739 0.00299742315744
128 -11.7635448961 7.49062204147 -51.5234085549 0.0129197354642
129 -12.3757218235 6.71910860631 -51.5903595153 0.00563130465823
130 -12.8862765395 5.87531229828 -51.6313291662 0.00502580624292
131 -13.4014919661 5.03348684468 -51.6410759744 0.0046955491639
132 -13.818633744 4.14782181967 -51.5158069022 0.00293689719925
133 -14.216929168 3.25864316034 -51.3584704188 0.00465474208937
134 -14.5326198645 2.33921135619 -51.1884645895 0.00417566481455
135 -14.8585418834 1.45272515112 -50.9025406892 0.00505526110006
136 -15.114633108 0.580547653253 -50.518535518 0.0046929220159
137 -15.3793160598 -0.163773148065 -49.9272342629 0.00512286543151
138 -15.7326527329 -0.745810302924 -49.2130669836 0.00555712880724
139 -16.1013741413 -1.3872946607 -48.5603734767 0.00281957006231
140 -16.6140329712 -2.05513525318 -48.0460891374 0.0020286893327
141 -17.1705290234 -2.75441325773 -47.6283019571 0.00657422834328
142 -17.7961430406 -3.36649688545 -47.1733016335 0.0037927430256
143 -18.5426544012 -3.82664383403 -46.7216962551 0.00521927821815
144 -19.3006719426 -4.19452605129 -46.2089378524 0.00454719843401
145 -20.002686733 -4.48509048734 -45.5800213647 0.00320001234843
146 -20.7174458389 -4.74499184587 -44.9521109126 0.00504305613236
147 -21.3708530069 -5.02902596245 -44.2702164064 0.00249506618946
148 -22.1011316677 -5.35361315718 -43.6924607289 0.00545028204603
149 -22.8409285323 -5.87355702193 -43.2992846317 0.019757149196
150 -23.6458823362 -6.34762384941 -42.984720825 0.00417390046575
151 -23.3908763173 -6.35674859646 -43.936983677 0.00112445844579
152 -23.0278618204 -6.09538446413 -44.8154633398 0.00663319289341
153 -22.72082195 -5.75836440819 -45.6894000501 0.00379355715829
154 -22.2336740086 -5.23706730385 -46.3693243982 0.00681075955816
155 -21.6395512853 -4.69839056818 -46.9419827947 0.00591493292147
156 -20.9992955417 -4.15074190925 -47.4528982073 0.00283775703498
157 -20.3099774327 -3.6191354802 -47.9144240624 0.00186536832141
158 -19.7310172447 -2.94695568316 -48.3430017948 0.00588743615177
159 -19.1966306432 -2.27591170879 -48.8274357193 0.00461507044573
160 -18.8792355191 -1.49298552503 -49.3340925662 0.00653222145078
161 -18.7823445212 -0.62907970128 -49.7971995656 0.00566317310182
162 -18.8184265314 0.313860881128 -50.0791610279 0.00310008649265
163 -18.750812632 1.14781475716 -50.5986713272 0.00229847886211
164 -18.7191466504 1.96841354326 -51.1422675035 0.00382904630355
165 -18.6985850157 2.78531330241 -51.6918263809 0.00188552649344
166 -18.7003244361 3.01522631736 -51.8521139705 0.000487169140247
167 -18.8632480825 3.82638084934 -52.3849869863 0.00587638542144
168 -18.8920598852 4.55770925843 -53.0427691609 0.00340744349866
169 -19.0684767957 5.34640366152 -53.6040213285 0.0090806287834
170 -19.3044600584 6.21564914225 -53.9996005619 0.00379589265599
171 -19.4850079187 6.98319959191 -54.5878169233 0.00389821421324
172 -19.7198645509 7.63695776746 -55.2843162387 0.00412329898252
173 -20.0069397392 8.23461625545 -56.0109090257 0.00909415104459
174 -20.3428667791 8.74979575499 -56.778367751 0.00243240167329
175 -20.6739122407 9.24259869065 -57.5624146959 0.00417968979803
176 -21.0644595721 9.89218457759 -58.1888368206 0.0208622421403
177 -21.4805256141 10.5634174369 -58.773995713 0.00134309785397
178 -21.7352947851 10.7626215086 -58.9919429349 0.00169923628082
179 -22.2988969753 11.2754278843 -59.5994685371 0.0069533234086
180 -22.4871087468 12.1740744776 -59.9250038695 0.00290297996383
181 -23.0022267475 12.9750295809 -60.1294872784 0.00499611566145
182 -23.5185379777 13.7393802045 -60.4418209412 0.00600960112632
183 -24.2513722396 14.1859392636 -60.9017594011 0.00569216495047
184 -24.9116356147 14.6955979982 -61.4036566271 0.00622421478777
185 -25.4895999835 15.2256153943 -61.9800457602 0.00326106353278
186 -26.1724067449 15.8393187858 -62.3023205066 0.00367978958584
187 -26.9211273274 16.3939135268 -62.5820369952 0.00409712404818
188 -27.6793918792 16.4764447958 -63.1858218357 0.00403642733026
189 -28.2885561599 16.5246652245 -63.9426519436 0.00738398596185
190 -28.8895731307 16.4954320276 -64.7065396666 0.000772024588548
191 -29.148710296 16.5164044839 -65.6436749221 0.00393296829689
192 -29.5320505805 16.9013866424 -66.4499686102 0.00606307180876
193 -29.8505764474 17.3057749426 -67.2744669372 0.00365366828899
194 -30.0782762496 17.345730628 -68.2185185196 0.00305077154339
195 -30.2520689257 17.2177277236 -69.1660587009 0.00446581634797
196 -30.597915452 17.0051970204 -70.0487469615 0.00593992639765
197 -31.4804139174 16.6011358391 -70.0250833264 0.0225122035027
198 -32.3570414801 16.2536539123 -69.7984217948 0.00264603354992
199 -33.2170178686 15.8812957601 -69.5491368433 0.0025638338871
200 -33.9942129419 15.3079507719 -69.4637362017 0.00257710529242
201 -34.781286296 14.77369811 -69.2768726994 0.0269291638857
202 -35.2761205952 13.9916912856 -68.9926804294 0.0125285587151
203 -35.5521517221 13.1990547305 -68.5115068875 0.00792917055361
204 -35.6560808797 12.2998426783 -68.1714822075 0.00372382460133
205 -35.5474357098 11.7329002772 -67.3956591063 0.0012213477947
206 -35.9458751744 11.037156435 -66.8554429668 0.00352943705612
207 -36.0666874596 10.176397699 -66.4328056938 0.00478366055539
208 -36.0938897909 9.29579182735 -66.0361342037 0.00551766263705
209 -36.0605742947 8.42903109761 -65.6112107541 0.00531606918177
210 -35.6938478055 7.64011831565 -65.1923516371 0.00458848050053
211 -35.0328585925 7.08924936331 -64.7548313653 0.00566629159002
212 -34.3753590954 6.56835025287 -64.2778574035 0.0041954837821
213 -33.4509533837 6.38479283508 -64.0724450049 0.00668387880741
214 -32.6462764588 6.13542975358 -63.6032911254 0.00362490401021
215 -31.736561025 5.84093680787 -63.4817187559 0.0022166378985
216 -30.8256775636 5.70734244495 -63.1965364303 0.00315156629364
217 -29.9014044397 5.97507508039 -63.1473175661 0.00270221866097
218 -28.9661113753 5.91787568267 -62.9236078862 0.0108507271268
219 -28.0541910594 6.17563319831 -62.7545251244 0.00334598987717
220 -27.1243070584 6.39238706234 -62.6341529681 0.0106508457479
221 -26.3107186834 6.81934331938 -62.3503421464 0.00712423696685
222 -25.388642719 7.07350193507 -62.4443724237 0.00239982123482
223 -24.5042993468 6.92823107791 -62.7912054246 0.00400118360522
224 -23.6427658854 6.78791695546 -63.1924570437 0.00358891216808
225 -22.6940970429 6.91800042602 -63.119621322 0.00276059408696
226 -21.8716828868 7.25201872067 -62.7535283705 0.00952331290106
227 -21.1642396267 7.78990049011 -62.3919802573 0.00249063932562
228 -20.3272028177 8.20748287038 -62.1798376921 0.00583990163795
229 -19.5981577352 8.82561302765 -62.1060156219 0.00388743182731
230 -19.1689747933 9.604868228 -62.4625989525 0.00263779003392
231 -18.7026550252 10.3441655023 -62.8552655801 0.00218157858528
232 -18.6167627474 11.1208110075 -63.4097960173 0.00587205891863
233 -18.990732784 11.9992963978 -63.4811272545 0.00269520615217
234 -19.282516273 12.9016620434 -63.3513418164 0.00504962238632
235 -19.68149445 13.7632650659 -63.4690107191 0.00231595602925
236 -20.0857205741 14.3265608492 -64.1284722866 0.00431074551352
237 -20.7906381211 14.8103722366 -64.5568523649 0.00495727799604
238 -21.5898927173 15.1960071868 -64.9118445727 0.00219462093277
239 -22.0549018272 15.9454552384 -65.2796221812 0.0101358620941
240 -22.5904381468 16.5280115766 -65.813834778 0.00686982074236
241 -23.1269526516 17.126941894 -66.3273326564 0.00136905637782
242 -23.7316056756 17.7840510824 -66.6625385713 0.00514736979002
243 -24.2916460989 18.3685771542 -67.1662001249 0.0197532553668
244 -24.7219454998 18.9855783596 -67.7487310403 0.00420658638242
245 -24.8579770493 19.3015512961 -68.0643587166 0.00286829705404
246 -25.0505443611 19.8427033869 -68.815001036 0.00269664433021
247 -25.2077740281 20.3667596784 -69.5853306842 0.00214564551069
248 -25.812222389 20.5877864589 -70.2765639925 0.00786798661196
249 -26.6529038555 20.4983372191 -70.6945101822 0.00411569979144
250 -27.208474993 20.5854293126 -69.9376752129 0.00760258650791
251 -27.762644331 20.6093529404 -69.1765515214 0.00478154000259
252 -28.4879568936 20.3614489822 -68.6310298072 0.0054934825409
253 -29.1874048813 19.8648934095 -68.2469983065 0.00926900931816
254 -29.5732646876 19.016113452 -68.1423156812 0.00942820770099
255 -29.9336266626 18.1618343404 -68.0091648302 0.00642355140156
256 -29.9385964167 17.2272345314 -67.9666934939 0.0029063192811
257 -30.2555179646 16.4189845385 -67.6190007108 0.00632404565845
258 -30.6106399122 15.5859643372 -67.3902392222 0.00212957443431
259 -30.8317090398 14.7020019992 -67.1868570786 0.00851072809401
260 -30.8282391026 13.7860883929 -67.0143711453 0.00730926822398
261 -30.7427413718 12.8786241017 -67.202136938 0.00557436038002
262 -31.0066410946 12.0348640827 -67.4894185909 0.00501644143705
263 -31.1569100681 11.1386385192 -67.2988576735 0.00507793216473
264 -31.1465970598 10.2157765701 -67.3900333806 0.004285847958
265 -31.1523934552 9.33547070139 -67.6791620026 0.0039002352708
266 -31.5286498112 8.49317164813 -67.6030598891 0.00349637371914
267 -32.178459246 8.05916370653 -67.1077662509 0.0128032238963
268 -32.4379456062 7.63692941899 -66.32949242 0.00564485043441
269 -32.9486314266 7.00572930032 -65.8951565526 0.00532007859434
270 -33.1678060855 6.16690995125 -65.5892894274 0.0047202612254
271 -33.4524880959 5.32244932806 -65.368529182 0.0033930227336
272 -33.4071597344 4.40669729732 -65.3908372438 0.00238516231862
273 -33.6807566564 3.53688022441 -65.2982183726 0.00454014846767
274 -33.7477575953 2.63071249774 -65.4084496529 0.00424377603501
275 -33.6994706601 2.0295077869 -66.0961934355 0.0037899749779
276 -33.7433902038 1.59236343907 -66.8975807256 0.00539672676573
277 -33.3027871399 1.17907492288 -67.5809806311 0.00745720044674
278 -32.6587842058 1.21797434728 -68.2224843759 0.00753956654881
279 -32.0994656033 1.48328208615 -68.8860869896 0.00358947234988
280 -32.0591697794 1.62935563068 -69.1967957375 0.00109160023946
281 -32.2694073546 1.80192595312 -70.0393351348 0.00789863125979
282 -32.1805762942 2.29512277929 -70.7643543966 0.00580349410111
283 -31.8933424983 2.35892296697 -71.5924392299 0.00462478246173
284 -32.2378814594 2.05231711564 -72.3374665225 0.00614839628485
285 -32.8221711032 2.08989669023 -72.9846769387 0.00620930050679
286 -33.6370629684 2.14372231352 -73.28083571 0.0075915804716
287 -34.3937712092 2.19435659429 -73.6957320747 0.0199415675614
288 -35.1273619147 2.2078890195 -74.1282397099 0.00604077581535
289 -35.9501081484 2.05742335282 -74.2623311693 0.00482291148707
290 -36.6470636279 1.69135830667 -74.5656688601 0.0112030670804
291 -36.3015086288 1.35820536242 -73.8816211926 0.00771644025942
292 -35.8880955828 0.88467505161 -73.3416251651 0.00460041732265
293 -35.1829757879 0.675072664778 -72.9698620469 0.007960558828
294 -34.5361032812 0.352830665371 -72.5894535143 0.00508022402769
295 -33.9006000082 0.282608317989 -72.0891210855 0.00677480157062
296 -33.8967313447 0.28879528783 -72.082435066 4.49997836096e-05
297 -33.4580106308 0.814850902543 -71.7817100851 0.00635782624119
298 -34.0804541553 0.425201716546 -71.84627529 0.00167288487917
299 -33.9296605727 -0.18177848696 -72.2317698844 0.00708837351717
300 -33.6631326888 -0.695652441996 -72.6631284803 0.00447063089288
301 -33.6663261448 -0.58611406307 -73.3689247901 0.00790726889346
302 -33.6368303328 -1.02399471021 -73.9107448255 0.0232481846482
303 -33.3354646397 -1.34698671651 -74.372686963 0.00893384794478
304 -32.9554960366 -0.886918811179 -74.5072009014 0.0101406355056
305 -32.6739247668 -0.50688369703 -74.8390486599 0.00671722631285
306 -32.5925119453 -0.41933165843 -74.2987310087 0.00988930162597
307 -33.0659092149 -0.23365648965 -74.3543069538 0.0134192396656
308 -33.4550181449 -0.0162536406335 -74.4000656244 0.0121060963795
309 -33.8179511731 0.089061091217 -74.351275834 0.00579646729664
310 -33.8892345444 0.266069094741 -74.0660418495 0.00701518842327
311 -33.7343983884 0.274471212257 -73.8109086395 0.0120709202089
312 -33.7552611623 0.0479959910873 -73.7894414321 0.0128245544149
313 -33.8865730106 0.0598166125651 -73.8833351623 0.0096067223839
314 -33.8519632824 0.156370898162 -73.827863285 0.00828431438545
315 -33.9054110331 0.149431946975 -73.8913268905 0.00533803320365
316 -33.9440189631 0.107250592579 -73.8640098106 0.00302247051123
317 -33.9880362357 0.126378578901 -73.8859682712 0.00963801894333
318 -34.0091562655 0.113960690167 -73.8853304889 0.00899585454158
319 -34.0092128324 0.116568522375 -73.8796743001 0.00612814884213
