0 -0.175562758148 -0.248045280815 0.945910438909 0.00406313974553
1 -0.32458376703 -0.520917694397 1.88951715193 0.00779911404893
2 -0.451025690406 -0.781088193516 2.83994913902 0.00407715083025
3 -0.437042066881 -1.05352405701 3.7952227979 0.00342220777409
4 -0.353647776354 -1.41294558411 4.71760197957 0.00263499450066
5 -0.0634261967431 -1.80245012621 5.58416692742 0.00273030539992
6 0.576124692853 -2.09057661538 6.28755496179 0.00642041574579
7 1.21067431252 -2.24757777635 7.03552087656 0.00822670025148
8 1.55725815174 -2.50623621085 7.92978757442 0.00212085526592
9 1.94768932339 -2.67963057072 8.82656950196 0.00528560782511
10 2.41340471815 -2.86729334819 9.68362825669 0.00767944889725
11 2.80475690153 -3.06984971729 10.5738065343 0.00727734638927
12 3.14760132158 -3.35602234133 11.4609930235 0.00753458325731
13 3.46076809403 -3.7131167485 12.3332736218 0.00429051565339
14 3.4647679706 -4.54574151972 12.8746027963 0.00442401996318
15 3.54977396214 -5.41411786241 13.3488997838 0.0024552796458
16 3.79826408894 -6.25481622482 13.8155000255 0.000807196755366
17 4.0406481929 -7.09636578021 14.2837671243 0.00746887492068
18 4.3244669105 -7.94281332917 14.7186546245 0.00516720350598
19 4.61086959896 -8.84455647426 15.0201764967 0.00179409071132
20 4.96017268587 -9.69885246046 15.38656649 0.0023318414658
21 5.34906774937 -10.58145096 15.6228211066 0.00421375492144
22 5.77391368686 -11.4394730302 15.8860760858 0.0043888445783
23 6.2844831505 -12.216192624 16.2353544882 0.00586084732172
24 6.91269601131 -12.8933833593 16.5996043363 0.00534450302935
25 7.50314158347 -13.5969182074 16.9768052055 0.00647249159081
26 8.15803999741 -14.1846250448 17.4367297726 0.00295525892546
27 8.84918905568 -14.6947682505 17.9345940472 0.0035842245768
28 9.69319995073 -14.9584752989 18.3861036146 0.00507753544221
29 10.5405979469 -15.2041951401 18.8413468406 0.0035688958693
30 11.3894832351 -15.4264050222 19.3057729508 0.00528517049954
31 12.1863538397 -15.5972002496 19.8727604431 0.00456673563154
32 13.030984262 -15.7776782436 20.3622610421 0.00380101975702
33 13.8867378075 -16.0228550046 20.8017026016 0.0113884150031
34 14.7383390241 -16.2036894775 21.2786755554 0.00643506727815
35 15.5162395443 -16.408916114 21.8601769412 0.0032731856198
36 16.3767547581 -16.5425891539 22.3365964345 0.00259403827746
37 17.2091722228 -16.6445531133 22.8676351239 0.00243831740857
38 17.9721867842 -16.7687933449 23.4902842565 0.00327483682777
39 18.7462087293 -16.914446963 24.0943990719 0.00620825450173
40 19.5617496783 -17.0940022337 24.6309151018 0.00665679328016
41 20.3272031052 -17.1801510448 25.2568647583 0.00719677577326
42 21.1559477472 -17.2760910317 25.7944802481 0.00396134354622
43 21.9752680125 -17.360926731 26.3481340499 0.00606395153496
44 22.7397384163 -17.2805149421 26.9759017975 0.00427242388136
45 23.3899815374 -17.0453007892 27.6878111199 0.00228298172191
46 24.0659243297 -16.8124761514 28.3761555402 0.000950507154784
47 24.9495117725 -16.674316284 28.8063012643 0.00199642659277
48 25.7852435488 -16.5035556537 29.3134801989 0.00440164470686
49 26.4946119122 -16.1356584484 29.9019195651 0.00477228029508
50 27.0767291263 -15.6617335914 30.5510075908 0.00818358150227
51 27.521597469 -15.0387329677 31.1823934708 0.00347913287997
52 27.7883099946 -14.4420875774 31.9290979757 0.0040304392529
53 28.0595029073 -13.8675723103 32.6913561278 0.00429091413304
54 28.1908993732 -13.1732837966 33.3879744808 0.0061688110632
55 28.2783151343 -12.5046445953 34.1158495504 0.00448437878944
56 28.217937979 -11.7632791238 34.7724909698 0.00264717185719
57 28.1445471979 -10.8713322737 35.200738278 0.00701697505956
58 28.0641450251 -9.94752059699 35.5533904866 0.00526599435146
59 28.5025004094 -9.1335312742 35.9132006202 0.00251066793369
60 28.9192585696 -8.3555498107 36.3662417988 0.00767248635864
61 29.2543131899 -7.51689734423 36.7767185056 0.00593936024133
62 29.5880871473 -6.66995910112 37.1708108379 0.00207064244853
63 29.8858480485 -5.83754293339 37.6207314359 0.00330873966339
64 30.3140136088 -4.96771678524 37.410964946 0.0115146040062
65 30.6653106872 -4.0559215189 37.2406569627 0.00258563597856
66 30.9009873916 -3.10176868196 37.1072402312 0.00416940944928
67 31.1921253247 -2.16018570175 36.9960648365 0.00371688140641
68 31.1739512209 -1.20193739914 36.7409188413 0.00117849001287
69 31.2520337975 -0.257442059974 36.4485275473 0.00525965308368
70 31.2237310161 0.613383251044 35.9747152597 0.0047862193963
71 31.1946098315 1.45290158011 35.4475022425 0.0068048819636
72 31.214281013 2.23886787763 34.8430156544 0.00377429256845
73 31.1186384902 3.12070917488 34.3995644559 0.00433165592875
74 31.029445975 3.97623943331 33.9060942371 0.00360474165307
75 30.9482524269 4.76647605125 33.312528891 0.00482804707683
76 30.7828150292 5.54188305041 32.7169609217 0.0022506659178
77 30.4798752967 6.25721058692 32.1006494759 0.00175198995881
78 30.1370625091 6.93355842222 31.4616464101 0.00404505672336
79 29.8768207555 7.64197780307 30.8184832203 0.00399132327645
80 29.5643647695 8.29118199662 30.1372256129 0.00593352068105
81 29.249301716 8.86797829164 29.3947986123 0.00702858824225
82 29.1971099521 9.65711615969 28.7968449618 0.00699916349345
83 29.1795238814 10.3668376015 28.1047884353 0.00482133830398
84 29.1380377705 11.0529846447 27.3903769133 0.00535096265263
85 29.146449245 11.7785555198 26.7148820684 0.00173323026744
86 28.6872780593 12.4919031947 26.2020129002 0.0181906545873
87 28.2004783985 13.2664914525 25.8205682277 0.00381957882059
88 27.6118653082 14.0104633671 25.5334603385 0.00620518918309
89 26.9804794673 14.7276240056 25.2701455326 0.00267781983696
90 26.3227179226 15.3837235229 24.9249446892 0.0068996032262
91 25.6374733299 16.0066497864 24.571971738 0.00130565796507
92 24.8391499129 16.4199252504 24.154758129 0.00426686825888
93 24.1529802113 17.0275603053 23.7778416418 0.00212627362942
94 23.3690035009 17.4989156815 23.3966707253 0.00262721857329
95 22.5124778128 17.8329661931 23.0267769681 0.00295668584285
96 21.5734077423 17.9559571638 22.735210867 0.00435517306256
97 20.6364802132 17.9401916012 22.4129487933 0.00444332331956
98 19.693430357 17.9431218256 22.1087833971 0.00257051362396
99 18.7491186097 17.8298828135 21.8307920137 0.00932259037244
100 17.8106520621 17.7374640187 21.5267568602 0.00295849683143
101 16.864644778 17.5590745336 21.2924683724 0.00427195920888
102 15.9555437471 17.2476530231 21.0513570516 0.00569836790844
103 15.1350442154 17.1499469449 20.5047227832 0.00427004165793
104 14.6879674966 16.8482401709 19.6736203353 0.00364591642983
105 14.2116838098 16.6041002661 18.8398736279 0.00446023668848
106 13.7444429044 16.2544050661 18.0393109503 0.00328775102283
107 13.2006572181 16.0063771794 17.249230652 0.00734320825095
108 12.4947730828 15.8753032509 16.5667095578 0.00504686379088
109 11.7890226619 15.8374604455 15.8726624505 0.0031335077838
110 11.0991738896 15.9429301708 15.1696982664 0.00183243474485
111 10.3410513996 16.0088948701 14.5356514662 0.00430985979111
112 9.5340383237 16.1342744274 13.9752657135 0.00629983948863
113 8.68390059697 16.2740809106 13.4867771248 0.00330022113212
114 7.78985015389 16.3211285926 13.0633493914 0.00334540013319
115 6.85434775085 16.2492246077 12.7464614123 0.00121601038573
116 5.94180078421 16.0754314438 12.4032506999 0.0018786872457
117 5.07929491697 15.7326617947 12.0578475539 0.00650320139445
118 4.23927659405 15.3561949761 11.6928064102 0.00336622651492
119 3.3613592403 14.9882595576 11.4199969044 0.00520101192471
120 2.45978457669 14.5902989405 11.323942875 0.00502078175807
121 1.54714202203 14.2115678152 11.3871875617 0.00416597099273
122 0.561615018017 14.2512188647 11.4735113916 0.0032105066479
123 -0.373656704442 14.3513944842 11.7825366561 0.0042086076499
124 -1.34537404544 14.3354018689 11.9714439506 0.00449207160239
125 -2.33493048968 14.3096871832 11.9858495364 0.00421105689496
126 -3.32191181246 14.2412276827 12.0205308662 0.00440842248849
127 -4.28717059863 14.0517551323 12.1315621867 0.00994368346826
128 -5.23385848901 13.8084294443 12.2876541782 0.00383996856706
129 -6.16167201435 13.5541590912 12.5205579894 0.00336049071727
130 -6.98179410567 13.1877473961 12.9363245241 0.00696985500211
131 -7.71235578509 12.8017826405 13.4812601876 0.0110899259673
132 -8.29918106761 12.3981231448 14.1684355244 0.00209843065623
133 -8.9057920517 12.0437445029 14.8655167682 0.00696939524592
134 -9.59525239176 11.6532304092 15.458355403 0.000683150315263
135 -10.2735755304 11.3156230533 16.094924751 0.00587839530999
136 -10.9565725081 11.0268027956 16.7501534872 0.00355985262186
137 -11.6460490186 10.8207553749 17.4293749187 0.00330121115167
138 -12.3926578438 10.5369804435 18.0134300944 0.00242990391544
139 -13.1433322129 10.1512180055 18.5298393808 0.00433499689794
140 -13.9247547485 9.69220851369 18.9267965909 0.00196862892284
141 -14.6095052727 9.03548185632 19.207240174 0.00335944605025
142 -14.1038206302 8.21934985681 19.4459124105 0.0032648129623
143 -13.4807134068 7.5134079244 19.749374616 0.00443267712365
144 -12.7218014283 6.94372778106 20.0289038702 0.00936573126024
145 -11.8821248381 6.53662763008 20.3570340143 0.00594949286037
146 -11.0653704331 6.17220977871 20.779506931 0.00828753085708
147 -10.1990478874 5.82619653061 21.1080625209 0.00290323796576
148 -9.39233086995 5.43316807914 21.5238676813 0.00404252217469
149 -8.55143082951 5.07467378718 21.9012771006 0.00956455372061
150 -7.78021086729 4.59676576857 22.2946121756 0.00481344255504
151 -6.9574577312 4.22165149926 22.6948165232 0.00653049903531
152 -6.08471652739 3.88014757471 23.0100040409 0.00492997067398
153 -5.17365476995 3.65693192843 23.3225550083 0.0204495319235
154 -4.23242325756 3.36452166509 23.397902372 0.00419840324337
155 -3.2967241846 3.15503800532 23.6379347592 0.00318414703944
156 -2.34624269156 2.93299022995 23.79360242 0.0023780694177
157 -1.37647151541 2.85495197562 23.9678425331 0.00382441924288
158 -0.388883021822 2.89298182241 23.9617922962 0.00297430123386
159 0.595286472254 2.80664620423 23.9351774904 0.00473470278912
160 1.57655519766 2.88010374328 23.8436862712 0.00468764641603
161 2.4448450008 3.32593009261 23.6891763238 0.00420217017534
162 3.22664648351 3.91568743576 23.5571082077 0.00133493458522
163 3.98243705214 4.55021860281 23.5062608229 0.00597800121238
164 4.7076838497 5.19769958217 23.3299012468 0.0049020474815
165 5.25447593403 6.02062392031 23.3264390741 0.00801483624631
166 5.80393854051 6.83586872923 23.4238697538 0.018051986222
167 6.24414577703 7.71570995771 23.5117241991 0.00436174178353
168 6.62532557844 8.6236713752 23.588074894 0.00341796620635
169 6.83348823426 9.57928548943 23.7256201346 0.00437424093707
170 7.0620906248 10.5358192952 23.6354671428 0.00325056257086
171 7.11695986457 11.5214273013 23.6066322074 0.00505039535626
172 6.83114088175 12.4480821941 23.4201374357 0.00317104708148
173 6.36473051204 13.3026946753 23.2552633681 0.00416180362284
174 5.94579261069 14.14326652 22.9503948803 0.00283102035006
175 5.60558921733 15.0071526284 22.6143608319 0.00998188184455
176 5.43270025036 15.853806667 22.136810246 0.0117878907198
177 5.2929784498 16.7491322013 21.7452493036 0.00262280343696
178 4.89252920145 17.5961425785 21.4344849231 0.00388285038887
179 4.48744023622 18.4464920998 21.1394097596 0.00365420305469
180 3.89914244591 19.1940653477 20.8763468298 0.00446992979388
181 3.24847394808 19.92011171 20.722993091 0.00349098780695
182 2.56617918301 20.5722078069 20.4345253294 0.0230215887991
183 1.83828486234 21.1454703884 20.0955072014 0.00197325017462
184 0.997945332146 21.6296995635 19.9147982867 0.00315297632577
185 0.106484908787 22.0287587798 19.7759991385 0.00375936733381
186 -0.857557891841 22.1519572436 19.6069910065 0.00381373308197
187 -1.77315376119 22.4866990745 19.4564979251 0.00612880264798
188 -2.72744271079 22.6970846958 19.3226315735 0.00146363367083
189 -3.68554430924 22.9245388422 19.3783925708 0.00670283858438
190 -4.66561978163 23.0250819527 19.4227111152 0.00350615051147
191 -5.64306496024 22.9729136601 19.542754286 0.00173139584312
192 -6.62697839658 22.9722601237 19.6090311053 0.00622404030987
193 -7.61259360505 23.0015151998 19.6056547602 0.00479521087828
194 -8.57984962266 22.8885253558 19.451280606 0.00569124030979
195 -9.52765620577 22.7423456387 19.2225226354 0.00332263065717
196 -10.4060387279 22.3754676778 18.9660207382 0.00390589953416
197 -11.2917639078 22.0462338455 18.6850585833 0.0043983577174
198 -12.0562959305 21.5833514418 18.2691328166 0.00666394716505
199 -12.9266698633 21.2079528467 17.998859988 0.00299417168619
200 -13.5458396663 20.5775541844 17.5621458468 0.0042126482134
201 -14.1685262365 19.8859242879 17.2377432384 0.0101065138279
202 -14.7371360268 19.158623204 16.8931408007 0.00840891164428
203 -15.3895160821 18.5431874771 16.4851640625 0.00845505059567
204 -15.8760662616 17.8079925327 16.045483296 0.00238230290725
205 -16.4718798774 17.0390622886 15.8900651005 0.00584475636282
206 -16.9943087548 16.2298555672 15.6839512758 0.00626134883581
207 -17.56326246 15.4500095637 15.4885958896 0.00189996776149
208 -17.9607319845 14.6236630947 15.1291679476 0.0101982488006
209 -18.0445201192 13.7572139604 14.6687518434 0.00513033630243
210 -18.1222077357 12.8726462895 14.2432395679 0.00348295132275
211 -18.1043700141 11.8883724355 14.227933859 0.00422945616001
212 -18.233988425 10.920356093 14.1039973179 0.00478883857462
213 -18.7840242888 10.1209999953 14.2699959681 0.00230722554386
214 -18.9110827494 9.14795906581 14.3476136758 0.00288410517147
215 -19.0187213743 8.16963817939 14.3610212836 0.00439690571027
216 -19.2760898279 7.23397173068 14.1966007355 0.00400759647223
217 -19.1390689308 6.29006180022 13.9539377276 0.00907295130232
218 -19.2069540886 5.34412745599 13.6914094565 0.00334021513648
219 -19.2090943181 4.38120080343 13.4890281907 0.00351671196196
220 -19.3215664927 3.41927005203 13.3155305453 0.00806139711216
221 -19.4515226153 2.51012070505 12.962840656 0.00783742899786
222 -19.517200324 1.63527457233 12.5179537755 0.00427397274323
223 -19.4349430751 0.69717631268 12.2340886148 0.00647336676332
224 -19.4643581273 -0.258231078393 12.0028854934 0.00657406212466
225 -19.4808167921 -1.23069091906 11.8582688177 0.0154552120821
226 -19.3153490026 -2.19196509547 11.7364012329 0.00309830427929
227 -19.0912507585 -3.14191944117 11.6200955659 0.0053098456636
228 -18.6910497039 -4.03680418297 11.5495872813 0.00409325665652
229 -18.0030146523 -4.71319829455 11.7364257395 0.00227524188526
230 -17.1696331994 -5.23228974208 11.7779089652 0.00217331144786
231 -16.4152895504 -5.85938236891 11.8356819031 0.00098537776961
232 -15.653607289 -6.46812928547 11.9575533479 0.0126117483463
233 -14.8818669417 -7.03724332351 12.1711605957 0.003223723693
234 -13.978292276 -7.32382850984 12.428854661 0.00446200830298
235 -13.062855158 -7.49541974276 12.7408696084 0.00392806847023
236 -12.1509469026 -7.59495376601 13.0918586712 0.0040629150051
237 -11.2018202757 -7.64646452742 13.3387931618 0.00480560087118
238 -10.308259432 -8.05361960744 13.3415374292 0.00395108412747
239 -9.49790235989 -8.60740293031 13.3148216958 0.00232331170303
240 -8.56136424055 -8.9012632824 13.2921841772 0.00715436964082
241 -7.65583841118 -9.24581299552 13.1341054668 0.00327476013407
242 -6.79356882507 -9.71410990166 13.1073962971 0.00447530491403
243 -5.96604328697 -10.2396839815 13.0593910398 0.00209017406606
244 -5.09815189991 -10.6953907855 13.107721045 0.00438236460358
245 -4.22758001094 -11.1114000707 12.9285357763 0.007592896017
246 -3.3171780239 -11.4772800513 12.9255698011 0.0053265090111
247 -2.37344432866 -11.6934580578 13.0840602012 0.00237727079608
248 -1.42870615752 -11.4767011606 13.2352637489 0.00668362654762
249 -0.559072079866 -11.0706788166 13.4376621822 0.00381292372799
250 0.282587715906 -10.6350993659 13.6902509214 0.00356119322642
251 0.782673632681 -10.0136028955 14.2608519186 0.00249019313055
252 0.970590378011 -9.26811281404 14.8697650445 0.0125585060724
253 0.667650205123 -8.64773565674 15.5659595264 0.00302976579513
254 0.327921198229 -8.0723567379 16.283403593 0.00263892947644
255 0.0938805478019 -7.46892677374 17.0197402503 0.00311670395629
256 -0.0300928024002 -6.90737646697 17.8136518294 0.00331329820382
257 -0.357530988415 -6.21543102507 18.4257497096 0.00180850289977
258 -0.698336718208 -5.57070220647 19.0805723291 0.00314455298838
259 -0.962042488154 -4.84605713986 19.6853591231 0.00500121752918
260 -1.26534261945 -4.3713882426 20.4872693721 0.00459188276207
261 -1.81145893414 -3.9838902231 21.202561635 0.00418474916122
262 -2.62247731308 -3.76835918682 21.7079780099 0.00221850415056
263 -3.48545299972 -3.40839829506 21.9997287271 0.0042206065762
264 -4.44836434742 -3.28305318175 22.1271709807 0.00287983008837
265 -5.39062428371 -3.27747847926 22.3939208075 0.00451545024676
266 -6.19327025295 -3.6718648025 22.7927760181 0.0028557595042
267 -6.96625978954 -4.10032871647 23.2142440813 0.00384554379696
268 -7.55468032524 -4.66253596028 23.7585740608 0.00549389130357
269 -8.03739882036 -5.33397618538 24.2824561728 0.00340654855297
270 -8.58851588061 -5.88329605443 24.8763352489 0.00226338975628
271 -9.16813897767 -6.36306335884 25.5023872018 0.00530413409142
272 -9.32986617637 -7.23876249534 25.9081208661 0.00431414597257
273 -9.02993913988 -8.12316094262 26.2000289097 0.00417551806237
274 -8.74782781212 -8.91191407683 26.7055005859 0.00658004940872
275 -8.49012099877 -9.64406012522 27.3008762814 0.00464857704563
276 -8.09551712328 -10.3538031915 27.8460069523 0.00381571841959
277 -7.55776766902 -11.1488517407 28.0328767717 0.00149515297515
278 -6.95266099704 -11.8743605093 27.7806571132 0.00752682814085
279 -6.37038089877 -12.616765341 27.5247732775 0.00461391102745
280 -5.98435136716 -13.5067589056 27.4053139687 0.00863682433168
281 -5.58885684185 -14.3536619106 27.120273543 0.00263019478421
282 -4.8043942173 -14.933007927 27.0597419638 0.0034371001728
283 -4.18401471581 -15.6508682933 26.8266721519 0.0159570460749
284 -3.38598819765 -16.1646051024 26.5970193701 0.00451443029459
285 -2.50435572622 -16.5623503275 26.4639148237 0.0038131377535
286 -1.65711771673 -16.4815411881 25.9856102451 0.0054762813583
287 -0.890505335459 -16.9477464865 25.6013556646 0.00497664342361
288 -0.0812116147347 -17.2734375839 25.1638982908 0.00414120630682
289 0.661839438561 -17.5490647221 24.5945672765 0.00566766044887
290 1.52831559826 -17.5346755744 24.1465049499 0.00457098908061
291 2.3443694555 -17.3060259106 23.663557826 0.00442505982682
292 3.13608970225 -17.6443601343 23.381240219 0.00379835181261
293 4.0802009916 -17.7560955704 23.2573395482 0.00359473120127
294 5.025630075 -17.7067831885 23.4068497764 0.00428791477819
295 5.81772891823 -17.2295363588 23.1562459853 0.00660876293018
296 6.47973282448 -16.5427878504 23.0728407783 0.00550875460188
297 7.20045247245 -16.1722498274 23.5822804645 0.00337214538276
298 7.75830379524 -15.4032479786 23.4692106659 0.00514937635989
299 8.18174597235 -14.6011826486 23.7724648714 0.00552906385843
300 8.2721983414 -14.0811639139 23.9437423228 0.00147983404409
301 8.61365452944 -13.2013843509 23.8239744293 0.00354440926149
302 8.78112435411 -12.2663366653 23.7811521549 0.00453373076067
303 8.39555255303 -11.3981491482 23.752460528 0.00521177592354
304 8.51999772905 -10.478893633 23.9565937564 0.00666093348359
305 8.85437966108 -9.66203557923 24.3055815946 0.00632649089274
306 9.05053394768 -8.76804178388 24.5538644089 0.00557014458316
307 8.80221291791 -7.85507891514 24.6068499404 0.00733731074489
308 8.5796745849 -6.99551684332 24.278130648 0.00738996752715
309 8.38685600173 -6.06977338501 24.2948497832 0.00489399486324
310 8.44302791063 -5.14191547054 24.1239002333 0.00474119237289
311 7.60472644538 -4.70682440308 24.1231680468 0.00380139725281
312 6.92156564885 -4.23689577389 24.5747187457 0.00452907438016
313 6.22487106104 -4.08630467837 25.1932009418 0.00183724204339
314 5.88134669043 -3.83883039544 25.8533445816 0.00456504649309
315 5.75838103895 -3.61329431145 26.7464289493 0.00468432084384
316 5.49516525026 -3.48523867615 27.6273752296 0.0122739172869
317 5.49725612316 -3.09700294623 28.4675955283 0.00130219264069
318 5.49191037881 -2.94447951154 29.3803705654 0.00394803034568
319 5.81263255047 -3.17325818925 30.2166135551 0.00544312884937
320 6.08379334994 -3.58615191271 30.9963348457 0.00693799478384
321 6.20809584542 -4.3025987525 31.5615819234 0.00482096927185
322 6.4131473808 -5.15440076367 31.8406507684 0.006739165981
323 6.51897790423 -5.97107372331 32.2460910927 0.00785688123369
324 6.99614131801 -6.73469217745 32.4121761354 0.00410918036131
325 7.65371027667 -7.36957370632 32.3842282643 0.00578610626348
326 8.35567848933 -7.77419832434 32.8052149218 0.00893411251426
327 8.98472881861 -8.05851879922 33.3992202062 0.00382953896145
328 9.81091658613 -7.77048485781 33.6461530741 0.00655810845777
329 10.5376543099 -7.231216395 33.5853729866 0.00906690956434
330 11.2267968242 -6.79288569685 33.1972654821 0.00717421585339
331 11.8474541216 -6.34774140014 32.7175752963 0.00288866603723
332 12.3303388504 -5.6942985495 32.3286488238 0.00338424908006
333 12.7470518527 -5.17597111798 31.7224035035 0.00586917219134
334 13.509530336 -4.73878768958 31.9027945397 0.00673069465767
335 14.1985210572 -4.21210508076 31.6828420227 0.00499750226551
336 15.0353324544 -4.07767499854 31.4022902435 0.003512017933
337 15.7398993219 -3.53193030168 31.3993618971 0.00261797798716
338 15.6664109811 -2.96984997009 32.0866565265 0.00335091362947
339 15.4792463451 -2.40628685542 32.7488260884 0.00835822938858
340 15.2846694058 -1.63526913828 33.1379684253 0.0074287862562
341 15.1312917755 -0.823078001189 32.8308085036 0.0078859922148
342 14.6176720461 -0.147889366827 33.0565453531 0.00498915332996
343 13.7436532552 -0.110109776808 33.0829904792 0.00418680013441
344 12.9653948247 0.219671078909 33.301854243 0.00423592873125
345 13.0029183023 1.04733070434 33.0335277893 0.00370865352214
346 13.0972165867 1.79523112149 32.6011272527 0.00499734827308
347 13.196156359 2.5348364778 32.1612778477 0.00357402522881
348 12.9368361954 3.32198704438 32.4048316002 0.00619971057893
349 12.576328535 4.08986438589 32.2638212031 0.00581722928804
350 12.102993907 4.47829750102 31.6643821423 0.00497754713931
351 11.3886451847 4.62478735055 31.221367511 0.00318848357652
352 10.8479248768 5.25811689597 31.047566524 0.0114759310783
353 11.130867428 4.4812516563 31.2085395315 0.00443638202423
354 11.8615664143 4.89313788921 31.213003953 0.00947892610352
355 12.6793221632 4.77215425469 31.1280466985 0.00743257668783
356 13.021041329 4.66489681367 30.384058469 0.00854676778445
357 13.7863952887 4.75891248479 30.652566296 0.00880202108071
358 13.9733954267 5.45328279177 31.0203571906 0.00743975330492
359 14.0181975186 6.21252369975 31.2571158417 0.00418670492754
360 14.0872872154 6.80756011101 31.7753975113 0.004002554836
361 13.8605682497 7.49050238535 31.4573655762 0.00770103519607
362 13.4530840143 8.15028611917 31.4203136211 0.00425150770051
363 13.1105348541 8.84034218856 31.4142558336 0.0061756841965
364 12.9298578975 9.50790296305 31.0951470009 0.00974756543142
365 13.0406890672 9.53521277514 30.3563621485 0.00832161972449
366 12.4013506056 9.6068556034 30.0069482288 0.00506413436984
367 12.24349627 9.87763148371 29.3545534523 0.00656432482332
368 11.6436976219 10.0147730085 28.9999675609 0.00664978166923
369 11.0848255526 10.2267336855 28.642922942 0.0177516956427
370 10.4563555573 10.0498843516 28.6325415304 0.00219074293453
371 9.96792448814 9.67718574814 28.4291777906 0.00746584496312
372 9.55839554289 9.29815499164 28.1457099304 0.00969859430396
373 9.70005106869 8.72487291977 28.0749895448 0.0157755578715
374 9.47180153335 9.13116994178 27.8094332235 0.00953990313054
375 9.02220213924 9.25245333507 27.641863758 0.0159120944427
376 8.94247075937 9.00821751754 27.969888077 0.0107152479423
377 8.7870438963 8.77436130773 28.1777172829 0.00979848267524
378 8.73854506074 9.03245018513 28.061327663 0.0114689782674
379 8.63404211743 9.2255355336 28.0292645219 0.0384638725303
380 8.64997428089 9.24288749577 28.0742219422 0.00831985389364
381 8.65059433638 9.24799323275 28.0484100804 0.0158422353213
