0 -0.880564062668 0.254893006377 -0.38284317636 0.00829429004118
1 -1.76351015441 0.350960566553 -0.827871486347 0.00353384593561
2 -2.68753082774 0.399053761535 -1.18939707205 0.00495621270152
3 -3.63674888192 0.360911445052 -1.47975070957 0.00444490085496
4 -4.58500781099 0.420392996653 -1.76958402646 0.0063318074346
5 -5.49525403532 0.526684464175 -2.15279299485 0.00361361778725
6 -5.88884297743 0.530121097214 -2.52185296539 0.00350068800785
7 -6.55869606202 0.444402037543 -3.24878969115 0.00295203869125
8 -7.26281382456 0.293046562418 -3.93124711368 0.00188730524471
9 -8.03526091491 0.291516719999 -4.55391865743 0.00322240217162
10 -8.70949729755 0.48060707974 -5.25679749482 0.00503264281334
11 -9.39775161283 0.429809123009 -5.96958146359 0.00312663274708
12 -9.95297299213 0.338831066551 -6.7867685097 0.00305334495588
13 -10.646749813 0.25941051846 -7.49148708077 0.00368444438126
14 -11.3216482033 0.0778205075031 -8.19558725923 0.00622999420329
15 -12.0397635897 -0.0921166625359 -8.85858408357 0.0039503808862
16 -12.768769632 -0.272483342562 -9.50673548279 0.00314345469774
17 -13.4239281017 -0.473476439151 -10.2239804147 0.00373977788312
18 -14.0815026315 -0.646776434373 -10.946193931 0.00539325984421
19 -14.6574228044 -0.939886409096 -11.6987768508 0.00528193709044
20 -15.2125961132 -1.05597597819 -12.5125632953 0.00358714098339
21 -15.8303869525 -1.14180244034 -13.2838285133 0.0128455386456
22 -16.5120835744 -1.07855072977 -14.001460194 0.00110923941667
23 -17.3319934476 -1.11098141368 -14.5585349674 0.0190498862373
24 -18.1981376019 -1.17394503767 -15.0372939563 0.00560263336008
25 -19.0920101914 -1.37160335962 -15.4183580983 0.00369757753529
26 -19.9919269458 -1.66398902683 -15.7148118444 0.00219140370215
27 -20.804821348 -2.21730145752 -15.8421873671 0.00417816429857
28 -21.6402242795 -2.68862305655 -16.093374322 0.000822323199929
29 -22.4437954805 -3.18987501823 -16.3868925276 0.00208632764115
30 -23.1628163555 -3.72128355224 -16.8155514353 0.00758275153562
31 -23.8420791974 -4.24969693483 -17.3079293973 0.00290005521459
32 -24.4735221767 -4.89626739188 -17.7156328834 0.00354417766773
33 -25.039946389 -5.61418720918 -18.0986462415 0.00530032537705
34 -25.4835867701 -6.40523596947 -18.4990271882 0.0106421383301
35 -25.962546633 -7.12185112142 -18.9887457008 0.00450998832279
36 -26.2898535887 -7.90272644522 -19.5043193518 0.00354700316632
37 -26.5280306037 -8.75653448533 -19.9480858473 0.00682075712353
38 -26.7427348999 -9.64700521584 -20.3269030421 0.00483078430341
39 -26.8325304234 -10.5650317161 -20.6897173929 0.00272376796955
40 -26.9057026631 -11.4445477009 -21.1408850367 0.00378315229553
41 -26.843163735 -12.3435165245 -21.5536048503 0.00325358395026
42 -26.5668913549 -13.2278935186 -21.905579987 0.00472253584083
43 -26.2622705265 -14.1194399914 -22.2131727175 0.00602315452786
44 -25.822985221 -14.8909206447 -22.653689864 0.00442130959614
45 -25.1236570728 -15.5627303709 -22.8579296623 0.0120383909712
46 -24.4049703367 -16.2200805938 -23.0404424552 0.00353295717424
47 -23.6925484328 -16.8689202766 -23.2714167596 0.00289206850376
48 -22.9776648377 -17.5210763153 -23.4846713134 0.00756749803096
49 -22.2824949675 -18.1714664156 -23.7594007595 0.00899953681002
50 -21.4632785196 -18.7130933588 -23.8902492344 0.00171814783633
51 -20.5552952812 -19.0583417648 -24.0850520835 0.0029533130976
52 -19.7328056559 -19.5939711927 -24.2197400812 0.00314942448852
53 -18.7972041137 -19.9102875956 -24.1418123961 0.00573865736431
54 -17.8327381853 -20.1346025111 -24.1714974306 0.00473776037195
55 -16.8607592975 -20.3112221574 -24.2448912801 0.00359720159358
56 -15.8801627591 -20.4512187064 -24.254903355 0.00468678847174
57 -15.0135490667 -20.2317499323 -24.6816008933 0.00508016465376
58 -14.1517954871 -19.9239653657 -25.0608336782 0.00269076012231
59 -13.42210412 -19.502911805 -25.5818257712 0.00737233074684
60 -12.6667909188 -19.0357084361 -26.0202935232 0.00383128410455
61 -11.9819023209 -18.4691139835 -26.4571805452 0.00409509757381
62 -11.430918233 -17.8228420474 -26.9667690509 0.00400970667062
63 -11.5227340774 -17.6016037696 -27.9278670311 0.00510025068835
64 -11.4469982036 -17.3988598314 -28.8943917354 0.00366027591002
65 -11.3361172981 -17.3258404701 -29.8758894413 0.00535137659762
66 -11.4410879286 -17.2411013918 -30.8570527349 0.018589853975
67 -11.6298821507 -17.054080769 -31.8109660237 0.00515954456146
68 -11.8817876092 -16.7801517001 -32.7285561118 0.00874516067823
69 -12.1671081126 -16.4811089441 -33.6282662078 0.00313636542029
70 -12.5569339886 -16.205881476 -34.4957497692 0.00335022851625
71 -12.8554483071 -15.9945774169 -35.4157818409 0.00341564795853
72 -12.8818983362 -15.5329980762 -36.2912134958 0.00536832408103
73 -12.9461979365 -15.757663431 -37.2532387081 0.00411148311675
74 -13.003577425 -16.0827190141 -38.1865451154 0.00228293289675
75 -13.3174438139 -16.3354733755 -39.0907358557 0.00368205475809
76 -13.6632151049 -16.573550905 -39.9872025084 0.00600231158111
77 -14.0361193988 -16.880894486 -40.8510613225 0.00785295529676
78 -14.3963205214 -17.2564103945 -41.6930028475 0.0340041349629
79 -14.6358683698 -17.6268386928 -42.5786959324 0.00247691255403
80 -14.7795041966 -18.009449651 -43.4798039109 0.00437047324877
81 -14.9193767699 -18.287196561 -44.4190892563 0.00440560290484
82 -15.0724592096 -18.4884828778 -45.3756174839 0.00440258282938
83 -15.4269228588 -19.0455580952 -46.1123009678 0.00703960341726
84 -15.6826905329 -19.6331946776 -46.8658425864 0.00666199053731
85 -15.9918413794 -20.2056926877 -47.610893916 0.00459064852431
86 -16.3677283973 -20.8609126822 -48.2493953095 0.00212927481754
87 -16.7067873678 -21.560196213 -48.8611771543 0.00720429445765
88 -16.7751698744 -22.3837707306 -49.4044238552 0.00506850296772
89 -16.6630520476 -23.291247541 -49.7810243051 0.0038694580996
90 -16.3252456906 -24.1487750963 -50.1393055119 0.00421692975125
91 -15.9418221426 -24.9983300964 -50.469434019 0.00893274520886
92 -15.7185362407 -25.929839117 -50.2245235032 0.002392807105
93 -15.1939727103 -26.7098900204 -49.9181482 0.00411576369119
94 -14.6402903641 -27.4034124976 -49.4823394462 0.00310858714964
95 -14.080381243 -28.0599818267 -48.9998049847 0.00356381318148
96 -13.2662024122 -28.3659678401 -48.5298795889 0.00660812863202
97 -12.4530062691 -28.7262348308 -48.0984674835 0.00458482429745
98 -11.7394848081 -29.2609607828 -47.6717867803 0.00382615244225
99 -10.9506791471 -29.6303332996 -47.2044687395 0.0035078448474
100 -10.1413984091 -30.0823918953 -46.8614937711 0.00400976578745
101 -9.26456516234 -30.4471614991 -46.5877600801 0.0034644154664
102 -8.34913483577 -30.6521346386 -46.276741043 0.00424955751275
103 -7.42210630168 -30.7951083563 -45.965539296 0.00294369773839
104 -6.5473962421 -30.8875654737 -45.5150018227 0.00462565010959
105 -5.70789615428 -31.0307020044 -45.0136809919 0.00461017937484
106 -4.83977892746 -31.2850206853 -44.6160263885 0.0058952722848
107 -4.04341089021 -31.4521643524 -44.0554626338 0.00299797456757
108 -3.2190082127 -31.3786792862 -43.5157807111 0.00549491918543
109 -2.36967280449 -31.0191574331 -43.1615464011 0.00282638453917
110 -1.52342985324 -30.5684810644 -42.9232571927 0.00209678555155
111 -0.761221021329 -30.0401427818 -42.5828275346 0.00502952385106
112 -0.0837056333288 -29.36817241 -42.3273045297 0.00415633575466
113 0.569700015825 -28.6420855406 -42.1802977901 0.00384409145324
114 1.39014195022 -28.1238665229 -41.9959214229 0.00647496368643
115 2.18985663998 -27.5784180682 -41.7997893905 0.00143805740896
116 2.99283592256 -27.0187092264 -41.6677516144 0.00450577946602
117 3.77554173798 -26.4221038594 -41.5852323658 0.00484831307269
118 4.44256964011 -25.7031866211 -41.701414617 0.00658815360349
119 5.28264149309 -25.2623072778 -41.9753559909 0.00576488251281
120 6.16565218064 -24.8994068683 -42.2275348851 0.00161340926491
121 7.07224783954 -24.6235230953 -42.5049133686 0.00480906764265
122 7.97774736204 -24.2754560847 -42.6886345918 0.00251304454093
123 8.75547200456 -23.693126778 -42.8641599272 0.00474694801478
124 9.47842275564 -23.0497933204 -43.0594176094 0.0360980740736
125 10.1340610493 -22.3172253652 -42.9743583811 0.00166427650924
126 10.8954082735 -21.6931327247 -42.9067748222 0.0034188916905
127 11.5954469804 -21.0402822143 -42.6672397495 0.00788525468335
128 12.0972213108 -20.4176384624 -42.0892216745 0.00925837634247
129 12.652133541 -19.8350592083 -41.5182606678 0.00623057231174
130 13.3014758541 -19.1512833755 -41.2286899633 0.00360284220789
131 14.0051290227 -18.5106682675 -40.9690234569 0.00388321776768
132 14.9264506731 -18.1729674781 -40.8693459195 0.00389388011636
133 15.8553695022 -17.882754242 -40.709348742 0.00353144331396
134 16.7497584357 -17.4708565696 -40.7642580889 0.00420176311043
135 17.6304601421 -17.0374368533 -40.8591575316 0.00888418906207
136 18.41087284 -16.4959306618 -41.1237409319 0.00631357586501
137 18.8803219182 -16.0415671782 -41.215940236 0.00292190737776
138 19.6983227629 -15.5004869046 -41.3048590488 0.0128351105839
139 20.5654795643 -15.0687070323 -41.4809365564 0.00387017554324
140 21.5021575523 -14.9408015241 -41.7558359143 0.00345773017571
141 22.3887412867 -14.6936237635 -42.1052334185 0.00526882965873
142 23.2738975549 -14.4014687425 -42.4217202413 0.00663537757301
143 24.176540763 -14.302964019 -42.8016597041 0.00589698460557
144 25.01504314 -14.2786003879 -43.316449256 0.00254654764033
145 25.8670304824 -14.1277458335 -43.7854242946 0.0030515821076
146 26.037379793 -13.2449003864 -44.1854308246 0.00245767987361
147 26.1285057978 -12.3828066781 -44.6511317542 0.00342175858736
148 26.080982182 -11.5151239914 -45.1127972498 0.00472669757326
149 25.9595581216 -10.6788320339 -45.6167784433 0.00143176588684
150 25.7721940738 -9.86699953356 -46.1401414284 0.00401001016617
151 25.4830333004 -9.10118187883 -46.6859144314 0.00451500010509
152 25.2629656017 -8.40648473918 -47.3468554375 0.00193149018518
153 24.9473761443 -7.68311807178 -47.9341381878 0.00386258581078
154 24.5748555177 -6.84702596392 -48.2942448043 0.00162544712795
155 24.1855105647 -6.0052095021 -48.6216326777 0.00662070775874
156 23.7595445025 -5.23006574197 -49.0516749661 0.00434884405856
157 23.1686487513 -4.63447771837 -49.5647383394 0.00640476395239
158 22.5583227524 -4.09590926657 -50.1164181245 0.0045314722447
159 22.0321684366 -3.79549819402 -50.890899283 0.004771304804
160 21.4645354776 -3.61732422728 -51.6737035683 0.00651918491122
161 20.9351359995 -3.39870586522 -52.472732442 0.00257034872951
162 20.5761230272 -3.40809617755 -53.3879075459 0.00419785902152
163 20.1094243771 -3.55760231819 -54.2400452934 0.000950434930227
164 19.3864552245 -3.77954877653 -54.8678363905 0.00368768678729
165 18.6409422666 -4.15718810869 -55.3849895755 0.00628516128743
166 18.2197266233 -4.54504657414 -56.1837175328 0.00388039736571
167 17.8571613134 -5.18143385828 -56.838777232 0.00193124018516
168 17.499216546 -5.95128828816 -57.3333052218 0.00253406309083
169 17.0808377776 -6.73985540767 -57.7435883339 0.00306248369517
170 16.8273683116 -7.65504057191 -57.9950119644 0.0222618289118
171 16.932468367 -8.61257600045 -58.1851948946 0.00354213852868
172 16.9338234183 -9.53702019044 -58.5159314266 0.00349031344346
173 17.0530752462 -10.4431646872 -58.8744427266 0.00648931349906
174 17.3485235078 -11.3170749947 -59.209930322 0.00356163459697
175 17.6575105979 -12.2389191112 -59.3443817151 0.00431968985924
176 17.9079860773 -13.1442228181 -59.6287848671 0.00411595452383
177 18.1745097936 -14.0472214952 -59.9055022122 0.00212600617538
178 18.6998646112 -14.8594546461 -60.070328779 0.00437770373276
179 19.3024722544 -15.5220071925 -60.4711617786 0.00230562861861
180 20.0433493365 -16.1430030643 -60.6386588443 0.00572458510836
181 20.7822996744 -16.7455282285 -60.869447124 0.00324236204121
182 21.6270072279 -17.1734682722 -61.1254627251 0.00776935592135
183 22.4002424631 -17.7552750723 -61.2849337703 0.0038908846687
184 23.1810417231 -18.2763977237 -61.5685911242 0.00348277734928
185 23.9608123677 -18.5923065219 -61.064816419 0.00505835456456
186 24.7749021822 -18.7754023233 -60.5499066667 0.00865750842622
187 25.5025553129 -18.9490937032 -59.9163227848 0.0052106268359
188 26.3015543967 -18.8739675977 -59.3535413491 0.00435801858227
189 27.2281716665 -18.9872412029 -59.0553020457 0.00298976063855
190 28.2005534876 -19.0342041963 -58.9436567366 0.00268594485506
191 29.162736653 -18.8693599939 -58.8594608012 0.00413601760251
192 30.1029546573 -18.6959431744 -58.6454632802 0.0026091546736
193 31.0199541009 -18.3615500299 -58.5617212823 0.0038199132756
194 31.8380096516 -17.8351442369 -58.4467798157 0.0022698955678
195 32.5400397342 -17.2826676231 -58.0449831784 0.00292239096137
196 33.1583630729 -16.6756273083 -57.5882790534 0.00396149877319
197 33.7799278184 -16.16406378 -57.0304006151 0.00268020084104
198 34.4481443221 -15.6760195388 -56.506566086 0.00424013825877
199 35.0649097549 -15.1308725202 -55.9761875982 0.00550354367839
200 35.7963242836 -14.6005057844 -55.5990410831 0.00825959482649
201 36.5812454977 -14.0382739376 -55.4385375909 0.00345977270794
202 37.1568997649 -13.2663951939 -55.2635869856 0.00348520111792
203 37.6061008132 -12.4070713421 -55.131820889 0.0080115302905
204 37.8520227401 -11.4673944732 -55.0149308833 0.00221291448492
205 37.914876573 -10.4973152484 -54.905369711 0.00168616154709
206 37.8055496667 -9.5325330094 -54.7863852042 0.00458427548608
207 37.5914592675 -8.59521650248 -54.6067444906 0.00256358496181
208 37.3858561381 -7.64679589659 -54.4853622704 0.000797575391844
209 37.4228200875 -6.67929720733 -54.347357435 0.0227481127083
210 37.5596332737 -5.71471841867 -54.2699909903 0.00292700538841
211 37.4243487479 -4.75563654427 -54.1403496843 0.00292488511878
212 37.0013496845 -3.88371551989 -54.2652222591 0.00626107522514
213 36.7988101944 -2.93135936182 -54.1854068311 0.00779194839808
214 36.4434126058 -2.07014237112 -53.892236338 0.0155445735196
215 36.1198244802 -1.29857156794 -53.3891857842 0.00498129265456
216 36.7098058245 -0.576518980982 -53.6776093581 0.00254882333188
217 36.8317870958 0.388146910671 -53.7608875775 0.00360310906066
218 36.6469536289 1.3380167129 -53.8863703457 0.00236028441493
219 36.2959125707 2.23936432217 -53.7585161189 0.00864918571762
220 35.6946648411 2.84737245503 -53.2890332292 0.0152396303265
221 35.1260140267 3.32215220817 -52.6550763382 0.00215091272766
222 34.3030341335 3.52769641535 -52.174620751 0.00235461104599
223 33.5341112499 3.62882695808 -51.5839893262 0.00449985541732
224 32.9428563129 3.03818381426 -51.0825254885 0.00263246517779
225 32.3755003369 2.47808404801 -50.5220198154 0.00594603728595
226 32.3333525871 2.40987710491 -50.4930109521 0.000398419289785
227 31.8417313817 1.67274833792 -50.0919358227 0.00334865014675
228 31.4765694665 0.843696244198 -49.7384787161 0.00378129017513
229 30.8758002555 0.0914323769595 -49.6029655126 0.00279884691828
230 30.4653855127 -0.757444240574 -49.3664121317 0.00460583240351
231 30.2505269091 -1.67728474511 -49.1376642725 0.0094807494046
232 30.1327726443 -2.58435336852 -48.8102597853 0.00370234135142
233 29.9215487388 -3.50721275266 -48.593081656 0.0013255661951
234 29.8265287041 -4.41655586001 -48.2652715497 0.00271782038337
235 29.8982215614 -5.2049292698 -47.7025243259 0.00771547350028
236 30.2530977622 -5.78240140906 -47.0072393745 0.00263025419028
237 30.7136768679 -6.32659953253 -46.3482541716 0.00783867081246
238 31.3883744334 -6.75210265876 -45.7955974065 0.00440518297131
239 31.9725164471 -7.02762303703 -45.0714591626 0.0025586017941
240 32.5003967027 -7.19515659869 -44.2748058922 0.00391460218358
241 33.0903224461 -7.33033500834 -43.5167390662 0.00207191242967
242 33.7744058147 -7.51459374784 -42.8543998723 0.0026627227229
243 33.9562317203 -7.59037928062 -41.904646924 0.00681967941981
244 33.8149237812 -7.64438541062 -40.9468849623 0.00691424304498
245 33.7335790758 -7.4876012283 -39.9938343001 0.00431664373538
246 33.6211233851 -7.26376373315 -39.0577307357 0.00198256444924
247 33.2644231518 -7.0650604077 -38.1790890097 0.00205490807002
248 33.107988797 -6.97724681669 -37.7761212687 0.00222513137762
249 32.9363705872 -6.41937492077 -37.0092751855 0.00505253050212
250 32.7309806191 -5.87643398127 -36.2404434234 0.00529002440761
251 32.0940631412 -5.4371887521 -35.6673408329 0.00652197164625
252 31.5892929922 -4.73707829169 -35.241861809 0.00497621443128
253 31.0568362989 -4.03239424061 -34.8608653249 0.00519342569477
254 30.6880753973 -3.69610891701 -34.5815996378 0.00294576087123
255 30.1387491269 -3.13242390942 -34.0353840551 0.00462200201257
256 29.7062875814 -2.75538602872 -33.2683658457 0.00448483655099
257 29.5194364553 -2.36897014978 -32.412371307 0.00743354106866
258 29.4839824582 -1.80810469822 -31.6379759647 0.00460301374595
259 29.4623756069 -1.3249399284 -30.8127950193 0.00404076163806
260 29.5164963798 -0.972980698805 -29.9253927412 0.00255969167923
261 29.6584853642 -0.49387324177 -29.1105602815 0.00364207659867
262 29.6247569879 -0.0417598013318 -28.2694143747 0.00617915261613
263 30.070405434 0.231590221911 -27.4703364542 0.0029890784275
264 30.6323304945 0.759939185976 -26.9082818787 0.00703606936633
265 30.5500178554 1.39576951524 -26.2020869184 0.00439038543765
266 30.2563973385 2.07758555099 -25.6040695182 0.00283833744917
267 29.327621223 1.90757461808 -25.4771500759 0.00539412295132
268 28.533519901 1.38387874067 -25.4360327334 0.00379169421965
269 27.7021736151 0.931461614366 -25.3361570288 0.00480273051625
270 27.12146698 0.18881767913 -25.2093541616 0.00116016093684
271 26.9438193666 -0.738145326267 -25.0920666845 0.0057491341938
272 27.0095043518 -1.65572425587 -24.8529555864 0.00733207210546
273 26.1619941319 -1.83452704389 -25.2425398223 0.00379012221362
274 25.5211822667 -2.52674136197 -25.3481940065 0.00658255298563
275 24.7365109065 -2.90268090175 -24.9704764969 0.00581931969155
276 24.084864367 -3.57705634064 -25.1074137554 0.00524340229118
277 23.5593177646 -3.98201629824 -25.7838013073 0.00658600355758
278 22.8405226205 -4.20229146427 -26.3588904421 0.00572635029309
279 22.3826074671 -5.02877082966 -26.3935466239 0.00693775885329
280 22.2717036704 -5.90711726969 -26.0639791611 0.000894288123475
281 22.4637806261 -6.76246267286 -25.7122732952 0.00466772961742
282 22.9729708266 -7.37048235862 -25.2001291981 0.00384431569185
283 23.1370722816 -8.03164807898 -24.5470774713 0.00694010163909
284 23.1200598166 -8.76409178362 -23.9539445421 0.00415666175361
285 22.4136926294 -8.95112436905 -23.3593787193 0.00318477589422
286 21.6483086549 -8.99127261548 -22.8125311298 0.00397739809161
287 21.1989056272 -9.12089092925 -21.9956647495 0.00295630240524
288 20.611795196 -9.29667897912 -21.2820080228 0.00567781309326
289 20.1399828039 -9.55224914553 -20.5103152508 0.00309832985644
290 19.5227336567 -9.73662098108 -19.8267272303 0.00562973544535
291 19.02818314 -10.1148512396 -19.1245802219 0.00593836906274
292 18.3652999649 -10.3092516463 -18.4909813933 0.00311679661091
293 17.8812520428 -10.7404200753 -17.8145344351 0.00495151448626
294 17.5417159716 -11.3982473577 -17.2418749606 0.00729513678733
295 17.2644897147 -12.0295963402 -16.6107943615 0.00312367675572
296 17.9092058676 -12.5649579437 -16.1985520414 0.00690457980132
297 17.2077839328 -12.0598115389 -15.8484246254 0.00485596399585
298 16.7119133697 -11.4018691469 -15.4132106138 0.00378712234246
299 16.1477807633 -10.8339837338 -14.9376382647 0.00796277526455
300 15.8430361589 -9.98228201594 -14.7247207877 0.00345309055611
301 15.2574757311 -9.52074475904 -14.1706830162 0.00593934874322
302 14.5912280914 -9.31885494794 -13.5574332529 0.00657837981034
303 14.1052324365 -9.42364981595 -12.7754723061 0.00465663988711
304 13.6921465645 -9.81258732064 -12.0442632289 0.00225744120085
305 13.6512016975 -9.97301915866 -11.1338276797 0.00291298075443
306 13.8185308257 -10.8631417769 -11.3154427431 0.00916577626379
307 13.9394259373 -11.761076925 -11.4840400087 0.00287803873596
308 14.2192707449 -12.579660388 -11.7999837576 0.00716353017675
309 14.4819022276 -13.3383225916 -12.2479121608 0.00350805083496
310 14.651513032 -14.0701566399 -12.7764770807 0.00587140756715
311 14.842164768 -14.3449904304 -13.6309503907 0.00563733007074
312 14.9190152076 -14.3206713056 -14.5436368947 0.00676971673976
313 15.0940330687 -14.5459188167 -15.4122620699 0.00687639347651
314 15.0108500946 -14.7525057406 -16.2969923763 0.00582354303129
315 14.6032535098 -14.679536375 -17.1078023204 0.00463769732548
316 14.3493172221 -15.2098573333 -17.8006995404 0.00920469742689
317 14.0547955469 -15.4720831012 -18.6164751862 0.015178818241
318 13.3553185219 -15.3941767746 -19.1780367505 0.0112388539373
319 12.6584061529 -15.1061589036 -19.6621478667 0.00827861931308
320 12.0436623778 -14.5171608589 -19.3939994577 0.00459394223729
321 11.2492602412 -14.1476591414 -19.2338637621 0.0041515952281
322 10.5168640048 -13.6686133787 -19.0781353667 0.00493573594744
323 9.76501409863 -13.3196420448 -19.3935916539 0.00724651465112
324 9.16036740678 -13.0223007868 -19.9658510089 0.00648850228232
325 8.37803557416 -13.2063467943 -20.3258239879 0.0048856457421
326 7.64838835443 -13.2289506049 -20.8144296604 0.00585558488128
327 7.08615057849 -13.7196431828 -21.2720737208 0.00463471569466
328 6.91430554154 -14.466155068 -21.6437170088 0.0058824758282
329 6.47016145707 -15.1389157786 -21.7660899407 0.0120238028386
330 6.54387676752 -15.8861981325 -21.4815967864 0.00683989419751
331 6.33639596559 -15.8037346603 -20.7200717479 0.00507862850008
332 5.85348218326 -16.0283103446 -20.1410877545 0.00880231499293
333 6.23343083609 -16.0210120487 -19.465267286 0.00482361373258
334 6.55765610286 -15.5187009519 -18.9833755471 0.00512973493414
335 6.95753871757 -15.3979177073 -18.347583635 0.0022854532163
336 7.49583181822 -15.1105838295 -17.9001405278 0.00401495610268
337 7.28031388457 -14.3930417395 -17.8723192183 0.00800317272337
338 6.57539211948 -14.2577029277 -17.7077968855 0.0122777737991
339 6.53774384883 -14.595778224 -17.0790502405 0.00652922446131
340 6.02181554116 -14.1882495686 -16.8373373481 0.00679970186645
341 5.7809494423 -13.550702867 -16.9091700616 0.0158208262157
342 5.41192678365 -13.0422466573 -16.7611375046 0.00415265953467
343 5.16470489423 -13.2812558448 -17.2944973593 0.0223954653191
344 5.07104030994 -13.7126882023 -17.6379804363 0.00590684415642
345 4.60255666931 -13.9719009559 -17.6542214643 0.0129769741955
346 4.21258701137 -13.695940441 -17.6747325724 0.00977753115181
347 4.14652104729 -13.7242170198 -18.0990054934 0.0213484286779
348 4.09420578105 -13.970352782 -18.2587156986 0.0114512871011
349 4.30198081973 -13.8810742771 -18.2092703228 0.0124739453254
350 4.32569875412 -14.0239199546 -18.2911209522 0.00691552018397
351 4.38835950922 -13.9607026369 -18.3901292424 0.0118977148975
352 4.36651967962 -13.9666002688 -18.4702055637 0.00446116175458
353 4.43065507441 -13.9636156581 -18.4874956298 0.00485775096902
354 4.43653126433 -13.9525102512 -18.4396108987 0.0137043746023
355 4.44611636531 -13.961032363 -18.4378652504 0.00479709645514
356 4.44135099598 -13.9626754505 -18.4378906527 0.00528754569531
