0 -0.426709691999 -0.868675915892 0.224125921452 0.0261068026698
1 -0.82040113358 -1.77456130179 0.329275723475 0.00337286331995
2 -1.06349278331 -2.73764515219 0.324614179853 0.00407205588149
3 -1.31787381318 -3.67741851439 0.521426106076 0.0036291828637
4 -1.53992098936 -4.62383329816 0.725341168453 0.00498495267889
5 -1.30356771493 -5.54807030522 1.00188048412 0.00479745664497
6 -1.03131967765 -6.44208380088 1.33823943693 0.00414185097784
7 -0.662998806023 -7.31362753168 1.64027550669 0.00406397996246
8 -0.231599797781 -8.15511665665 1.94396816144 0.00334945627387
9 0.136169191094 -9.00171801086 2.31061484624 0.00364906942345
10 0.56088871084 -9.7696295989 2.77572606345 0.00434064461411
11 1.03999122331 -10.5573809081 3.14485259034 0.00303574883316
12 1.48300068609 -11.3675547036 3.5104733426 0.032097985422
13 1.86231013049 -11.9724167915 3.7698044691 0.00314837381222
14 2.3970130371 -12.7703350367 4.02152420601 0.00330238759033
15 3.03422827254 -13.5038762356 4.22592835986 0.00309579210176
16 3.69187616126 -14.2257309937 4.40565070704 0.00335704094608
17 4.33832988399 -14.9684267307 4.53347788981 0.0033529782223
18 5.04613803762 -15.6647099848 4.53395507132 0.00604364002908
19 5.82543114636 -16.278566425 4.57429542199 0.0026671028548
20 6.67115829358 -16.7972705173 4.61185166965 0.00429849663961
21 7.59573406635 -17.1372211625 4.73543703176 0.0124436252894
22 8.47787442359 -17.5776230882 4.85133184708 0.00377033387389
23 9.35357256716 -18.0067609442 5.03712248386 0.00346482161184
24 10.2173138195 -18.3960457238 5.33362122377 0.0088051566854
25 11.1249839072 -18.7866664294 5.42820416799 0.00559044977719
26 12.022858773 -19.162688759 5.62255913144 0.00560496343097
27 12.947570138 -19.3756196836 5.91388327675 0.00256036383765
28 13.875873652 -19.5743227189 6.20378630225 0.00434474458587
29 14.7832734726 -19.7314727913 6.57415379102 0.00275102765163
30 15.6839128214 -19.8121040251 6.98350603533 0.00437509672092
31 16.5605493255 -19.7412361425 7.44358633834 0.000826745421563
32 17.4638738816 -19.6027101924 7.83085768267 0.00556633299467
33 18.318797059 -19.5809505389 8.33460838191 0.00671723951417
34 19.0867591201 -19.5436265586 8.9622533067 0.00744012533527
35 19.8070211624 -19.4734805255 9.64147197164 0.00336042624343
36 20.5364466001 -19.4360185363 10.3134340725 0.00348951462975
37 21.266035506 -19.4343965401 10.9862331939 0.00132352618594
38 22.0682837019 -19.3707875967 11.5669823696 0.005205918867
39 22.8144412191 -19.1663670095 12.1885416781 0.00614781111883
40 23.4382703683 -18.8273176858 12.8818783328 0.00547983704768
41 24.0447272056 -18.2516931085 13.4162845976 0.00351415266085
42 24.666128512 -17.6534292607 13.9068093552 0.00374770789827
43 25.1787963464 -16.9994153582 14.4491045852 0.00412397378761
44 25.6385369161 -16.3040207391 14.9873100657 0.00332293870831
45 25.9941216286 -15.423914933 15.2762446595 0.00449878529939
46 26.4427243449 -14.6211616189 15.6488263406 0.00656193160774
47 27.1327832479 -13.9463093658 15.8785471827 0.00372112756978
48 27.6315894828 -13.1415486245 16.1750238082 0.00189971607474
49 27.9800936424 -12.2517956364 16.4418656028 0.00210383586525
50 28.2150897835 -11.3094766322 16.6445970542 0.00317458598408
51 28.3996759955 -10.3473633167 16.8011659408 0.00381760910874
52 28.4015782696 -10.3182912222 16.8050325631 0.000143482168519
53 28.3471144042 -9.33679749211 16.9384051268 0.0061318315219
54 28.1930705786 -8.36159942714 16.8421226078 0.00408279559292
55 28.0911433539 -7.37982829505 16.7436347726 0.00308757070345
56 27.9323228317 -6.41151538969 16.5984568487 0.00390450380946
57 27.7325187245 -5.44378608942 16.6848233972 0.00233776465076
58 27.4518747395 -4.49270177236 16.661824366 0.00172690224068
59 27.1978950947 -3.55267521215 16.4729198694 0.00670183995179
60 27.2489638647 -2.75602291104 15.8842069298 0.00545540950899
61 27.3810810089 -1.95477864473 15.3147093654 0.00455488777802
62 27.5849374486 -1.01481373854 15.0727268197 0.00327161702565
63 27.6533611247 -0.0329550582122 14.9507959188 0.00487854304277
64 27.6893925678 0.955884707148 14.8842311055 0.00657570316767
65 27.6161512291 1.94483408223 14.8760844785 0.00598227262799
66 27.2798540991 2.87272785162 14.9725093013 0.0033461452548
67 26.8447129509 3.74061501292 15.1744295051 0.00694322261188
68 26.4256112361 4.63132137061 15.29380132 0.00860839617673
69 25.7201781032 4.64620984511 15.9905234138 0.00286278599692
70 25.0451270209 4.54327279579 16.7095242931 0.00192751643237
71 24.3298281428 4.36218279604 17.3719136167 0.00636674396964
72 23.6969703424 4.12503723782 18.0974500569 0.00374924146937
73 23.1416814128 3.8390064763 18.8674904213 0.00422548590388
74 22.5676243653 3.51661514408 19.6088253005 0.00198049561454
75 21.9473802756 3.13776271551 20.2831919455 0.00506213455823
76 21.3044503275 2.75982691913 20.9364410683 0.00305841610383
77 20.5594343222 2.48260466377 21.5288649509 0.00468145640112
78 19.850145909 2.19672995774 22.1597415688 0.00355458501686
79 19.2221115317 1.8924441878 22.8638613976 0.00386962795076
80 18.580766224 1.51962407747 23.5214430587 0.00544247536768
81 17.9526754866 1.11352905457 24.1720169786 0.00538413469416
82 17.3134604718 0.753426238012 24.838591972 0.00363626102816
83 16.6648039617 0.485470886957 25.5385931488 0.00383459806032
84 16.056232156 0.158287503258 26.2492979754 0.00339123525122
85 15.4547177344 -0.0754842130495 27.0016367226 0.00330760362104
86 14.9556954813 -0.447297671139 27.7731144775 0.0144665368899
87 14.453473155 -0.854765255706 28.5241018464 0.00392565550246
88 14.3686468596 -1.44655364589 29.3145411609 0.00303837171274
89 14.369229668 -2.11492636161 30.0462593176 0.00538786612662
90 14.4975378191 -2.85887101703 30.6882127485 0.00562946709942
91 14.5962105157 -3.66457880479 31.2565548252 0.00495510951251
92 14.7566479786 -4.39374183881 31.90805774 0.00923979383933
93 14.9204102873 -5.10542110186 32.5777178749 0.00382111936446
94 15.099911444 -5.86361099749 33.1897631374 0.00273833637097
95 15.3471979868 -6.57622887378 33.832156565 0.00430060488395
96 15.7362816237 -7.22280913553 34.4741295426 0.00627121115441
97 15.8980877153 -7.84702563143 35.2262668741 0.00934073545721
98 15.9892007129 -8.4304845704 36.0216885058 0.00631431667178
99 16.0542326849 -9.06785799419 36.7772238574 0.00429573325596
100 16.0307765567 -9.72926732226 37.5142597515 0.00446098912994
101 16.0195202449 -10.4743425851 38.1668433874 0.00184383047762
102 15.8597287215 -10.7930359983 39.0910406901 0.00373311111202
103 15.7311265456 -10.9822004401 40.054827761 0.00543447235153
104 15.6047483735 -11.2109981707 41.0102332235 0.00210368424291
105 15.1738217231 -10.8825285629 41.8393434871 0.00673336551287
106 14.4967405914 -10.4965477854 42.450397625 0.00435890673713
107 13.7856461918 -10.1950509649 43.0702259026 0.00364283444275
108 13.0883327488 -9.77542199339 43.6344326652 0.00465604562734
109 12.3289575092 -9.47475626592 44.1943773274 0.00433560638737
110 11.6041912999 -9.15573013056 44.7889101874 0.00659567772958
111 10.8968588849 -8.80287250965 45.3852328083 0.0054100076909
112 10.1282228373 -8.45246627774 45.9016874442 0.00558526222601
113 9.40324064868 -8.36694719654 46.5705437772 0.00178806099027
114 8.63559604203 -8.65543040215 47.1252548354 0.00504371738925
115 8.67839393009 -8.18175644408 47.9936299566 0.00284256396981
116 8.68143607523 -7.7830816897 48.8998857858 0.00448366103545
117 8.6671576325 -7.45524109278 49.8339687869 0.00364947470249
118 8.74547725046 -7.23899968153 50.7969115175 0.00387630418206
119 8.61292255038 -7.08470969065 51.7657854393 0.00180409885607
120 8.67063173739 -6.96246101832 52.7464972908 0.00452667226969
121 8.7059206051 -6.92169585833 53.7349777288 0.00639823512497
122 8.46021233305 -6.47140521321 54.5815405002 0.00561797040799
123 8.20587969234 -6.03053385178 55.4304551095 0.0133909228506
124 7.80216128609 -5.53898789379 56.1886243856 0.00587359502447
125 7.2655203955 -5.08459226563 56.884923996 0.00359611038077
126 6.71547291979 -4.70634550058 57.6154191543 0.00630045539843
127 6.27831774039 -4.55693988901 58.4905139649 0.00647039474657
128 5.85390548152 -4.44291208032 59.3770700046 0.00544651683455
129 5.73911388026 -4.3929004874 59.5491019705 0.000734303878539
130 5.15205201336 -4.18676130619 60.3179137336 0.00492470445671
131 4.52883553422 -3.90212089682 61.0311193222 0.00617527926967
132 4.04155369519 -3.97203475432 61.8888584702 0.00405893919027
133 3.59259320061 -3.8938575428 62.7665288455 0.0041092727132
134 3.14147771334 -3.81519971853 63.6430044034 0.00390484327103
135 2.66366124142 -3.73587721991 64.5051035351 0.00399934977341
136 2.17144062154 -3.7825782487 65.3614158478 0.00362158022146
137 1.64025585044 -3.78417303309 66.1953743156 0.00475782492611
138 1.03406263492 -3.71079651674 66.9729744973 0.00163118355259
139 0.410014958009 -3.56383953467 67.7255945312 0.00307497352518
140 -0.230011916403 -3.49723806145 68.4761512823 0.00428092597084
141 -0.894965509873 -3.33578809352 69.1896414736 0.00177509731165
142 -1.72714877587 -3.45117510816 69.710530274 0.00346703021063
143 -2.58476150603 -3.68352674993 70.1436322299 0.0212515579756
144 -3.40312487948 -3.99751426015 70.6000541473 0.00585021331606
145 -4.32725014311 -4.19566672744 70.8884645482 0.00992334922287
146 -5.22817282558 -4.44691861405 71.2069863077 0.00292877704243
147 -6.03168621478 -4.84370630943 71.6230829466 0.00286614374556
148 -6.79864720531 -4.26960995701 71.8645060715 0.00373871588915
149 -7.60067732988 -3.84166258488 72.2513714042 0.00471387833299
150 -8.37907745405 -3.30096790949 72.530054925 0.0076841715111
151 -9.28354661223 -2.98860373736 72.7752221492 0.00126253881193
152 -10.2125477232 -2.73836073349 72.9989307801 0.00222235030623
153 -11.1023672793 -2.34772992345 73.1757948045 0.00769437059669
154 -11.9212327204 -1.96529693637 73.5742104059 0.00246921974437
155 -12.7166450275 -1.6243902714 74.050240438 0.0019245104663
156 -13.5161548003 -1.22971184687 74.4750370335 0.00246933546852
157 -14.2818804671 -0.864309323216 74.980565674 0.00608155998334
158 -14.9981189259 -0.685078005058 75.6364819974 0.00303128541022
159 -15.8191254709 -1.08433917548 76.0129031075 0.0236314001327
160 -16.592122709 -1.58874535977 76.3630924803 0.00799149184553
161 -17.2008615534 -2.24033170603 76.7865132091 0.0030959545581
162 -17.5594182596 -2.99976704199 77.3052341897 0.0058577251512
163 -17.8995086963 -3.7094550555 77.9010119943 0.00456292705007
164 -18.3039508694 -4.43051490627 78.4401101291 0.00257397883121
165 -18.7225851603 -5.18392367399 78.9208981146 0.00445676071102
166 -19.1314180975 -5.95370619049 79.3837232436 0.00277361906537
167 -19.6513988873 -6.55227803529 79.9712919954 0.00366695965329
168 -20.0648864275 -7.21158080544 80.5780624522 0.00352758480942
169 -20.3378114858 -7.85734997415 81.2725249927 0.00472938541298
170 -20.6648248546 -8.46924628455 81.9741748313 0.0297027326229
171 -21.0018360703 -9.15818829907 82.5943490401 0.00348834590156
172 -21.4508799481 -9.74431246326 83.248243109 0.00397795343711
173 -21.9078089241 -10.1921508869 83.9988241777 0.00512866191033
174 -22.3289880083 -10.6644823939 84.755190566 0.00182360273909
175 -22.8430995407 -11.0218247527 85.5171148224 0.0062177657561
176 -23.4216754166 -11.2176299606 86.2912464663 0.00385190390084
177 -23.9656323427 -11.4509016696 87.0798959923 0.00238272368722
178 -24.4978265032 -11.7510936718 87.8537493578 0.00389030479143
179 -24.9125171663 -12.0454216487 88.6984643914 0.00194950415671
180 -25.1729462004 -12.3558921792 89.5973060289 0.0012298701125
181 -25.4431907497 -12.4956551621 90.5351577046 0.0040724720271
182 -25.621566416 -12.6394341298 91.4940869053 0.00369381028739
183 -25.6332394964 -12.8062492689 92.4656724392 0.00502981011543
184 -25.8564165465 -12.7635017104 93.4249171032 0.00387448828699
185 -26.044276697 -12.7963488429 94.3920316687 0.00624702302243
186 -26.1133720249 -12.8907377071 95.3707176973 0.00688711493275
187 -26.1443584903 -13.1335638663 96.3253686926 0.00500275904575
188 -26.3314420578 -13.485727662 97.226514807 0.0139612389451
189 -26.5465057592 -13.691708863 98.1656715485 0.00448072583333
190 -26.6274221939 -13.9270283829 99.1189024094 0.00308404637728
191 -26.685774875 -14.1396943041 100.079033295 0.00178920779704
192 -26.8071454001 -14.0270161293 101.050120987 0.0045558141135
193 -26.7432508086 -13.8572149357 102.018303961 0.00564951222475
194 -27.0332811568 -13.4848410457 102.882731987 0.00380148013599
195 -27.3196578794 -13.0362425394 103.711351603 0.00259298620763
196 -27.6170591784 -12.5724061462 104.527548289 0.00394406375513
197 -28.0287678018 -12.2491934 105.361626594 0.00660286506704
198 -28.3851510407 -11.8970281966 106.209226117 0.00445641332492
199 -28.8412638631 -11.783324055 107.074302075 0.00479262526603
200 -29.3722051375 -11.8262408343 107.90218551 0.00475224910992
201 -29.9355587935 -12.0364763338 108.681521259 0.00663402622963
202 -30.5913045395 -12.4041331767 109.316675745 0.00476303786146
203 -31.1421639299 -12.7636854478 110.048646238 0.019040612132
204 -31.5476049987 -13.342311258 110.733199149 0.00495030388058
205 -31.8658041549 -14.0026164384 111.389210773 0.00112426052944
206 -32.1519131462 -14.527608351 112.170358021 0.00621971646488
207 -32.3487878383 -15.3993558176 112.580830926 0.00464995956503
208 -32.3605508157 -16.3340778298 112.886010113 0.00648918662137
209 -32.2716258005 -17.2859500863 113.115674718 0.00334767457736
210 -32.3399148329 -18.2299836668 113.381638309 0.00608256182661
211 -32.277558482 -19.0933001824 113.847740651 0.00285982606468
212 -32.0167254379 -20.027162266 113.686176456 0.00569710512871
213 -31.6765480373 -20.9492365104 113.693917415 0.0044676498472
214 -31.857144595 -21.9120058409 113.614593595 0.0022342514674
215 -32.2894355154 -22.7940829171 113.64299215 0.0026156845404
216 -32.6071502904 -23.7192245722 113.549106523 0.00213680847374
217 -32.929564198 -24.6096481457 113.286825996 0.0051597098281
218 -33.2571596687 -25.4450453778 112.886526898 0.00771323021657
219 -33.3371624624 -26.3643640001 112.549535265 0.00522465791868
220 -33.3795158955 -27.3139344242 112.301765712 0.00774284845911
221 -33.8482603111 -28.0036297074 111.782846917 0.00581098426536
222 -34.1635654643 -28.6322897305 111.097332266 0.0056860618138
223 -34.3234478126 -29.3561681882 110.453338774 0.00323365699642
224 -34.395449669 -30.1786258578 109.921877835 0.00907300487539
225 -34.5173019916 -30.9402647893 109.314590973 0.00252517012375
226 -34.5143155122 -31.6378388222 108.623880859 0.00367043947803
227 -34.4402591794 -32.4120025645 108.02500584 0.00443408101278
228 -34.5601447731 -33.202369784 107.455623078 0.00678686982536
229 -34.4154490178 -34.0909875639 107.065416703 0.00474846688756
230 -34.443856465 -34.96557684 106.62163482 0.00604709687204
231 -34.4080980734 -35.9274002474 106.432176409 0.00705320232389
232 -34.222271829 -36.8207701331 106.072490634 0.00467528665127
233 -34.0385740378 -37.6521022608 105.585652499 0.00190436468626
234 -34.0227001763 -38.4364806209 104.997135979 0.00697540588525
235 -33.8496578287 -39.1726739372 104.37293203 0.0016479940418
236 -33.5837216831 -39.9064645315 103.779399182 0.0013783017773
237 -33.1192885066 -40.6027228362 103.268663053 0.00345150886542
238 -32.5233990672 -41.3284150327 102.987016585 0.00305823611542
239 -31.8326002242 -41.9438506553 102.66306603 0.00519207596803
240 -31.1865173278 -42.5462886649 102.238386858 0.0063080018068
241 -30.3904848581 -42.9864059707 101.873703403 0.00222554687056
242 -29.5654784889 -43.4588637285 101.636321572 0.00550389330085
243 -28.6506113307 -43.7014048688 101.383094336 0.00355838775224
244 -27.719712187 -43.943392135 101.197080825 0.00399533794423
245 -26.7676358009 -44.1714198409 101.164533799 0.0200368587265
246 -25.9315272363 -44.375150305 101.631472773 0.00237410370048
247 -25.0400412197 -44.4313401544 102.032151457 0.00229919779193
248 -24.2472183349 -44.0881765521 102.492621627 0.00133877083643
249 -23.3879657096 -43.7057218774 102.763921573 0.00362974580147
250 -22.6239242958 -43.1399895511 102.996660984 0.00360143294797
251 -21.7208510276 -42.764464236 102.962244157 0.00793977016343
252 -20.8562473261 -42.3088138589 103.008619842 0.00521431771042
253 -19.9845145997 -41.8691550567 102.946983038 0.00538925929701
254 -19.2175485689 -41.2692578992 102.854236277 0.00289376248081
255 -18.5669640941 -40.5449282142 102.947169603 0.0081814620909
256 -17.9330801063 -39.8423992217 103.193667394 0.0032612305661
257 -17.4022188498 -39.1364527383 103.613000137 0.00811666434069
258 -16.8801152021 -38.4813093101 104.116775535 0.0154097453428
259 -16.4079615877 -37.663449733 104.367153636 0.00356662597207
260 -15.9767631628 -36.804283558 104.540840869 0.00526799123894
261 -15.6214765576 -35.8950878242 104.57320517 0.0019359790714
262 -15.4323753535 -34.9484076748 104.425405774 0.00339671604529
263 -15.7186996893 -34.0671962077 104.11696625 0.00448827760868
264 -16.2571162016 -33.3781869613 103.682440736 0.00534487265819
265 -16.8004666664 -32.6653040221 103.295620682 0.00156554043884
266 -17.4430168202 -32.0182315014 102.947248621 0.00463943891189
267 -18.1180339108 -31.4839392491 102.487259772 0.00605436125023
268 -18.7674919564 -30.9139266757 102.03383996 0.00338753750613
269 -19.4913338476 -30.3302653483 101.738260916 0.00200746789229
270 -19.5893457089 -31.1628829793 101.239146837 0.00302138080417
271 -19.4321353211 -32.0063979515 100.774918597 0.00621089222794
272 -19.1225279629 -32.7888790831 100.281760794 0.00339656552976
273 -18.5428637889 -33.433089417 99.8344926747 0.00648223746511
274 -17.9116956031 -34.0926959935 99.4923131174 0.00527690677343
275 -17.0609718691 -34.5143056286 99.7128146565 0.00398064509287
276 -16.2318736199 -34.8607663584 100.090255851 0.00560728191206
277 -15.3801055057 -35.1823857729 100.437424151 0.00351637808496
278 -14.7822511875 -35.7105467962 100.996887972 0.0071756844279
279 -14.0258381779 -36.1052277274 101.466819458 0.00361332985609
280 -13.3864878216 -36.544452357 102.055820304 0.003863988262
281 -12.6826923775 -36.8522727929 102.654355803 0.00146596595169
282 -12.0382877866 -37.1121073944 103.336660066 0.00710068733715
283 -11.320310548 -37.4614049499 103.89354705 0.00735602819027
284 -10.5494892197 -37.8963734314 104.297958162 0.00419223143711
285 -9.60896432949 -37.8848928094 104.546482213 0.000904113632229
286 -8.67703297376 -37.943918565 104.819322647 0.00544845734835
287 -7.76352405313 -38.0107250092 105.146505765 0.0028543288418
288 -6.79583175517 -38.0665712923 105.224834832 0.0045928329753
289 -5.85080691599 -37.8521947081 105.145630534 0.00315010707275
290 -4.8977251642 -37.7271825702 105.000508496 0.00315757330918
291 -3.94669461788 -37.6221256315 105.171678315 0.00305426928666
292 -3.04534768571 -37.5276912091 105.522792669 0.00592565620056
293 -2.19798285999 -37.2179822333 105.883593908 0.00439749656442
294 -1.52194643142 -36.7208595885 106.373177727 0.00515754925592
295 -0.820046501257 -36.2607260982 106.862063409 0.00306289421308
296 -0.0402879177564 -35.8205454506 107.237890546 0.00369722421681
297 0.552745894319 -35.1315255839 107.578823686 0.00412384370953
298 1.00069473853 -34.3685423412 107.978249646 0.00515444478643
299 1.36537726063 -33.5462089318 108.342418142 0.00252759270234
300 1.74646517219 -32.7193337525 108.678037055 0.00199620005356
301 1.80020618116 -31.8515180863 109.108717901 0.0047674863219
302 1.79512309243 -30.9430568946 109.448766478 0.00390350465986
303 1.20832501643 -30.2146381437 109.704917596 0.00679977010183
304 0.608745403892 -29.5282800082 110.035592774 0.0111310632703
305 0.403529603593 -28.6426892042 110.37092961 0.00431802665506
306 0.327407570807 -27.7235931756 110.667312741 0.00265786525454
307 0.276976692896 -26.8039320008 110.966957719 0.00253516068061
308 -0.12728942708 -26.0929164517 111.485671414 0.00489804171828
309 0.583887784405 -25.7942556112 112.071026715 0.0106325696976
310 1.24532114929 -25.1223734649 112.288404812 0.00652012083129
311 1.88567066067 -24.3978582907 112.267270496 0.00428346328123
312 2.20768153428 -23.634139489 111.769010694 0.00262757866211
313 2.06434307507 -22.8573248386 111.211325457 0.00436529601842
314 1.96335572993 -22.0412064373 110.703185293 0.0130247722652
315 1.78288569875 -21.4894577795 109.930944476 0.00342017856424
316 1.30455778918 -20.9901579599 109.256635164 0.00408913907862
317 0.967392934448 -20.7340237602 108.388666438 0.00487071331423
318 0.799316112273 -20.532846393 107.459429148 0.0047468720224
319 0.334622741745 -20.4156294463 106.6217162 0.00350901055745
320 -0.205238476041 -20.3014970126 105.830230986 0.00424751749037
321 -0.859243631456 -20.1268334515 105.14321868 0.0137915447535
322 -1.4364643181 -20.290588895 104.389177201 0.00591882849917
323 -1.78174596835 -20.7223576554 103.600364296 0.00243958217112
324 -2.01707657409 -21.0565025128 102.728192109 0.00379248626145
325 -1.57314934786 -21.4410340001 101.96526774 0.00265278482764
326 -2.02308325315 -20.8652850913 101.338796036 0.00686949800637
327 -2.64919762295 -20.4474565064 100.739790733 0.00513125716243
328 -3.06536252569 -20.0438251675 99.972411694 0.00552977204488
329 -3.63149623595 -19.7414636752 99.2567519854 0.00346617484581
330 -4.29862036547 -19.4039666719 98.6530557869 0.00315106343472
331 -4.97224993139 -19.081966008 98.048499406 0.0154161864142
332 -5.6867961034 -18.9513799174 97.4215686526 0.00560356120412
333 -6.5438519649 -18.904752126 96.9940194863 0.00500709735012
334 -7.17598474511 -18.9873315763 96.2779446209 0.00341236037333
335 -7.59456546146 -19.366275849 95.5033863454 0.00394505975175
336 -7.71096724328 -20.0145733034 94.8076038668 0.00347878114608
337 -7.5819525592 -20.7043340905 94.1557712331 0.00542578706435
338 -7.55535587204 -21.1132849004 93.2903778252 0.00268313329067
339 -7.42642706652 -21.5646471487 92.4561242781 0.00259460165329
340 -7.19814479946 -21.8774177338 91.5808805201 0.00560531433005
341 -6.9180117495 -22.1169376738 90.6981552049 0.00327628526196
342 -6.46011567646 -22.0448254615 89.8617971395 0.0045313751859
343 -6.17731876111 -21.5655501054 89.0847858922 0.00464724566265
344 -5.82198268587 -20.9809250589 88.4182216457 0.00387278126716
345 -5.61501838084 -20.5179439445 87.6090389754 0.00417805572275
346 -5.31576704359 -19.8295933651 87.019669307 0.00220134371231
347 -5.10051830089 -19.129363222 86.408353229 0.00361635970967
348 -5.11240702897 -18.6036119486 85.6124179692 0.00493641619817
349 -4.98255798465 -17.9502757528 84.9303913196 0.0123817431846
350 -5.21568092061 -17.3302775813 84.246517969 0.00325369720233
351 -5.55403848159 -16.6683724144 83.6523949144 0.00252649635037
352 -6.1103029601 -15.9662452357 83.3326133163 0.00349734168849
353 -6.70840342541 -15.3030780981 83.0063690064 0.00385741080451
354 -7.00546143881 -14.5802236545 82.465379358 0.00496647000851
355 -7.502765733 -14.33209997 81.6946808973 0.00511878691096
356 -7.85683072464 -14.1173700855 80.8399926156 0.00160517606445
357 -8.20889345716 -14.4163186236 80.0104003574 0.00352188050721
358 -8.54899285656 -14.1084018928 79.1795671494 0.0201503130344
359 -8.8449280082 -13.4403628656 78.578171802 0.00530137108765
360 -9.04415146269 -12.7146602429 78.0055975407 0.00241651221867
361 -9.30940165846 -13.5770985689 77.7245528595 0.00611460581248
362 -9.4894342244 -14.2328582451 77.0689777355 0.00564075249412
363 -9.22019687114 -14.9432181526 76.509112194 0.00272321280556
364 -9.53721550815 -15.829634333 76.4539333012 0.00529953678849
365 -9.63787199731 -16.763805934 76.382842057 0.0037219790663
366 -9.75672120395 -17.6785048679 76.1928321996 0.00505086980567
367 -9.54092796675 -18.5825734485 76.0459749345 0.00742145764133
368 -9.40029170888 -19.5114295767 76.0736966394 0.00297836533346
369 -9.90741624044 -20.3018809393 76.0521423559 0.00278301875372
370 -10.2863884334 -21.1282229114 75.817033535 0.00389237741402
371 -10.524887734 -22.0331719604 75.7487386383 0.00346357933135
372 -10.555590141 -22.9083898709 76.0844274508 0.00683885320407
373 -10.3318133553 -23.8088490527 75.956251542 0.0143768487312
374 -10.0794233245 -24.6825294882 76.1700526199 0.0124837416216
375 -9.85507839235 -25.4664577689 76.6215976218 0.00571496440992
376 -9.41716660395 -26.2343639454 76.913200284 0.00574952202799
377 -8.6566778858 -26.7539965485 77.0391465984 0.00221937453578
378 -7.75901375506 -26.8716279106 76.8298245676 0.00494662689928
379 -7.02844745808 -26.5109334356 76.3847628225 0.00977964009098
380 -6.3357279019 -25.9137396615 76.2392197003 0.00170571873637
381 -6.171130374 -25.0410520661 75.977640685 0.00767190517968
382 -5.72013564385 -24.3403539947 76.377349215 0.00372047254365
383 -5.85523554019 -24.3743827548 77.2909611774 0.00512639829012
384 -5.90009796073 -24.4593311678 78.2089413056 0.00528100628697
385 -5.96067334277 -24.5321087569 79.1257959231 0.00590415615878
386 -6.50242975822 -24.1447636219 79.7601062112 0.0131314607012
387 -7.33035833579 -23.8027481835 79.5696012649 0.0158502108991
388 -8.12933608522 -23.6956999447 79.1440486087 0.00289117769254
389 -8.86212955744 -23.2003865518 78.9279592454 0.00705653369681
390 -9.62417750009 -22.7208500704 79.0477167114 0.00570554766862
391 -10.4588499896 -22.4835567721 78.7852386574 0.00509097311774
392 -10.4844286618 -22.4761948048 78.8116817065 6.05684511727e-05
393 -11.0972011224 -22.3756984628 79.450865371 0.00248565997847
394 -11.3481884511 -23.1937683306 79.6938465244 0.00638079049477
395 -11.2681639193 -24.0705480626 79.5884902973 0.00195631153154
396 -10.9309816508 -24.8863748789 79.6621682021 0.00468384069807
397 -10.3822422883 -25.5676203276 79.5366212063 0.00847360422305
398 -9.95459620117 -25.6947375679 80.2959637401 0.00436372955125
399 -9.55600597604 -25.6450781354 81.0773968123 0.00321711410937
400 -9.13508236812 -25.3582374593 81.7910898674 0.00761277335484
401 -8.7487591186 -25.3655773477 82.5739495321 0.00464301349456
402 -8.07065706911 -25.4031717908 83.1175265372 0.00347846116052
403 -7.95611543749 -25.5228828027 83.9703288637 0.0085489587908
404 -8.47477797708 -25.5975076117 84.6563254699 0.00139706105738
405 -8.71756399321 -26.0109918609 85.3732165537 0.00500805101354
406 -9.46918003808 -26.1884361105 85.7484164691 0.00773518375908
407 -9.24324737885 -26.8824957466 86.1910318005 0.00320339541001
408 -9.11813575264 -27.7215371835 86.1231009729 0.029669434991
409 -9.27596074853 -28.4495206225 86.4847709455 0.00253958148755
410 -9.33433633267 -28.9534660433 87.1372141872 0.00449507846446
411 -9.06018094163 -29.6226234098 87.5274358289 0.0105862968944
412 -8.92919560839 -30.376563903 87.2584424214 0.00772868703969
413 -8.85899716922 -31.13335211 86.9996124114 0.00542678695013
414 -8.56286132507 -31.7611286244 87.3853699488 0.00478964559081
415 -8.41067790114 -32.4619556371 87.7122898608 0.00688229659771
416 -8.39781922693 -33.2329862547 87.6018319835 0.00763166850096
417 -8.57652115919 -33.4993535223 86.902161187 0.00588406490309
418 -8.70265542982 -33.7214378185 86.1852430434 0.00642702316325
419 -9.12163384911 -34.292714086 85.9399894173 0.00554615671952
420 -9.60337320295 -34.7735416667 86.2318826323 0.00751047119562
421 -9.84569181789 -35.4338103552 86.4167616156 0.00902299287449
422 -10.0268397129 -35.974898921 86.8399137572 0.00606837187057
423 -9.73913542814 -36.609521644 86.8633180921 0.00375264900896
424 -9.13018674864 -36.69441759 87.1747468952 0.020873960952
425 -8.59241337616 -36.5315646614 87.4725193299 0.00603057946239
426 -8.50156364542 -37.1085441904 87.6736362113 0.00947128530482
427 -8.45182217784 -37.6372284852 87.4240910622 0.0107792413629
428 -8.2128493326 -38.0950176465 87.2447739137 0.010317909181
429 -8.18829064218 -38.1148860216 87.7477849132 0.00623588716671
430 -8.01280840145 -38.4822484362 87.9909886816 0.0118117676852
431 -7.66570958857 -38.4051951067 87.7773812896 0.00709264763546
432 -7.30587581852 -38.4718864626 87.7169052248 0.00875763276133
433 -7.10384029326 -38.5615435278 87.4933552424 0.0113194193155
434 -6.9760331547 -38.7133630251 87.6397537621 0.0298894998184
435 -7.07376795624 -38.6962304165 87.6379191004 0.0101600709394
436 -7.11762774992 -38.6846478401 87.5973947322 0.00531066495545
437 -7.14157251679 -38.6875227672 87.5620384347 0.00895094241342
438 -7.13282539653 -38.7031910031 87.5560025927 0.0128116816803
