0 0.656810228784 -0.664104438128 0.338365254686 0.00385523365411
1 1.42608837371 -1.29192867545 0.368625561928 0.00461910986799
2 2.23255976797 -1.86700581169 0.444252885643 0.00540839080184
3 3.06338945985 -2.40949122087 0.491301722284 0.00803957795145
4 3.92855068869 -2.89653892141 0.459795872596 0.00418553900456
5 4.85410110716 -3.23933060464 0.347865687529 0.00653017899343
6 5.80661527372 -3.49931951426 0.23949976707 0.00335847427471
7 6.76712388877 -3.7479356431 0.286426658756 0.00417913205849
8 7.74717326662 -3.90199649993 0.238255882676 0.00330508062029
9 8.72037852577 -4.09477999709 0.28546412256 0.00337982126553
10 9.69386592604 -4.27178003658 0.371990942794 0.00230130929102
11 10.6324297448 -4.54039025142 0.554817096705 0.00794295273165
12 11.5759252904 -4.6488753004 0.845447867994 0.00379527875102
13 12.4698281691 -4.67077212043 1.27772816307 0.00485766144809
14 13.4040394645 -4.56785659748 1.59866839113 0.000979520053923
15 13.7780270042 -3.68747226147 1.8658492273 0.00689616507723
16 14.0720125783 -2.75414718229 2.03535686042 0.00718021299136
17 14.4223050757 -1.83749709538 2.1877918372 0.0042832957144
18 14.6118887804 -0.865077573446 2.11994702663 0.00430560145575
19 14.7953385655 0.107464683188 2.03862839308 0.00705659093603
20 14.9424262444 1.07111834657 1.84946580266 0.00584039265339
21 15.0198203602 2.04358072402 1.66421647954 0.00325283416917
22 15.0238474622 3.00955787252 1.43435633489 0.00367654364418
23 14.7258388293 3.92012105207 1.17359223622 0.00340297430773
24 14.398157321 4.82464238509 0.927901199029 0.00540211845804
25 13.9975510336 5.68226066117 0.628136656351 0.00348492840582
26 13.4947284538 6.52033030845 0.453166930349 0.00308585944336
27 12.8655372517 7.24942568735 0.211669961466 0.00429409962163
28 12.1437515934 7.90587005785 0.0277102693094 0.00294454092703
29 11.3311011035 8.46166106604 -0.100342788177 0.00146811442334
30 10.596859638 9.11903998005 -0.2204663276 0.00455146866614
31 9.7188633809 9.58221221125 -0.205193650341 0.00880428024359
32 8.78313453315 9.78014334266 -0.4712839781 0.00261323744185
33 7.83280559913 9.87849601937 -0.740997658209 0.00402716743007
34 6.85952504842 9.90914483623 -0.93407975607 0.00238589823764
35 5.87997747259 9.85635963732 -1.08629030153 0.00096603784389
36 4.9143679698 9.71445855199 -1.26773682452 0.00298158541424
37 3.97344385635 9.40118830165 -1.31185640535 0.00677503992358
38 3.01829173493 9.131302631 -1.29770526973 0.00385082017302
39 2.1076715868 8.74094920265 -1.35862313715 0.00315069347882
40 1.25438819347 8.28256457718 -1.57561477891 0.0019838084134
41 0.455862073611 7.75638370137 -1.84164048312 0.00490779252228
42 -0.358541067242 7.23762877874 -2.07156667086 0.00150070412013
43 -1.0535964532 6.57643769948 -2.3263942758 0.00367389170743
44 -1.78822600212 5.93123649359 -2.49727662278 0.00335597674647
45 -2.50433747612 5.27805976568 -2.7110049069 0.00369489606379
46 -3.0965285757 4.57701629829 -3.08911715827 0.0313522281036
47 -3.64866214981 3.83536095723 -3.44950811205 0.0110637807085
48 -4.24207534786 3.11660038335 -3.78995811479 0.00273047063011
49 -4.78299183615 2.35959832928 -4.13490794361 0.00153982514167
50 -5.21451103516 1.54411945856 -4.50015497067 0.00685373758848
51 -5.60972664375 0.771899414831 -4.98187173307 0.00772305643993
52 -5.8439214944 -0.157369704804 -5.23887941352 0.0101309927867
53 -5.99890294699 -1.1146989055 -5.44821952925 0.00638534171303
54 -6.06915336927 -2.08266999671 -5.65400056295 0.0060587221214
55 -6.01715300238 -3.01107130569 -5.99978569451 0.00466918895825
56 -5.89261830343 -3.95926247672 -6.26352441704 0.0070816839889
57 -5.78911646132 -4.90905590932 -6.53041753885 0.00263828763975
58 -5.76126585592 -5.8618213278 -6.80516292912 0.00539762405487
59 -5.72857966117 -6.11216927184 -6.89227244695 0.00080680512879
60 -5.54218993287 -7.02909511398 -7.22100626141 0.00336498342793
61 -5.43604909111 -7.98921292577 -7.44552997124 0.00333390771588
62 -5.1472621356 -8.92378161036 -7.60874446353 0.00653263625987
63 -4.66448743401 -9.78549995385 -7.69672021755 0.00730374111353
64 -4.10355234307 -10.6017813079 -7.64861757451 0.00499121062345
65 -3.45246902068 -11.3494862422 -7.66417438229 0.00156214676242
66 -2.83073777635 -12.1206109956 -7.6193201148 0.00185217590471
67 -2.2505935745 -12.9174497379 -7.51136109698 0.0143169216205
68 -1.68696680558 -13.7310894163 -7.45386974979 0.00474139290796
69 -1.05673344084 -14.4862781074 -7.32965884823 0.00653823723117
70 -0.305550766533 -15.1198107607 -7.19847496424 0.00566556472099
71 0.46082741327 -15.7007696768 -6.95777306528 0.00406104462239
72 1.37740940612 -16.070429148 -6.88065563689 0.00181385886048
73 2.31634185174 -16.3777317494 -6.79901576929 0.00113944130507
74 3.30154708235 -16.4871751368 -6.80737833401 0.00619063921468
75 4.28886437335 -16.5545298951 -6.75024747049 0.00175082566277
76 5.27672497698 -16.6280181919 -6.71414981007 0.00488433758653
77 6.24790107868 -16.7700336122 -6.57572755574 0.0201602296568
78 7.19460033579 -16.6488557258 -6.30864953034 0.00490570655613
79 8.12475773046 -16.4808044724 -6.0107267813 0.00575648587426
80 9.06912939651 -16.2209117897 -5.86002777615 0.00614807621998
81 10.0279053284 -16.0899013931 -5.64649013349 0.0274049068011
82 10.9968649725 -15.9862517758 -5.46762579261 0.00264113307532
83 11.8522381182 -15.6375759492 -5.10933520304 0.00418145455681
84 12.654772275 -15.1186134742 -4.84828475966 0.00393138206554
85 13.3866215917 -14.5353547568 -4.52318400668 0.0151644735702
86 14.1901777109 -13.9951734808 -4.31403809579 0.00396699037686
87 15.0378859891 -13.5498207367 -4.06058424243 0.00418466195989
88 15.9179078521 -13.1787592164 -3.79790474369 0.00398722762802
89 16.7376052451 -12.7497311846 -3.44418965576 0.00366265280386
90 17.5158256446 -12.2812615201 -3.04928889694 0.00336244722244
91 18.3248323092 -11.8200877875 -2.71194718243 0.00491131087316
92 19.1636838354 -11.3827902582 -2.41871195983 0.00426588784812
93 19.8652041431 -10.8020688313 -2.02951389327 0.00469723661741
94 20.6093672921 -10.2122204555 -1.74836149079 0.00696372482506
95 21.3015998948 -9.52283117801 -1.58657007528 0.00302852163567
96 21.7204440891 -8.63044195203 -1.49288197475 0.00396934252731
97 22.0654267473 -7.70906973672 -1.38078859837 0.00677744428655
98 22.3586045126 -6.7819968815 -1.19374149858 0.00415624804284
99 22.8135604069 -5.90834659248 -1.09334709805 0.00321421209072
100 23.2294305685 -5.01483001188 -0.998708235951 0.00779887287996
101 23.3424218668 -4.05345519069 -0.790976830714 0.00722964491436
102 23.3629917124 -3.06490080774 -0.742341736431 0.00577300626986
103 23.2733148189 -2.08639844938 -0.622225935508 0.00428515766008
104 23.1033558794 -1.13236403627 -0.420219968154 0.00721558306632
105 22.8648251996 -0.179917965714 -0.294945263359 0.00447850199873
106 22.85560642 0.769662341571 -0.574054582105 0.00340562419315
107 22.6716286965 1.71540672806 -0.800643055631 0.00669362889201
108 22.3587166439 2.61311911929 -1.07580638049 0.00146184209596
109 22.202305118 3.5586554535 -1.32275271121 0.00431201591343
110 21.7177533062 4.02635025015 -2.04804273616 0.00439509621137
111 21.1820964563 4.52994776441 -2.71056011611 0.0100424359673
112 20.5640962223 4.93553665324 -3.36848409622 0.0133404871223
113 20.0509154901 5.32086399475 -4.12165789307 0.00709626552912
114 19.4961654674 5.73608266583 -4.8279129783 0.00532547398945
115 18.8587337344 6.02071349428 -5.52899598839 0.00552017167723
116 18.1916788257 6.22381116547 -6.23080797532 0.00526489020754
117 17.3507873919 6.4664402634 -6.69187654296 0.00132829693796
118 16.4806235067 6.616911575 -7.13762866941 0.0110163691077
119 15.6600800964 6.5171674638 -7.68086984789 0.00312481726514
120 15.0490644542 6.63034561162 -8.4504499606 0.00677375229272
121 14.4985120987 6.72413461424 -9.26678227639 0.00287981275292
122 13.9073135396 6.83608159869 -10.0517544437 0.00328825276151
123 13.282938375 6.84388971121 -10.818729377 0.00453834343234
124 12.7238357306 6.8724669982 -11.6340116279 0.00450312030542
125 12.1026998994 6.78895720014 -12.3989932398 0.001706256046
126 11.4200874236 6.82737284261 -13.1134744408 0.00361796984708
127 10.666331158 6.80892993313 -13.7532565134 0.00543011317883
128 10.0094437745 6.77071551684 -14.4913577754 0.00205259609534
129 9.23802561946 6.68491578619 -15.1038948364 0.00452624213329
130 8.47673127327 6.38201776535 -15.6572630007 0.0015661258561
131 7.70640207069 5.97149690972 -16.1215170564 0.00395590415845
132 7.05946435146 5.49027417759 -16.6936414878 0.00780058528385
133 6.45966111674 5.14236595671 -17.3982933921 0.00328259733405
134 5.79222491624 4.77710823345 -18.0294422527 0.00336978639009
135 5.10852406374 4.65343629166 -18.7326210193 0.00559381361526
136 4.50337120783 4.60609565203 -19.5128011181 0.00571427242763
137 3.82484947151 5.00543136576 -20.1103404472 0.0020691203801
138 3.13440172339 5.30590616419 -20.75056588 0.0041253131304
139 2.3842945656 5.54766585047 -21.3469509663 0.00718864037577
140 1.68862161711 5.73674088943 -22.022940672 0.00501121432627
141 0.867859740215 5.94800873497 -22.5310755737 0.00662996683437
142 0.109491306883 6.18375202383 -23.119021376 0.00418926738425
143 -0.535670538104 6.50657171503 -23.7942143597 0.00662016355177
144 -0.594830364535 6.52117467259 -23.843707815 0.000591863410006
145 -1.32970686613 6.58231276538 -24.5003961018 0.00177220955731
146 -2.14311055007 6.55153625171 -25.0592831545 0.00586332392492
147 -2.968941949 6.42051479348 -25.5842663631 0.00303762799619
148 -3.82871371406 6.36889020728 -26.0667673154 0.00497371772774
149 -4.75036122115 6.44105123245 -26.4129875674 0.00387872854064
150 -5.70302045547 6.35757358756 -26.6576516293 0.00458175783691
151 -6.63125203987 6.03643528577 -26.7551703928 0.00325029076395
152 -7.40373721521 5.46626437845 -26.9840017649 0.00444635685479
153 -8.20054164452 4.9603777195 -27.2725782024 0.00679176239559
154 -8.78847064101 4.2086249644 -27.5238203498 0.00510966445946
155 -9.27119080215 3.47561442373 -27.9749586542 0.00647053404672
156 -9.48109612676 2.55316801224 -28.255421801 0.0038433104364
157 -9.59960864979 1.59890571584 -28.4764484494 0.00854532218166
158 -9.44176041282 0.66646048174 -28.7574031274 0.0048904807683
159 -9.4390975137 0.618462611059 -28.7762567811 5.97879593842e-05
160 -9.40968470288 -0.324649057072 -29.0605735577 0.00407694385299
161 -9.31686262595 -1.29595809549 -29.1982376087 0.0240286154572
162 -9.09982266552 -2.21681848966 -29.4724903726 0.00270464795558
163 -8.6146021865 -3.04540026747 -29.6920809613 0.00261656951876
164 -8.09223366247 -3.75151664638 -30.1378758563 0.00670358041337
165 -7.46940695599 -4.36136490635 -30.5963181571 0.00553315333632
166 -6.87420771805 -5.01758271664 -31.026346527 0.00523688169797
167 -6.18209401072 -5.57751973981 -31.4471616432 0.00293235381037
168 -5.60477150228 -5.93219110339 -31.7473407761 0.00286851921015
169 -4.72510875485 -6.22986216507 -32.0698507108 0.00381753916325
170 -3.82867362744 -6.50600865588 -32.3638222398 0.00385856261797
171 -2.9896815389 -6.86564677078 -32.728382841 0.00240046421611
172 -2.14040964898 -7.28173126973 -32.9960290031 0.00822380557804
173 -1.32350169256 -7.77132394818 -33.2382206116 0.00471359778571
174 -0.536793698789 -8.34638331004 -33.3642477193 0.00557251626207
175 0.349231031552 -8.72152647717 -33.5630093157 0.00405195797621
176 1.24233101746 -9.04013732179 -33.8198975726 0.00684661069348
177 2.19226717462 -9.20134130726 -34.0108733755 0.00522296349906
178 3.17054366842 -9.24799144345 -34.0843806831 0.00356235948166
179 4.10462520054 -9.13025982442 -33.8048579315 0.00410856731154
180 5.01899586905 -8.78969913057 -33.694243934 0.00469723947165
181 5.95106614046 -8.51038559136 -33.5626158405 0.00323473349125
182 6.73923907928 -7.92708481891 -33.6125636572 0.00574302852933
183 7.4027500689 -7.20358875121 -33.6159590868 0.0111092885542
184 7.92823375043 -6.39432453001 -33.7954101955 0.0085260556099
185 8.38097869916 -5.67369856993 -34.2840011765 0.00554733402318
186 8.45665188062 -4.9580823345 -34.9511249038 0.00749271495918
187 8.55509065881 -4.4640747141 -35.7931395314 0.00242195329179
188 8.53539724448 -4.03320670114 -36.6744011785 0.00411888196095
189 8.67842130126 -3.46601551628 -37.4619325889 0.00293412533875
190 8.99584287952 -2.82242075365 -38.1306240021 0.00670666970472
191 9.5634009911 -2.30456616619 -38.7401005876 0.00433235135187
192 10.2725194239 -1.65062472106 -38.9157075802 0.00609088700618
193 10.7986495356 -0.844176765791 -39.099735183 0.00559920743157
194 11.1569277722 0.0164644865878 -39.4026203551 0.0040951105975
195 11.578441816 0.437204610146 -40.1812477849 0.00255407858766
196 12.101557012 0.840590509225 -40.9054074426 0.00884292003224
197 12.6602326491 1.46234114807 -41.416746258 0.00367149633637
198 13.2417256166 2.21821567142 -41.6411317459 0.00334554822565
199 13.6693013298 3.02086714255 -42.0053387742 0.00369828255933
200 13.9238333891 3.75822636923 -42.5979571924 0.00928150155582
201 14.3026661117 4.5410303328 -43.048293815 0.00338040297893
202 14.4092004021 5.45353528655 -43.3871822338 0.000838676670648
203 14.0319377932 6.35373142584 -43.4650185436 0.00433619925314
204 13.6584034716 7.25231989958 -43.5723683258 0.000846973453822
205 13.082483939 8.03296690749 -43.7041984943 0.00398449125865
206 12.5605350594 8.83486807968 -43.9110835958 0.0376844708826
207 12.1696336861 9.69386919223 -44.167020601 0.00141049463873
208 11.6733060063 10.4272085577 -44.5818235488 0.00474916490171
209 10.9125956499 11.0215165389 -44.7364730855 0.00446284120791
210 10.2673958449 11.7285619149 -44.934842644 0.00253521400681
211 9.42621358482 12.1574109111 -45.187657111 0.0040889153013
212 8.49444974314 12.4126255616 -45.3353657385 0.00475203331466
213 7.61149940072 12.7370325518 -45.6000247545 0.00581951523066
214 6.71696735993 12.3468641224 -45.5546758612 0.00933259934186
215 5.8174596636 11.97309559 -45.6259395251 0.00374317984255
216 4.87857133051 11.8211018371 -45.8474802584 0.0190348345221
217 3.98050941837 11.6803410813 -46.2027165537 0.00337736970536
218 3.15845676701 11.3247288162 -46.5901261185 0.00445331093289
219 2.275444156 11.067274506 -46.9156837477 0.00155919574885
220 1.36402624877 10.8345943594 -47.1745687455 0.00992419852196
221 0.530241965609 10.527268692 -47.5765622526 0.00675566131007
222 -0.164532569389 10.1005502166 -48.1114254888 0.01374100447
223 -0.801922685557 9.58000774723 -48.6335920682 0.00354287434015
224 -1.61313734427 9.10809093392 -48.8956582777 0.00663302808022
225 -2.33191935106 8.49511947979 -49.1335057772 0.00286133840514
226 -2.87705022418 7.71871008192 -49.3543070222 0.00304811037309
227 -3.20822487938 6.82371195838 -49.1598973465 0.00656734986126
228 -3.41960595117 5.88848466634 -48.9906242578 0.0101396338072
229 -3.59548192646 4.93551150809 -48.900684915 0.0103130368403
230 -3.63378791465 3.96558729594 -48.9649809274 0.0124959932487
231 -3.60328858494 3.03606764188 -49.2486452331 0.00536254509702
232 -3.57155472584 2.10084158786 -49.5118725232 0.00889268046366
233 -3.35473879467 1.20854156454 -49.8296903444 0.00564215047041
234 -3.06261680273 0.319752945611 -50.0912542939 0.00084317961259
235 -2.74128089378 -0.574313213178 -50.2937014504 0.00508136004966
236 -2.36149946256 -1.46787619087 -50.3141915066 0.00589462998011
237 -1.94213200776 -2.30821255293 -50.0680078971 0.00509385814175
238 -1.2645473921 -2.84928477604 -49.6316276612 0.00435526656763
239 -0.584523847937 -3.29621423498 -49.1026471222 0.00932723428364
240 0.353523393199 -3.53404705949 -49.036654827 0.00645597852621
241 1.29644575006 -3.3416544097 -48.9177903054 0.00727294868631
242 2.25802063963 -3.2790390788 -48.8129577488 0.00409955214172
243 3.2166941403 -3.13743834631 -48.8169104336 0.00421945585856
244 4.17485037821 -2.9940923513 -48.8074635251 0.00314203029004
245 5.03782298748 -2.55570870987 -48.8459847213 0.00323545309731
246 5.82897596495 -2.04415815228 -48.6212579942 0.00449619394885
247 6.62377134735 -1.54276279626 -48.3876869119 0.00522832291088
248 7.20536032584 -0.796585630894 -48.1825775567 0.00356895095841
249 7.22955277366 0.156725284154 -48.0172966445 0.0331109417866
250 6.89862599506 1.0582956594 -47.913956126 0.00121519218193
251 6.29510947901 1.80093035234 -48.0449092243 0.00293130065534
252 5.69776106915 2.52798482722 -48.2620400904 0.00180240520197
253 4.88961368003 3.04213862784 -48.3839984999 0.00336550955841
254 3.93930869414 3.18725707072 -48.4722272412 0.00237108370205
255 3.00052878127 3.40921224916 -48.5047898729 0.00327564407425
256 2.04110481247 3.48529462355 -48.4343681726 0.00286861914371
257 1.07801889631 3.51882635364 -48.3871304041 0.00347846962787
258 0.170920986361 3.23713905215 -48.2188450057 0.00559236262183
259 -0.0876424087036 2.36030844696 -47.9119396364 0.00766024475482
260 -0.31129977186 1.59287950878 -47.3732609826 0.0101194589209
261 -0.43606949828 0.843840648681 -46.7805707246 0.00365586027877
262 -0.465451928044 -0.0906682453675 -46.5505982832 0.00122638760704
263 -0.294035100651 -0.99181062643 -46.2582072519 0.025480754228
264 -0.0449358060725 -1.91765109026 -46.3218507191 0.00541671108469
265 0.274641733944 -2.80347338272 -46.5108487718 0.00384520017234
266 0.934569647468 -3.45298789845 -46.765063935 0.00395702243846
267 1.88022753463 -3.45175245013 -46.9296422695 0.0104773312567
268 2.81948152813 -3.29434132579 -46.8167148606 0.00520596627828
269 3.71573882401 -3.07680729244 -47.0782237109 0.00394038532542
270 4.2554131618 -3.24120710637 -47.2742561635 0.00249612754853
271 5.19158307541 -3.30101053246 -47.4584687808 0.00348186038219
272 6.07220292222 -2.95430458352 -47.591103191 0.00399558501731
273 6.97234554457 -2.67526270866 -47.7475146534 0.0136963091976
274 7.73131047994 -2.19407727995 -48.0678553795 0.00501126194313
275 8.20090379451 -1.76143936481 -48.7764762295 0.00460655346506
276 8.64219887469 -1.45868832924 -49.5656137676 0.00568433054615
277 9.20186784198 -1.25011807006 -50.3080356159 0.00523486060491
278 9.42557970193 -0.933797504497 -51.1781473411 0.00558112478279
279 9.7902607856 -0.34586045953 -51.7196106663 0.00520602380203
280 10.4957391775 -0.408531216706 -52.3353074799 0.00341303681358
281 10.8239920011 -0.570713458818 -53.199210317 0.00262444567668
282 11.0401555091 -0.64923948914 -54.1085181412 0.00577821420496
283 11.4199452851 -0.668287292735 -54.964758683 0.00482186896092
284 11.6076584106 -0.560100376195 -55.8755077597 0.00378789195687
285 12.1739793412 -0.749717265516 -56.5951457373 0.00605833487066
286 12.6463120371 -0.653714396185 -57.3954396465 0.0046102500935
287 12.5226906983 -0.303151177312 -58.2517282828 0.00484937363269
288 12.4542461993 0.0185796560201 -59.1244186027 0.00427649870686
289 12.1333830106 0.299145793622 -59.9529373371 0.00668226305175
290 12.0188908554 0.219110063592 -60.8729989167 0.00197644553374
291 11.5864886835 0.237117517261 -61.6961891439 0.00339101579001
292 10.9159934443 0.0587290272825 -62.3139644578 0.00431442892617
293 10.5521508065 -0.576692493272 -62.8841543805 0.00663680502723
294 10.0636851801 -1.30721934946 -63.1771673365 0.00728140709094
295 9.67827559551 -1.56798097867 -63.9770800658 0.00587839179699
296 9.56257552336 -2.09535577137 -64.726918878 0.00425264105015
297 10.2433234344 -1.51058757935 -64.9399809159 0.00501916164085
298 10.9637118207 -0.953206533203 -65.0773182351 0.00465392404129
299 10.8431009445 -0.326855672885 -65.7410335764 0.00526343810614
300 10.578129813 -0.20522490141 -66.6132218433 0.00388495413501
301 10.7483764767 -0.408390765656 -67.49280371 0.00434780170119
302 10.558839306 -1.10842811754 -68.053836762 0.00477230979216
303 10.5093029886 -1.97465188383 -68.3454261452 0.00396063503333
304 10.6998449822 -2.86603975801 -68.414302234 0.00622574917518
305 10.691380251 -3.77606706239 -68.349748478 0.0042113143969
306 11.0222808998 -4.61332540754 -68.2094454246 0.00492569502941
307 11.6735402746 -4.94353713515 -67.6662902044 0.00509634742276
308 12.215427078 -5.12710219353 -66.9602175837 0.00772740093135
309 12.5774751193 -5.26973591141 -66.1414055203 0.0038444099796
310 11.7834306845 -4.84295645478 -66.0694323005 0.0098043519715
311 11.2437766724 -5.49438364127 -65.7589090223 0.0431552269323
312 11.0344467186 -5.90155436899 -65.002029469 0.0107599052939
313 11.3474842116 -6.08952343192 -64.757811589 0.00187695489942
314 11.8213617861 -6.16997527495 -64.0224907054 0.0138449140018
315 12.6332130785 -6.42019667814 -64.2114146628 0.0013495424832
316 13.4367888333 -6.7095209797 -64.0482274763 0.00768202742085
317 14.2289256585 -6.83926365515 -63.7251554102 0.00959352794418
318 14.4459671327 -6.91864666509 -62.89619773 0.00238840089934
319 14.7936107096 -7.15842263461 -62.1484085646 0.00973106374546
320 14.9366489773 -6.99784772977 -61.3233931222 0.00445178924553
321 15.2766149108 -6.82277695834 -60.5651191587 0.00934421162428
322 14.6809013483 -6.23381105056 -60.4898897762 0.0139633979613
323 14.5248707107 -5.43581891638 -60.6549260827 0.0370507787137
324 13.7918250969 -5.16368261867 -60.7581649943 0.010596622732
325 13.2308771364 -4.89199636674 -61.2193892789 0.00402577536345
326 12.4692836691 -4.96170850011 -61.1374810627 0.0045544145547
327 11.8846258946 -4.61019069362 -60.796263585 0.0137777170884
328 11.9032723712 -4.06994268743 -60.2891611414 0.0124540520621
329 11.8785686499 -3.43885000032 -59.9469354397 0.0149169932275
330 11.8293264178 -2.80925643656 -59.6765258166 0.00700931535003
331 12.3041974269 -2.49508389101 -59.3224602965 0.016767868247
332 12.6545232467 -2.66936053892 -58.8350072655 0.00782562115618
333 12.9973721218 -2.60852924574 -59.3240321079 0.00348406917671
334 12.4377133553 -2.4409254404 -59.3878083726 0.0149286009798
335 12.7978976855 -2.10566307603 -59.1875408534 0.00440746812608
336 13.1180426226 -1.71167692206 -59.118165278 0.0126712131523
337 13.4701015448 -1.98509518598 -59.0387862339 0.0155674517161
338 13.8325656565 -1.96130389529 -59.0111663158 0.0106611410703
339 14.1139458774 -2.04855162275 -58.9819412035 0.00694622407727
340 14.1914382668 -2.217440425 -58.8074399742 0.0068851475201
341 14.2867716864 -2.37936440513 -58.6989770441 0.0129880379222
342 14.350100168 -2.51154285902 -58.7339897842 0.00625438910907
343 14.3831492621 -2.44559146162 -58.6376131912 0.0133553500011
344 14.3311697084 -2.41388417143 -58.6069419297 0.0027116594135
345 14.2895830081 -2.41663136711 -58.5659874494 0.00999074401536
346 14.2646406438 -2.42402584997 -58.5562892178 0.00661413110774
347 14.2568754477 -2.42876004929 -58.5646844791 0.00780790217529
348 14.2572223252 -2.4300026964 -58.5648283915 0.00198338142633
