0 0.875840602426 -0.422613792483 -0.203003187259 0.00518329616857
1 1.77852222549 -0.81487171176 -0.337761667826 0.00339536420351
2 2.70024924503 -1.16667002014 -0.453896812706 0.00211699906686
3 3.36542735865 -1.37418166332 -0.561245782175 0.00439360797282
4 4.31772811907 -1.65431776766 -0.594711825156 0.00405621161769
5 5.27616531824 -1.91054193724 -0.641446391035 0.00471652683126
6 6.25788128465 -1.99647909888 -0.51797235325 0.00382817980353
7 7.24091858775 -2.11518545056 -0.441115511798 0.00205490729182
8 8.13297470908 -2.53415298014 -0.318453280474 0.00350162822792
9 9.03322135003 -2.95087869755 -0.271498026598 0.00451049431496
10 9.91909592118 -3.3997572731 -0.270209748302 0.00702506927144
11 10.8296155451 -3.79571126004 -0.250785239753 0.00291649470598
12 11.7269337523 -4.19475096501 -0.103244844414 0.00891689074457
13 12.6381441056 -4.50847662256 0.136292310543 0.00463491739426
14 13.5944343876 -4.64170734873 0.368284544675 0.00985659555598
15 14.5302265569 -4.77715110272 0.671477343443 0.00963061354702
16 15.5065722035 -4.88986241603 0.812595992181 0.00574256066164
17 16.1914388185 -4.92081315015 0.863589933483 0.00304163255875
18 17.152022607 -4.68059896897 0.911574437446 0.00674610536723
19 18.033120983 -4.31065962622 0.648007048844 0.00172551845891
20 18.8621174942 -3.90085260145 0.290971499743 0.00543432558749
21 19.6764024155 -3.49322952001 -0.100653684896 0.0109631814671
22 20.4596250486 -3.0422458793 -0.507617310586 0.0109318571784
23 21.1184068812 -2.46612157742 -0.972802475145 0.00398762792909
24 21.7551884943 -1.88337594252 -1.45981197678 0.0104397835787
25 22.271120272 -1.25772527774 -2.02947803109 0.00465788553646
26 22.6497968443 -0.642053295301 -2.70746928212 0.00398497104668
27 22.96777646 0.0502751953676 -3.34120178374 0.00261021839334
28 23.2241439473 0.78552402589 -3.95413484288 0.00616419207797
29 23.2579813344 1.40974625505 -4.72301910325 0.00457729112221
30 23.2036498919 1.94703340013 -5.55387276089 0.00297388123172
31 23.1450777197 2.43634753322 -6.41355934679 0.0034930021857
32 22.9665497446 2.97151968499 -7.22815455242 0.00544702894034
33 22.6789699049 3.49212830964 -8.0206329897 0.00397957418896
34 22.3907625205 3.98873931377 -8.82811156016 0.00342382145295
35 22.1185570611 4.51608035834 -9.62150081276 0.00320625027093
36 21.5606598397 4.86449135676 -10.3624051919 0.00573460639871
37 20.9790612319 5.22905727918 -11.0767701083 0.00408174968068
38 20.3298471099 5.51353158311 -11.7688738937 0.00607947893534
39 19.6867556163 5.79597042077 -12.4674340773 0.00400606859787
40 19.0715660251 6.20696806278 -13.1261222578 0.00415540817413
41 18.4561830524 6.62223599537 -13.7818965725 0.00367264507475
42 17.6038454991 6.84542721206 -14.2344027064 0.0057936850524
43 16.7363120035 7.06862148411 -14.656928818 0.00339372392566
44 15.8668849437 7.25889589143 -15.0914420307 0.00531418318326
45 15.0560600889 7.43482466771 -15.6322499902 0.0114637930085
46 14.241347447 7.67787843665 -16.1400284978 0.00373406417209
47 13.4673969986 8.01309911361 -16.6589153188 0.00459638689338
48 12.6454565139 8.31475338112 -17.1214551349 0.00392452812757
49 11.7751372111 8.54779023598 -17.5321679381 0.0111749841137
50 10.8392255022 8.67159695005 -17.8304649375 0.00231792502251
51 9.9401022788 8.83900334886 -18.2096392507 0.0043750672899
52 9.18741986397 9.19633144067 -18.7444130641 0.0024705140504
53 8.4085433886 9.40567257122 -19.3186075455 0.00677593049331
54 7.70913069958 9.62903370682 -19.982708201 0.0208757729624
55 7.01054864089 9.73442750642 -20.6759886448 0.00626237454784
56 6.33040082497 9.63623771926 -21.3883249449 0.0109814495096
57 5.64963750559 9.53728745385 -22.0998346571 0.00401759811245
58 4.98027404412 9.46543000342 -22.8252326274 0.00235965028155
59 4.43351552819 9.39403448563 -23.6470492966 0.00391272242657
60 3.92294476125 9.41887194221 -24.4944407216 0.00480309281521
61 3.53936749818 9.40012806686 -25.4064961156 0.00133874395129
62 3.11369688412 9.22256106805 -26.2820276568 0.00358312199583
63 2.64846206641 9.07904274864 -27.1435193577 0.0039642389888
64 2.3604472958 8.97249021159 -28.0842019939 0.00560439956222
65 2.15529028326 8.90443999485 -29.0498037192 0.00310298998881
66 1.98289995982 8.67581458111 -29.9969311876 0.00535189337349
67 1.85144942114 8.29769555237 -30.9017295148 0.00551529478986
68 1.60716294431 7.92411529421 -31.7846566867 0.00288919638077
69 1.43747940015 7.56328132277 -32.6900663292 0.000765115007341
70 1.26363126813 7.21265740304 -33.5986850956 0.00343507705161
71 1.09020581574 6.85458831724 -34.5044407677 0.00329114013958
72 0.829644464668 6.25635581537 -35.2479116964 0.00987214241375
73 0.780448570028 5.58776587403 -35.9751644102 0.00252582454368
74 0.486648613589 4.68016123189 -36.2360179369 0.00473962914643
75 0.158085462156 3.76185438596 -36.3996074701 0.00411809581905
76 -0.128768961985 2.82730299563 -36.5487709288 0.00191837267412
77 -0.583001993015 2.03174729448 -36.1763575519 0.00387469725198
78 -1.04707755329 1.18440788605 -35.9654854658 0.00540254590901
79 -1.54378627943 0.404261418771 -35.6156384031 0.00477725343572
80 -1.93172887315 -0.454115198841 -35.3150976464 0.00486582607785
81 -2.23662438667 -1.27891946192 -34.8630816572 0.00570140462798
82 -2.4233094641 -2.14092755466 -34.4163637561 0.00528774197428
83 -2.53007663675 -2.8766207435 -33.7645942609 0.00399868909063
84 -2.98953263026 -3.62308153902 -33.3074521255 0.00888243338569
85 -3.47058738785 -4.37941150297 -32.8907527328 0.0065210445823
86 -3.88951537769 -5.12119188343 -32.3895101379 0.00479642169325
87 -4.20066610689 -5.88847229593 -31.8497277513 0.00488186946823
88 -4.47516287705 -6.6711639715 -31.3122884014 0.00388195594187
89 -4.6512422471 -7.4461581722 -30.724822198 0.00384754037274
90 -4.70135591373 -8.31677085644 -30.2599292975 0.00654212063227
91 -4.78563752924 -9.23073269658 -29.8938684555 0.000975566189297
92 -5.42415968727 -9.93796636172 -29.6321574026 0.00353956050098
93 -6.02741027031 -10.6736688436 -29.3654406918 0.00205613808359
94 -6.67079718733 -11.4230305494 -29.3927217644 0.00506170382374
95 -7.23639895921 -12.2330892149 -29.3974800997 0.00192758800961
96 -7.6814630181 -13.1112921086 -29.3152540059 0.00231103795347
97 -7.87280442605 -14.0220565161 -28.9836344076 0.00410804818676
98 -7.8464194082 -14.9356377483 -28.6085744817 0.00370611783188
99 -7.6479372954 -15.8314318539 -28.2424194231 0.00725562846853
100 -7.45012389389 -16.7571248545 -27.9601270174 0.00811326474323
101 -7.27920142993 -17.5926808437 -27.4618849357 0.0127181821691
102 -7.01695757089 -18.4645858241 -27.0794086014 0.00450660711337
103 -6.64626963652 -19.2970891775 -26.6990123989 0.00264648156387
104 -6.16472529546 -20.1342728887 -26.4933296807 0.006437551441
105 -6.12007430156 -21.0253366137 -26.0702630311 0.00362428788028
106 -6.03901314815 -21.9172977825 -25.6546679407 0.00660598580622
107 -5.92206914317 -22.8326787962 -25.3038018781 0.00274476536282
108 -5.5379821837 -23.7033446244 -25.0410591215 0.0122601017841
109 -5.16155631539 -24.6071876458 -24.9159032943 0.00354879303396
110 -4.64708929343 -25.4287254793 -24.7298589637 0.00403398458209
111 -4.14886356924 -26.2198364763 -24.4135419016 0.00296562126975
112 -3.63634457418 -26.9711617198 -24.0302359714 0.00508904890931
113 -2.9507322549 -27.5876868022 -23.6784076293 0.007357535456
114 -2.27937845522 -28.1756767339 -23.2572899875 0.0034366379805
115 -1.67364538947 -28.8120955925 -22.8081019596 0.00616048684206
116 -0.965200004236 -29.3927078511 -22.4413366961 0.00950622024765
117 0.00462073906795 -29.3309981735 -22.2714387282 0.00373460690025
118 0.986699515041 -29.262147429 -22.3338598662 0.00262102419307
119 1.18011537809 -29.2438687206 -22.3610359735 0.00040010270613
120 2.08109119282 -28.9089103421 -22.5801018003 0.00430238274529
121 2.93447830434 -28.4878359317 -22.8375071842 0.00274295131042
122 3.81897856065 -28.1460503994 -23.1069460043 0.00532088597703
123 4.7242880447 -27.8941103486 -23.4045208903 0.00373738088173
124 5.64061627831 -27.6651214243 -23.6863073212 0.00459083452562
125 5.71638744352 -27.6332858092 -23.7204238797 0.00058909826368
126 6.49552501269 -27.214402029 -24.1534840593 0.00898626810839
127 7.19571341399 -26.717123247 -24.6354052945 0.00226414151238
128 8.01074516027 -26.2273256867 -24.8912564422 0.00331065592965
129 8.74368922504 -25.6049310982 -25.1032435278 0.00120695846799
130 9.27219306422 -24.8296519768 -25.4017910936 0.00299874994172
131 9.63622376972 -23.9694808739 -25.7132371707 0.00294978182318
132 9.9382010522 -23.0447432762 -25.8647160641 0.0034822847663
133 10.515855662 -22.247947328 -25.8406183779 0.00192692999551
134 10.8595534734 -21.3313829757 -25.7363460742 0.00539617405513
135 10.6762821298 -20.3899920167 -25.5147004035 0.0034874760605
136 10.5803955983 -19.4646243698 -25.1932272773 0.0042299930143
137 10.2757585799 -18.6307030292 -24.7683565024 0.00534496170661
138 9.77716816953 -17.9175236948 -24.3086152723 0.0134814995991
139 9.34746188251 -17.3986254217 -23.5914131891 0.00463785295478
140 9.27106246653 -16.9424334139 -22.7229057002 0.00185540398659
141 8.95776912977 -16.4792009808 -21.9133400123 0.00222736970703
142 8.73282048733 -15.9301884052 -21.1284725905 0.00126241593814
143 8.51879186054 -15.3121169194 -20.3935398132 0.00708125231206
144 8.17332531416 -14.6069858388 -19.8010602043 0.00624525641674
145 7.74809374092 -13.8463426148 -19.3451184505 0.00322778955372
146 7.30642724469 -13.0378416413 -19.689169711 0.00630573666722
147 6.64487706997 -12.3236775424 -19.8275404908 0.00245038903558
148 5.76730012021 -11.8818821735 -19.7901271496 0.00146102479522
149 4.84495497151 -11.5440194994 -19.7477223213 0.00633357097578
150 3.91691808012 -11.220509994 -19.7705336887 0.0208568710123
151 2.969173533 -11.0034432382 -19.9130188778 0.0027511728933
152 1.99857491712 -10.8505230571 -19.9215760283 0.00116010574405
153 1.02935601259 -10.9103206141 -20.0716627067 0.0032599167433
154 0.109118250556 -11.222114748 -20.2176215478 0.00861614266435
155 -0.692966766698 -11.7624176249 -20.390101546 0.00339013711868
156 -1.3593543482 -12.4829018742 -20.4312426759 0.0029234169929
157 -2.02870036569 -13.2016628836 -20.4211974561 0.00451820494497
158 -2.41391212701 -14.1029440405 -20.4833532942 0.00324539738859
159 -2.6479418505 -15.049425209 -20.6009737274 0.0115227924309
160 -2.84006536129 -16.0073799952 -20.5042454475 0.00512784043888
161 -3.03825394401 -16.9643657575 -20.4113700511 0.00212296999272
162 -2.90896943394 -17.931720794 -20.3057926702 0.00360371126934
163 -2.73949048712 -18.8737147269 -20.0880115125 0.0028506665698
164 -2.7238952028 -19.778613128 -19.708067166 0.00394338781875
165 -2.77610556111 -20.7030146427 -19.3824880462 0.00564918756869
166 -2.59772580343 -21.6149462222 -19.0669652968 0.00416218849898
167 -2.19946107925 -22.3600119481 -18.5677992401 0.003590963111
168 -1.74897725767 -22.9038511856 -17.8864870647 0.00289073129116
169 -1.24114885911 -23.47757504 -17.2735861251 0.00390764389823
170 -1.08879212256 -24.1124086964 -16.5411939204 0.0122188893574
171 -0.876027243414 -24.6142661536 -15.7257054749 0.00473394308577
172 -0.676269439458 -25.1718440534 -14.9439769115 0.00331175083602
173 -0.469705362849 -25.8185801836 -14.2363535042 0.0107516689683
174 -0.0215166873 -26.4407615045 -13.6255449072 0.00330133989868
175 0.289522108265 -27.2297447151 -13.134035617 0.00552027153236
176 0.620580063306 -27.9840565074 -12.6030051515 0.0010133767868
177 0.937812233308 -28.656888658 -11.9648236342 0.00408343954665
178 1.36640597454 -29.2780022884 -11.3395814573 0.00478488114678
179 1.89454574002 -29.7638984175 -10.6723667781 0.0239067668469
180 2.62396897749 -30.091263028 -10.1069789396 0.00293650673096
181 3.42459227698 -30.3866172989 -9.62693856394 0.00450791985222
182 4.30969073145 -30.5923793041 -9.26276411578 0.00719368295995
183 5.07531792036 -30.6261835796 -8.65381606419 0.0018663115063
184 5.94319376011 -30.4647246069 -8.23117352995 0.00672111265139
185 6.83969082753 -30.4919372099 -7.83993334041 0.00467805583187
186 7.70158063151 -30.4974598173 -7.37688129341 0.00555651384886
187 8.48034996592 -30.3963913018 -6.79345423058 0.00406590873338
188 9.18815030279 -30.3868194666 -6.1182749076 0.0018088708145
189 9.76322922492 -30.2907670723 -5.33277100146 0.00320200744018
190 10.4270763505 -29.9115881009 -4.72275338531 0.00418724534552
191 10.8084309492 -29.4835096786 -3.93037654294 0.00471606709297
192 10.9987110179 -28.9213984944 -3.15315295462 0.00759473509698
193 10.6804288224 -28.6796900049 -2.26083737247 0.00409579806257
194 10.0270801465 -28.5941399719 -1.53881627895 0.00252233845201
195 9.36988302219 -28.4526502796 -0.829305873137 0.0017670421405
196 8.62093856212 -28.4299603615 -0.201844549032 0.00412936975883
197 7.86276982616 -28.6092834 0.387966123691 0.00541847066534
198 7.01931613028 -28.6512108417 0.879152087462 0.0031441971554
199 6.21074596442 -28.7538672723 1.41762637082 0.00929863855497
200 5.43288862123 -28.7702276734 2.00788867134 0.00460532374127
201 4.71438981072 -29.0375687068 2.6126588354 0.00306344350754
202 3.97597524628 -29.1487861867 3.24167393267 0.00496273554066
203 3.13599738056 -29.2594738855 3.72645935951 0.00484660287404
204 3.00680619194 -30.1548988312 4.09245477055 0.00255855379783
205 2.78934481177 -30.9454449849 4.62172427482 0.00635945487018
206 2.63492896006 -31.7123417754 5.2048424587 0.00416526087975
207 2.42310355255 -32.4941217539 5.74856294674 0.00378049558618
208 2.53016764755 -33.3207275003 6.25516950263 0.0248558993823
209 2.94683689132 -34.0968270671 6.67183617665 0.00769651553679
210 3.43045163337 -34.8558906067 7.04452356004 0.00162851248913
211 3.88551262052 -35.6061677838 7.46745845955 0.00319669303476
212 4.47813035628 -36.0629181469 8.0911570729 0.00341138409517
213 5.2009101128 -36.3651143489 8.6697572889 0.00507341775536
214 5.989558444 -36.7156314608 9.12051039573 0.00433578671442
215 6.80458678297 -36.6252967263 9.64520603156 0.00534460988596
216 7.45637986894 -36.5303512914 10.3619262691 0.0126197683149
217 8.02662599657 -36.1805752231 11.0683231824 0.00469247381062
218 8.42069450126 -35.7101464195 11.8230497913 0.00381240164866
219 8.7932081229 -35.3487228908 12.645606842 0.00430118228214
220 9.05751981779 -35.1612096783 13.5625425954 0.00262517158198
221 9.29615294244 -35.2579606261 14.5002551796 0.00428651966832
222 9.5541450948 -35.6115632176 15.3683206723 0.00283276699436
223 9.99871954364 -35.6317150282 16.2325160003 0.00562385175549
224 10.4184573355 -35.6702414226 17.1081641962 0.00407522734676
225 10.6536201146 -35.5463333486 18.0427869653 0.00312325363536
226 10.8118127636 -35.3243166852 18.9753006144 0.00635290070667
227 11.0866035522 -35.17624664 19.8950172397 0.00397665508707
228 11.415416611 -35.205207593 20.8082470441 0.00305865375627
229 11.9272899634 -35.3547079453 21.6194986554 0.00469237986354
230 11.1831629214 -35.2818751977 22.2381733508 0.00631746583345
231 10.5713074543 -35.1068938929 22.9705451554 0.00583839481008
232 10.0899240487 -35.0585962341 23.8113266021 0.00455347224961
233 10.2286824216 -35.5859945251 24.6132444555 0.0051892125047
234 10.5460515719 -36.0155375018 25.4224130288 0.00580481514612
235 11.1750650557 -36.0710448303 26.1576372691 0.00389836517446
236 11.7416753875 -36.1453704219 26.940202683 0.00587650322582
237 12.3611758036 -35.8222699224 27.6110523725 0.00271795188853
238 13.0672721647 -35.4107105273 28.1304654684 0.00174656162043
239 13.6223544696 -34.879552104 28.719871917 0.00689781549797
240 14.0690079883 -34.1633904504 29.1935858578 0.00571856702193
241 14.1457172732 -33.3159133692 29.6540936215 0.00292889194327
242 13.8327713869 -32.4862449165 30.040745711 0.00615468954429
243 13.2516353388 -31.793613601 30.3837026203 0.00302481491289
244 12.6076981952 -31.2912413891 30.9012699501 0.00786967662991
245 11.9226901436 -30.9050196204 31.4631208602 0.00437742229915
246 11.1998024728 -30.2969798024 31.6655800516 0.00386015008692
247 10.3910551915 -29.8270796072 31.4248263916 0.00404937304251
248 9.6273989523 -29.2936216168 31.1706109052 0.00253530904172
249 9.10416074474 -28.493638348 31.0354482616 0.00216440421321
250 8.63832304349 -27.6568198066 30.9150820119 0.00581587370218
251 8.28674612304 -26.7686471543 31.0514811117 0.0064105380774
252 7.98846723508 -25.8555459375 30.9646602997 0.00367599840013
253 7.47149207152 -25.180636968 30.5093843408 0.00152170626067
254 6.71137592436 -24.7701676107 30.9378249274 0.00620166756502
255 5.80052836408 -24.4705023976 31.0347042855 0.00863039863871
256 4.85381068385 -24.324089002 31.1346929439 0.00165891431629
257 3.9890100841 -24.7466002496 31.1676116207 0.00821520355608
258 3.10460482809 -25.119486088 31.2395089265 0.00825629377085
259 2.45346039189 -25.8129112742 31.3824960801 0.00903613554558
260 2.22558494498 -26.5928031022 31.8964556988 0.00853006772392
261 2.04767560186 -27.1243807482 32.6770361708 0.0041314096049
262 1.95085514875 -27.7082448833 33.4337455393 0.00532462468943
263 2.10763858019 -27.9928773375 34.3375243742 0.00250017171748
264 2.15438809946 -28.3024972325 34.7430615578 0.000773975307526
265 2.61836851214 -28.7191128381 35.4601688096 0.00403066478653
266 3.24489456251 -29.1451643103 36.0327626015 0.00625458168047
267 3.69474324055 -29.8708433867 36.4466581632 0.00963557819935
268 3.9871879138 -30.7156950539 36.7607784031 0.00429214233913
269 4.61826026618 -31.4167420439 36.8449979882 0.0062080629524
270 5.08968992259 -32.1886785217 36.5669381402 0.00408823097164
271 5.04078733004 -33.040564059 36.1588853155 0.00277965383254
272 5.1076573442 -33.7343777621 35.5197515955 0.00551033316367
273 5.22507494425 -34.6331038569 35.2535154451 0.00624285992444
274 5.44741294511 -35.5038876663 34.9652454639 0.00453946431659
275 5.7749465762 -36.3872007364 34.921148975 0.00259275647841
276 6.22858488658 -37.2115552828 34.8625828421 0.0212493808899
277 6.55832811529 -38.031095709 35.182986692 0.0112717423199
278 7.05155321796 -38.8174876838 35.3165274686 0.00506347083816
279 7.75169689465 -39.3528526271 35.6348039835 0.00297555239601
280 8.49930908139 -39.8076725616 35.9685986639 0.00699850926174
281 9.30493729168 -40.2139478221 36.2151086817 0.00429876327765
282 10.1079369646 -40.2030689117 36.6935046129 0.00096841182999
283 11.0078883797 -40.2264580952 36.9438560394 0.005660021823
284 11.9353639806 -40.2057388263 36.8414674099 0.00487559123427
285 12.8185731376 -39.9164546719 36.916893622 0.00422581005721
286 13.666637642 -39.5800431222 36.7281553982 0.00396920730425
287 14.3455838107 -38.9649411445 36.5630767079 0.00447271782353
288 15.2584184073 -38.9390325546 36.3869900597 0.00379823063942
289 16.0135243529 -38.3991256413 36.4292487893 0.00536341597984
290 16.1907183089 -37.5390789714 36.1283393992 0.00552300801012
291 15.9393818374 -36.8688314091 35.5387336377 0.0040513815582
292 15.7314368449 -36.3877818188 34.7743373647 0.00972743788002
293 15.6320826669 -36.2058288213 33.8729415131 0.00505355048379
294 15.2781559542 -36.2070224831 33.0197694 0.00480028505739
295 14.9700972615 -35.9753776359 32.1816321557 0.00548688361369
296 14.5204391695 -35.8828738539 31.3830717805 0.00912088893185
297 13.9883829531 -35.5554070433 30.7096544771 0.00427886495467
298 13.5403383241 -35.1903077382 29.9970143403 0.00442360139628
299 13.1160306374 -35.0590072881 29.1952718974 0.00745860751373
300 13.1248969323 -34.1466413015 29.1478529339 0.00665398295424
301 12.8002913519 -33.3028770824 29.2660569082 0.00351879049361
302 13.0252167657 -32.4392856318 29.4478587187 0.00659917174836
303 12.5294067504 -31.7483896316 29.7684881116 0.00401401067498
304 11.9750827669 -31.1188079606 30.1150248905 0.00590062158878
305 11.2187316577 -30.6840762597 29.8719566336 0.00288145891227
306 10.8462336553 -29.8667973522 29.764261732 0.00509126046423
307 10.507272546 -29.0808701159 30.0520354941 0.00237328242295
308 10.2471645819 -28.2478625617 30.2806782814 0.00415807519326
309 10.1786418348 -27.5033948104 30.7835010121 0.00789720165267
310 9.58250636294 -26.8819788994 31.0375862901 0.00738311590593
311 9.0259727441 -26.3025858061 31.4324371667 0.00668696794275
312 8.32965068441 -25.9466035098 31.8626728543 0.0042284815828
313 7.471553396 -26.0111281856 32.0922950909 0.00293057986687
314 7.35545026512 -26.7903873218 32.5054019407 0.00463951366332
315 7.75869239128 -27.4778721374 32.8959839722 0.00718245284842
316 7.87056104464 -28.3005506777 33.2003295057 0.00407506313824
317 8.21639450678 -29.0820055842 33.4198736709 0.0054598129968
318 8.27399607257 -29.9594303025 33.3968256516 0.00432992108353
319 7.84153042835 -30.4925148703 33.9442671208 0.00514795277069
320 7.86397151373 -31.1345792446 34.5390118003 0.00381356457342
321 7.61747563462 -31.7122185897 35.1461269982 0.00442111965573
322 7.65613349559 -32.3403150561 35.7484797808 0.00456283142924
323 7.48085759324 -32.7953732652 36.4675803866 0.00464398365657
324 6.76960315213 -33.284209463 36.5285386003 0.00911374876273
325 6.76457666442 -32.4734531506 36.2423494649 0.00588436379687
326 6.65785972713 -31.8265150913 35.6913407485 0.00275629434438
327 6.60954327973 -31.2515994921 35.0605738669 0.00298316501098
328 6.7107099645 -30.9875762278 34.2554560632 0.0054604663451
329 7.34119142209 -30.7608192124 33.7344902892 0.00538819600327
330 8.09766385604 -30.7709422995 33.3592061543 0.00373445969769
331 8.65849220591 -30.8215798682 32.7329208797 0.00813273379545
332 9.37935410074 -30.5172860989 32.4411890837 0.00623476040314
333 10.1955729058 -30.6615485458 32.4061210366 0.00773152976224
334 10.9152924888 -30.8742269394 32.0684775081 0.00262310838875
335 11.5291740238 -31.2479263398 31.6724208178 0.0248296484625
336 12.1828496479 -30.8114244905 31.5839082033 0.00396195929567
337 12.6888347062 -30.3320860953 31.9480704338 0.00382161558365
338 12.8544995802 -29.5759244839 32.0526365142 0.00456161283959
339 12.6345003227 -28.8400865278 31.9490621488 0.0101964657793
340 12.0318637657 -28.4058602214 31.7870856309 0.00357537392244
341 11.3092342209 -28.2210429277 31.6722705781 0.00615785664981
342 11.045175684 -27.5276238623 31.6087971081 0.0161439785098
343 10.4346548102 -27.4222674572 31.9679774781 0.00612611372751
344 10.2058739456 -27.2368324813 32.6081626579 0.0134219341534
345 9.78364169295 -27.2073350902 33.1326643411 0.00848441836799
346 10.2756872748 -27.4628411722 33.4752415683 0.00671496433617
347 10.3590176692 -27.9563511589 33.0876422495 0.0150842241605
348 10.4863544468 -28.0117367837 32.5189565246 0.0151065188287
349 10.395913479 -28.3915899957 32.1654502762 0.00487777161784
350 10.1961969777 -28.1503800493 31.7683589214 0.00586918767972
351 10.0756915247 -28.0828082018 31.3099614783 0.00834317952619
352 9.66853099541 -28.219753694 31.3890414748 0.0160972901006
353 9.70306507488 -28.5079620441 31.2115999223 0.00856927343934
354 9.52064015906 -28.7267387249 31.1843388023 0.00568208758808
355 9.37231945435 -28.6085099954 31.351644668 0.00413473682282
356 9.22493089295 -28.5826122639 31.5263013027 0.00799170488626
357 9.18428391818 -28.4043308196 31.4847223176 0.00817575633893
358 9.30599003287 -28.3219907618 31.4869854732 0.00416752825311
359 9.3043089717 -28.3816730898 31.599515834 0.0170497605588
360 9.33433617542 -28.352140133 31.64165775 0.015316784546
361 9.34321789371 -28.3432298326 31.6321627829 0.00580470861758
362 9.34794251063 -28.3433218683 31.62939268 0.00560005705895
