0 0.284263626675 0.033957091588 -0.951387760506 0.00372360310766
1 0.769348043357 0.173894524393 -1.80703907984 0.00604321927602
2 1.233077 0.29008985954 -2.67792213637 0.00675123857393
3 1.34619028336 0.345810392479 -2.92852068249 0.00133410888595
4 1.60315326264 0.64868016141 -3.83885341484 0.00573085165365
5 1.78736719187 0.934741413848 -4.77194382731 0.00231145512625
6 1.96041679856 1.3167656895 -5.67222155667 0.00388422811646
7 2.14560154501 1.72425145902 -6.55879337511 0.00304592793915
8 2.21227295404 2.0500717996 -7.49460132035 0.00643100013298
9 2.22362115718 2.38692208211 -8.42877678049 0.00599546711164
10 2.1764031683 2.72398939387 -9.36171878584 0.00419365250044
11 2.13548642373 3.09754449814 -10.2809370175 0.00374617612039
12 1.86804014298 3.53518850646 -11.1312642321 0.00340932155063
13 1.65257715993 3.9985806325 -11.9826912698 0.00240743361554
14 1.45856560425 4.48399856857 -12.8269589694 0.00536780461776
15 1.19328312115 4.90649522784 -13.685525049 0.00319312673528
16 0.801945025784 5.31702652509 -14.5005617738 0.00296188997055
17 0.557075820935 5.12966268224 -15.4444503829 0.00859085479532
18 0.545945197286 5.11835803582 -15.4885804691 1.47837195049e-05
19 0.447284719959 4.982069292 -16.4662188122 0.00122448081017
20 0.430548894314 4.794862679 -17.440253023 0.00214073082446
21 0.676215502573 4.55556946235 -18.3710635581 0.00227926258405
22 0.956734729874 4.39860560854 -19.309503778 0.0028905849739
23 1.26639599043 4.09032652203 -20.2000174699 0.0075472449496
24 1.61406229407 3.81275603511 -21.086545573 0.00321835514317
25 1.87919323792 3.60061984957 -22.0184991921 0.00623375273798
26 2.13289330389 3.4146539766 -22.9591460701 0.00278024469286
27 2.35043223089 3.25748109706 -23.9139817062 0.00184360514525
28 2.28507334911 3.04597186783 -24.8807876942 0.00581343544601
29 2.2675161523 2.90489748907 -25.8623421458 0.00109867669759
30 2.2255351794 2.82773685693 -26.850235537 0.00290572556299
31 2.14026464975 2.71227571097 -27.8315653263 0.00319449934097
32 2.02124350916 2.47478705208 -28.7870706728 0.00261751028315
33 1.86464597313 2.28505660018 -29.7478035225 0.00326556398549
34 1.64793277637 2.02833894351 -30.6808653807 0.012382701471
35 1.24895481628 1.92849476501 -31.5831682597 0.00418977656819
36 0.916560402849 1.68979614825 -32.4863777787 0.00323127201981
37 0.624683164589 1.51364039867 -33.4175067755 0.00248436404994
38 0.266798338833 1.37234885473 -34.3313661149 0.0101704694661
39 -0.238780358364 1.33167510336 -35.1832804048 0.00500010807439
40 -0.748613371329 1.29976622696 -36.032991294 0.00214783672533
41 -1.15290975179 1.11345248601 -36.9188685712 0.0114431860537
42 -1.54165915914 0.866935661062 -37.7968758241 0.00580878754914
43 -1.99295548291 0.591592452253 -38.6354546447 0.00432674529907
44 -2.80351700137 0.247473849192 -39.0754916949 0.0033345204817
45 -3.68045981482 -0.0849244697482 -39.3488244869 0.00180944829059
46 -4.573996641 -0.360024167558 -39.6317227163 0.00621162639328
47 -5.39365079468 -0.789073328682 -39.944493979 0.00337407528367
48 -6.13160850557 -1.3707675699 -40.2101166965 0.012968957129
49 -6.77633673735 -1.99765640257 -40.589668362 0.00605590068975
50 -7.33701012759 -2.69335853838 -40.9820643354 0.00334042460212
51 -7.92118993659 -3.31883221837 -41.4507626943 0.00368948438569
52 -8.4045414303 -4.04121057051 -41.8939719564 0.00799285327665
53 -8.19860329627 -4.72879905664 -42.5545480675 0.00190316381302
54 -7.69330885486 -5.22633979001 -43.2242937638 0.00540235897653
55 -7.14418618639 -5.81525010295 -43.7743652904 0.00241727226045
56 -6.46535712231 -6.42474578691 -44.1183263238 0.00520993220544
57 -5.63485245539 -6.84452954028 -44.4085802688 0.00732442103742
58 -4.9107148668 -7.0733855059 -45.0194613528 0.00340405981463
59 -4.08879793709 -7.3382420585 -45.4709418055 0.00313131416372
60 -3.35426463607 -7.52011120904 -46.0848121914 0.00587962400169
61 -2.60018999494 -7.47933608018 -46.7002206946 0.0037380058054
62 -1.98912991054 -7.06525631775 -47.3357557101 0.0070042291886
63 -1.5165158408 -6.61122350457 -48.0560496127 0.00452186506684
64 -1.55962741871 -5.8082873855 -48.6048892498 0.00610433297757
65 -0.92346284327 -5.12952168607 -48.3190819258 0.00411999050165
66 -0.440523885141 -4.34541586988 -48.0048349808 0.00452405498443
67 -0.00697412895178 -3.58934825371 -47.5724943715 0.00504860886572
68 0.447600539091 -3.29932081188 -47.6097477475 0.00303692849418
69 1.36381613112 -3.17997547021 -47.32081613 0.00368050988652
70 2.19695234161 -2.71516474261 -47.4837976668 0.00299846163161
71 2.43619931359 -2.57971005432 -47.5019827044 0.00141241898954
72 3.2363271874 -2.04172354228 -47.4802550001 0.00329701881839
73 3.86061513132 -1.30745160731 -47.5086095725 0.00551784931593
74 4.17026779886 -0.394927904584 -47.4883216256 0.00309429435931
75 4.4460605096 0.527324143175 -47.4437043168 0.00889153096208
76 4.52559956444 1.48093572884 -47.3353004812 0.00576947001924
77 4.78047405724 2.33272588255 -47.7045297694 0.00262254484709
78 4.82617966342 3.27861933181 -47.8764251591 0.00603250038455
79 5.19445014735 4.16098891956 -47.7701047086 0.00351590822377
80 5.07003769505 5.11430675595 -47.796720136 0.0235568055001
81 5.55305091433 5.94298089395 -47.836583921 0.0103258004137
82 6.19998226738 6.54667079244 -47.4661305486 0.00173838325821
83 6.90110651345 7.15302480412 -47.219992441 0.0071691549327
84 6.81947576832 8.07102025494 -47.4832919506 0.00302022680994
85 6.67708448325 8.97698900474 -47.7611011672 0.00465825268791
86 6.44412749355 9.89295152387 -47.9164953997 0.0047306714277
87 5.95393326887 10.6946982299 -48.0996585359 0.00527072447511
88 5.88138790406 10.5514322476 -47.1556395616 0.00130364408661
89 5.51793331099 10.3440371188 -46.2945827615 0.00585060946889
90 5.14955321144 10.3697096364 -45.411842848 0.0151299657519
91 4.57485591595 10.3754697458 -44.6487315772 0.00300411873247
92 4.2571272061 10.1292513589 -43.7822577784 0.00507249822547
93 3.73751777294 9.91240806593 -43.0114315785 0.00495904501077
94 3.20151201731 9.89331601142 -42.2223588048 0.00486898039382
95 3.39557045499 9.13895100979 -41.6726631351 0.00476191601397
96 3.6127233524 8.5536800365 -40.9525257556 0.00381560116177
97 3.78704268362 8.19690579417 -40.0863698961 0.00574362452434
98 3.87743102455 7.73401631464 -39.2591963682 0.00507540584124
99 3.89529821267 7.57342817987 -38.3212095221 0.00560398465647
100 4.04167637825 7.49521473191 -37.3846094674 0.00488714311404
101 3.72879484636 7.43863525827 -36.4887762624 0.0063010029724
102 3.57919914569 7.16533627247 -35.5914532156 0.0036759529105
103 3.42681233864 6.84424383262 -34.7110659114 0.00680060197647
104 3.38905974074 6.50141858549 -33.8273597126 0.00389548480321
105 3.33790502366 6.00485659434 -33.0213873623 0.00351199793852
106 3.30718051497 5.51649356847 -32.2098827619 0.00298830910288
107 3.63535837718 5.2173570818 -31.3731227639 0.00545915325805
108 4.29438438649 5.28754865248 -30.6975568735 0.00371271602898
109 5.12404460761 5.48417799125 -30.288619835 0.00349696384449
110 5.78212628552 5.86881054645 -29.7295136688 0.00387379138858
111 6.40985605007 5.97586684517 -29.0313442164 0.00576039954094
112 7.12364496388 5.87940264159 -28.4210390424 0.00627420699919
113 7.88114031903 5.78347594247 -27.8674054115 0.00289247929438
114 8.44962328649 6.1800908603 -27.2283069494 0.00261477344263
115 9.15764930505 6.49725821991 -26.6934230188 0.0061433938978
116 9.71849333265 7.04973360098 -26.1771885838 0.00637856206223
117 10.2544875174 7.5998070963 -25.6343655161 0.00482885003563
118 10.5772004793 7.86418764121 -24.7918248578 0.00357716618163
119 10.5466048552 8.44669943294 -24.0554155259 0.00857000644722
120 9.90792972787 8.53007738016 -23.3735225819 0.00414430309332
121 9.20470849292 8.61659819243 -22.7600245716 0.00428952194571
122 8.64645899788 8.77033073355 -22.0237590846 0.00423847168154
123 7.87529839092 8.76145975829 -21.4939245733 0.0181182875243
124 7.565168622 8.97922220734 -20.6414487971 0.00648056694353
125 7.24194178544 9.30537576982 -19.8308743154 0.00556184918935
126 6.97500960164 9.72595464377 -19.0449727637 0.0031486218058
127 6.44687389233 10.1314167094 -18.3962290145 0.00363886033459
128 5.85160880088 10.6453882226 -17.9023303734 0.0193511499131
129 5.03701462817 10.7279208188 -17.4731242743 0.00443723879262
130 4.4250765724 10.8915688834 -16.8007560097 0.00934684904073
131 3.69654698809 11.0571100891 -16.2615621168 0.00393607551677
132 3.23216103767 10.8500354677 -15.4939157036 0.0293018798311
133 3.35190908237 10.3720837651 -14.7253236982 0.00829575413606
134 3.26520239556 9.93761795763 -13.9297841907 0.00235245966244
135 2.97888245491 9.68114388435 -13.105025598 0.00730548371466
136 2.97056140583 9.47585140558 -12.2207725979 0.00825454057136
137 2.59301393641 9.34706402003 -11.4084884938 0.00432865251848
138 2.1717713003 9.07008286762 -10.6589090298 0.0067322298829
139 2.14141449332 8.82681317247 -9.79159888863 0.00236940757834
140 1.45092985492 8.98127194603 -9.23575829563 0.0045427756224
141 0.785149824318 8.83169708117 -8.65176046412 0.0218215204978
142 0.100324051302 8.6188000191 -8.12570205417 0.00464371066193
143 -0.753842013943 8.51028638448 -7.91255226327 0.00425304019581
144 -1.53565695614 8.14119216878 -7.72290855172 0.00524268823172
145 -1.98271162564 7.93785733553 -8.45742401701 0.00696974583717
146 -2.46112894498 7.60755075306 -9.11815765468 0.0020234483718
147 -3.30733931308 7.50395271435 -9.32977205992 0.00735411816171
148 -3.84684499436 7.1683048829 -9.93169429384 0.00389875022827
149 -4.60498190059 6.75067969702 -10.041852854 0.0107726562917
150 -4.97489166962 6.0620526531 -9.66734411355 0.00576925554938
151 -5.32758074595 6.00528071761 -8.88032720665 0.00603059720663
152 -5.20725224638 6.62943047108 -8.30100267892 0.00487002866095
153 -5.35491869471 6.87501874068 -7.49274824268 0.00433520794399
154 -5.96746037818 7.23923679395 -7.0225195911 0.011518114784
155 -6.46468522856 7.9226737077 -7.02813862513 0.00512155763936
156 -7.21038809647 8.18894219777 -6.74328461404 0.00550720883796
157 -8.03331008419 8.21813463174 -6.59310711706 0.0048995450305
158 -8.64864137714 8.6257883022 -6.20641849094 0.00529832192691
159 -9.40522525948 8.96279086673 -6.22170118142 0.00683329924861
160 -9.69577866358 8.28613575561 -6.58811546192 0.00757932337459
161 -9.44531929852 8.06067941242 -7.33155464402 0.00920776089683
162 -9.68188864608 7.47509865806 -7.83235239364 0.00739853977381
163 -10.2834456873 7.83040913265 -8.2109864219 0.0127681601354
164 -11.0045363855 8.09780197308 -8.32967909967 0.00799136758553
165 -11.1620494342 7.40052189652 -8.05128832886 0.00980786950328
166 -11.2807216036 6.67560409178 -7.8901068776 0.00362022310154
167 -11.3747910364 5.95672635915 -7.71356431946 0.00964678702182
168 -11.4770276644 5.58056652345 -8.33152426291 0.00332417977442
169 -11.3293227638 5.33049599077 -8.99551451295 0.00640909699689
170 -10.6797724371 5.1353408503 -8.78156831842 0.00949333473843
171 -11.0117121073 5.54453107362 -8.33355003658 0.00810491154189
172 -11.1809471024 6.16066800364 -8.12488825444 0.00260658909149
173 -11.4533749427 6.53985661884 -8.60020754874 0.0273923661325
174 -11.7006331456 7.02588572206 -8.39153787854 0.00924089758923
175 -11.49669838 7.01625888635 -7.88041080732 0.0105139977317
176 -11.7648451912 6.69506094074 -7.59624135345 0.00677828920777
177 -11.8503488694 6.43830396693 -7.20638757912 0.0419895623386
178 -11.8790835405 6.47595743053 -7.43156248706 0.0190424502375
179 -11.8204564144 6.59024827617 -7.39547478582 0.0127633410009
180 -11.7613351093 6.6401167956 -7.4164301854 0.0102621211665
181 -11.7905985556 6.63496219569 -7.3843506 0.0076542328719
182 -11.8050557136 6.62120537356 -7.39517243689 0.0093874037241
183 -11.8046744062 6.62580769001 -7.39459731637 0.00500450572552
