0 -0.283037518954 -0.920172465849 -0.245124413325 0.0055501628836
1 -0.625676443444 -1.82629053221 -0.465152425939 0.00489079280579
2 -0.971357271112 -2.73338949736 -0.676095907199 0.0069839951841
3 -1.26079616294 -3.63180790373 -0.985678662614 0.00884426432724
4 -1.56337540018 -4.55080827494 -1.21055469081 0.00477305561811
5 -1.76824644142 -5.46493181927 -1.54080054281 0.00488991337298
6 -1.80305847294 -6.39145585993 -1.89711311766 0.00482504035778
7 -1.90185877078 -7.35896473288 -2.09890627068 0.00262666248251
8 -1.97016821344 -8.32715634902 -2.30978947368 0.00665643033604
9 -1.9200937123 -9.30135146048 -2.4966257445 0.00358788295442
10 -1.81887031204 -10.2703381136 -2.68965008156 0.00282180116148
11 -1.72471254759 -11.2388436698 -2.88851216146 0.00376156901875
12 -1.752913702 -12.2201377843 -3.03898996506 0.0024962979483
13 -1.69877481267 -13.1903445342 -3.24423777051 0.00135920150801
14 -1.58906917234 -14.1704681441 -3.36112395586 0.00402551151273
15 -1.46815918115 -15.1380649889 -3.54939350414 0.00447653335182
16 -1.27383091309 -16.0994235925 -3.70524909403 0.00500264464934
17 -1.04869425364 -17.0632496502 -3.78628954998 0.00471165859284
18 -0.842154144707 -18.020182557 -3.95301291354 0.00469676250341
19 -0.585217025169 -18.9635984961 -4.12645651611 0.00556284884058
20 -0.3652024928 -19.9162043787 -4.30028613872 0.0343904877442
21 -0.142444264413 -20.8632000602 -4.49861233596 0.00154930993098
22 0.174482933378 -21.7691329033 -4.7527562474 0.00171430442427
23 0.523958406039 -22.6969410333 -4.80523313055 0.00495740449085
24 0.859751495749 -23.6260253134 -4.90379001143 0.00416188077011
25 1.32207088596 -24.4926333661 -5.04829302955 0.00398406632003
26 1.86497775311 -25.3071684967 -5.21375232241 0.0049441368858
27 2.55426460275 -26.0116116128 -5.33284669156 0.00510152141787
28 3.29987594219 -26.6576536317 -5.44321898158 0.00228479436355
29 3.95498141259 -27.3924479058 -5.57120708991 0.0172585863438
30 4.62544835685 -28.0924368956 -5.78519061637 0.00456972632562
31 5.33815457235 -28.7174788611 -6.07952919196 0.00150323935165
32 6.06983248531 -29.348667143 -6.30643772687 0.00448459681632
33 6.73827371763 -30.0492566772 -6.52450234154 0.00247818815552
34 7.38760028828 -30.7737633787 -6.72104436322 0.00214138969435
35 8.18987906376 -31.3387356611 -6.87035126466 0.00571847491881
36 9.06056588939 -31.8075628061 -6.95508444307 0.0049544227402
37 10.0177461201 -31.9582086019 -6.74027317811 0.00473121948404
38 10.8016523623 -32.140643015 -6.15952863665 0.00592200891322
39 11.5307370233 -32.2643087162 -5.49759130407 0.00499837891391
40 12.3352890016 -32.335759362 -4.92093722735 0.00440607724232
41 13.0421084648 -32.0961085775 -4.26680413366 0.00745803231237
42 13.7757216737 -31.7432155233 -3.69927652779 0.00129702437864
43 14.4554095929 -31.1870825078 -3.23720724341 0.00367561368072
44 14.9984258442 -30.5560963832 -2.69707967199 0.00607494160639
45 15.5054286055 -29.8609470689 -2.20272626396 0.00404712095133
46 15.8235953497 -29.1563745611 -1.58062513187 0.00643814614439
47 16.1122941261 -28.4900586007 -0.904395899032 0.00296708450241
48 16.3328281512 -27.8569542886 -0.172862447147 0.00400313030716
49 16.4247040894 -27.2943762955 0.639326364019 0.00376669736945
50 16.4453943181 -26.81463695 1.50765289269 0.00577256603199
51 16.3918154131 -26.3050037171 2.35729959974 0.00245941331802
52 16.3702579518 -25.91685993 3.2701949293 0.0044971881024
53 16.2576683317 -25.4825908536 4.15516300696 0.00771361230103
54 16.0949794062 -25.0555817855 5.03581108794 0.00352962504913
55 15.8727841169 -24.5941250961 5.8855040009 0.00527306189272
56 15.6071783566 -24.1235161732 6.71749177028 0.00401045597758
57 15.2235374919 -23.7953201013 7.57147873602 0.00976862465001
58 14.947696356 -23.4844158114 8.47222623414 0.00723221128312
59 14.8392554722 -23.1344125218 9.39405061184 0.00577820907024
60 15.1749019492 -22.669929109 10.2036785484 0.0037239801516
61 15.4746051334 -22.1695590801 11.0059635437 0.00479765154664
62 15.7651732776 -21.5512323088 11.7249930468 0.00471606003441
63 15.9918406571 -20.8665241407 12.4057914203 0.00336822735927
64 16.2661681217 -20.1643744867 13.0502804137 0.00390445488239
65 16.4387302971 -19.5190876429 13.7833898862 0.00640300460289
66 16.5965123468 -18.8264478761 14.4754035111 0.00292663157669
67 16.7733476388 -18.1408467997 15.1697905321 0.00676641310435
68 16.927037582 -17.331333147 15.7215389872 0.00333862950776
69 16.9178760752 -16.531844085 16.3081071781 0.00505090357304
70 16.9790090228 -15.7992917912 16.9736323228 0.00481137606948
71 17.1068031931 -15.0169953317 17.5693581331 0.00288055586792
72 17.3692952258 -14.3520490897 18.2564897404 0.00131892335911
73 17.6098737264 -13.6502626227 18.9143614957 0.00647014586497
74 17.862599648 -12.9586971867 19.5784130792 0.00246625765889
75 18.2454817516 -12.5178130901 19.9089749952 0.00238765650023
76 18.7096775821 -11.8014427594 20.4120850138 0.0152835436189
77 19.0322295098 -11.0514837784 20.9734263746 0.00388275172959
78 19.3400035634 -10.2770337182 21.5091679066 0.00853255372464
79 19.5517334155 -9.51642597265 22.1075489086 0.00487503068382
80 19.6221960687 -8.84269088517 22.8303970817 0.00129970926518
81 19.6346770198 -8.25879609502 23.6305987664 0.00773584312317
82 20.0496845384 -7.58159588688 24.2225210525 0.00328224787509
83 20.1436949332 -7.284886302 24.4233800068 0.00228367670444
84 20.2969558959 -6.44413237025 24.923516897 0.00347584881787
85 20.313375733 -5.53735043156 25.320862527 0.00364856045285
86 20.1133522606 -4.58223129697 25.4883215745 0.0100758739615
87 19.8505803492 -3.67650800501 25.7896153117 0.00285792035724
88 19.7695381948 -2.75203340345 26.1344387721 0.00562501402862
89 19.603386707 -1.81507987331 26.4074375533 0.00834645386383
90 19.4732033984 -0.886698003811 26.7253151458 0.00594010726991
91 19.4534013724 0.0356045259849 27.0841500384 0.00865105184214
92 19.267010759 0.969660817626 27.3532741967 0.00650235711783
93 19.0054755854 1.84544653247 27.7329355946 0.00421289438992
94 18.7918173724 2.73487215651 28.1107492774 0.00400203229052
95 18.5027523762 3.54499850878 28.6002105586 0.00385455207328
96 17.9217253973 4.22767692494 29.0193810624 0.00560564427015
97 17.181065514 4.76063130829 29.4022911459 0.00284300564801
98 16.4694107185 5.38286687237 29.6947567202 0.00478987770862
99 15.7658522766 5.86778900066 30.193750854 0.00527813920619
100 15.03670243 6.25890941471 30.7363618687 0.00489320467237
101 14.3723341301 6.63580329387 31.3653101171 0.00448472566019
102 13.774670762 7.00147027439 32.0639151533 0.00507781081713
103 13.146370416 7.31071746202 32.7628257469 0.00444026635924
104 12.3953095494 7.45713895729 33.3899014614 0.005365649376
105 11.6349801455 7.47423909653 34.0225676501 0.00239442711579
106 10.9767913448 7.35587543068 34.7515678089 0.00794112358899
107 10.2617692032 7.11545086957 35.3914199266 0.00471368781169
108 9.59997260537 6.92146296466 36.1005120592 0.00727492872209
109 8.97449728664 6.65888527678 36.8203174189 0.0029728249218
110 8.40262910618 6.39210754505 37.5819271188 0.00584891453088
111 7.84880703336 5.98305264161 38.2919044642 0.00531196093172
112 7.30729693604 5.48716776673 38.9543624773 0.00319369340405
113 6.54558284761 5.0497498549 39.4085569127 0.00470465392759
114 5.8745355083 4.48089107568 39.8600404915 0.00534386309972
115 5.36133732766 4.05941166456 40.5926707601 0.00721060706961
116 4.93995145513 3.61342491117 41.368026364 0.00434165202039
117 4.57678146736 3.01715015511 42.0680842152 0.00184362629302
118 4.22799899133 2.38781731937 42.7461397103 0.00998247922757
119 3.9046421384 1.81137845005 43.4812971649 0.0142316890422
120 3.63121836779 1.18898891035 44.1988387463 0.00323716983945
121 3.40920491428 0.499219085331 44.8710220109 0.00390413729404
122 3.27805435395 -0.308526297022 45.4251971152 0.00205741849469
123 3.23271149006 -1.18182535453 45.8856039142 0.00296783758699
124 3.32000712561 -2.00179315991 46.4302918554 0.00619029578574
125 3.61066505874 -2.7912775792 46.9486949299 0.00294094980967
126 3.83527581486 -3.57916450211 47.5011849873 0.00609881259154
127 3.98197930216 -4.46642499256 47.9104772668 0.00332158089795
128 4.29141086908 -5.32676474099 48.2849867279 0.00451653161561
129 4.68541726258 -6.18588319017 48.5726349478 0.00383621692303
130 5.06855811198 -7.0888876753 48.6898521611 0.00552419649185
131 5.40441403349 -8.00241247902 48.8587017722 0.00351086513145
132 6.06017737721 -8.70956697094 48.6449908731 0.00349861886933
133 6.68946557444 -9.46092923901 48.5220072899 0.00468935948598
134 7.44449625631 -10.0527878699 48.2870257178 0.00333627178897
135 8.17910422724 -10.6794312552 48.0792460097 0.00207351350181
136 8.92495325374 -11.2820126088 47.8424631638 0.00524492683075
137 9.57221318783 -11.9849046002 47.592782217 0.00363260757233
138 10.1537665494 -12.7193812441 47.2803502442 0.00351811071391
139 10.8570870896 -13.3703914312 47.0422312288 0.00394754284428
140 11.6848294227 -13.8971818171 46.9308855372 0.00367005605743
141 12.5855186535 -14.2629841925 46.7578771524 0.0026258715423
142 13.5103888225 -14.5967700405 46.667793826 0.00432927374885
143 14.4642033845 -14.8301986786 46.5650335503 0.00455019644141
144 15.4350683417 -14.9913686151 46.4866412673 0.00178264124004
145 16.4092394179 -14.9216825871 46.342426587 0.00275942828422
146 17.3958631728 -14.9130012661 46.3094682592 0.00683212783897
147 18.325371364 -14.5825699284 46.2740922798 0.00479941744645
148 19.2829998397 -14.3460398596 46.2379649129 0.00436189489413
149 20.2020781392 -13.987989309 46.2020350501 0.00325330283801
150 21.1186971875 -13.6247495655 46.2465531008 0.00214490305958
151 22.0257474357 -13.2410079265 46.3103104365 0.00162095485423
152 22.8766475045 -12.7449016965 46.3725180231 0.00246336156992
153 23.7604583648 -12.3220859621 46.2539011022 0.00824514211516
154 24.6766965521 -11.9995222555 46.0800523417 0.00516529233291
155 25.5689779057 -11.9130052013 45.6676895464 0.00583846999071
156 26.494702735 -11.7419491707 45.3722582634 0.00399394118536
157 27.3695043427 -11.385379814 45.0876883142 0.022513999648
158 28.1634774499 -10.9412353461 44.7066703289 0.00177379014266
159 28.8302868364 -10.288424944 44.3873461054 0.00327693544173
160 29.3732719403 -9.4982742456 44.1560855571 0.00482115800348
161 29.9618829553 -8.79471260418 43.7940146366 0.00267878393617
162 30.401124926 -8.06221151651 43.301018295 0.00396371187756
163 30.6935862475 -7.55776254094 42.5056501325 0.00746289199706
164 30.9355554186 -6.95085461984 41.767084839 0.00224138842019
165 31.0024688517 -6.24665969564 41.080135611 0.00500774333176
166 31.0493933395 -5.55218746053 40.3818229725 0.00261304463146
167 30.7669480142 -4.90077309314 39.6977654141 0.00476984678324
168 30.3760943826 -4.23065966271 39.0894489055 0.00435650874283
169 29.9537874863 -3.65753644977 38.4075576531 0.00551290761578
170 29.4542299582 -3.24290237393 37.6658079303 0.00619285920461
171 28.9134824433 -3.08750547289 36.8564950152 0.00284667282223
172 28.5005662152 -3.00471141044 35.9653302584 0.00160641803248
173 27.8270671994 -2.73778043393 35.297156495 0.00505305379118
174 27.058586246 -2.31393627351 34.8490161361 0.00442358386782
175 26.2324144462 -1.96522631716 34.4406923705 0.00384208634714
176 25.3805810285 -1.6495970047 34.0592242798 0.00630675835316
177 24.494693452 -1.4747074048 33.6652834685 0.00279701431705
178 23.6379555715 -1.52675332786 33.1817360674 0.00437790463594
179 22.7190261253 -1.57862036694 32.8307183667 0.00882534252672
180 21.8048330464 -1.74193224617 32.5026464227 0.0044043678747
181 20.8384358661 -1.86749886795 32.3606049385 0.00595255343833
182 19.8872942692 -2.10958123489 32.2806382725 0.0125097337363
183 18.9394191006 -2.37455548548 32.304742029 0.00562504963744
184 18.5076590406 -2.91974341914 31.6078302296 0.00290854425657
185 17.9034029889 -3.57855282201 31.1956253 0.00732329690944
186 17.4101603598 -4.26262975711 30.6880613562 0.00419247585851
187 16.9013058709 -4.82186581881 30.0578811388 0.00216332394748
188 16.4314278484 -5.43794021313 29.4509353006 0.00480457875134
189 15.9510660131 -5.90382870991 28.7292453318 0.0028627902434
190 15.4502426632 -6.41148924734 28.0510405956 0.00353285811773
191 15.0558975528 -6.85261304167 27.2646741338 0.00150886608315
192 14.7279686202 -7.34744565674 26.4798043825 0.00322393864957
193 14.3283317131 -7.76591266515 25.6838828415 0.00364754277212
194 14.1279483438 -8.35606545737 24.9224861555 0.0120195699735
195 13.9483016526 -9.02537944885 24.2243253823 0.00445456297073
196 13.85426252 -9.61454406259 23.4422546191 0.00300851709163
197 13.7530989466 -10.1828949346 22.6458623747 0.00323138300307
198 13.4391500761 -10.78163135 21.9315370669 0.00323551570723
199 13.2136718071 -11.4007244503 21.2014082923 0.00157876046498
200 12.9173704597 -12.0314206904 20.5074737365 0.00261307685805
201 12.699600932 -12.6257910069 19.7548980262 0.00635921867558
202 12.3726294929 -13.231432402 19.0527014944 0.00701754324752
203 12.1502547794 -13.8411301655 18.3142052072 0.00344123277685
204 12.005535974 -14.424340271 17.5361397899 0.00311159638081
205 11.5762041615 -14.6062877354 16.6706928121 0.00542013727417
206 10.9229117978 -14.8930828819 15.9946699292 0.0214120640244
207 10.3634776965 -15.0945730235 15.2125357726 0.00436480964913
208 9.72422016304 -15.338533966 14.5076344711 0.00814650629448
209 8.94906627535 -15.7173493373 14.0383948788 0.00209156483262
210 8.25561205553 -16.3340026961 13.7170668852 0.00312906277441
211 7.71802139131 -17.1553395326 13.7415603739 0.00321819438748
212 7.21194928373 -17.9918165385 13.8324700706 0.00324421063784
213 6.82867171064 -18.8946548194 13.8761453558 0.00247731121815
214 6.96082463337 -19.3559832773 14.732877359 0.00621715995965
215 7.10047463237 -19.7150388962 15.6360070409 0.00582381488551
216 7.3641567232 -20.2119214993 16.4405504288 0.00208628157274
217 7.4014179368 -20.6726036214 17.3066158709 0.00222914710406
218 7.51768063012 -21.0942567377 18.1854190435 0.00551982031371
219 7.63278127251 -21.5036987704 19.0699970387 0.00321271983639
220 7.87003931749 -21.8306754001 19.9644432854 0.00452051675778
221 8.29893431696 -22.1334578523 20.7935017345 0.00814631371951
222 8.61837452943 -21.8768383513 21.6850030703 0.00157839103229
223 8.74499418806 -21.662043436 22.6339491272 0.0115131943188
224 8.92691560416 -21.2750752302 23.5166839274 0.004640341624
225 9.04008692961 -20.8127358481 24.3741508104 0.00509429077178
226 9.17875767775 -20.5414693238 25.3062718775 0.00289274453834
227 9.3377698713 -20.320520603 26.2483106894 0.0038368257892
228 9.24424878515 -20.6879079464 27.1525178057 0.00610843900611
229 8.94113566948 -21.1108751931 27.9832704341 0.0072289957355
230 8.52026551542 -21.7292830283 28.6163704845 0.00850576493977
231 8.15935851106 -22.1002399261 29.4484104363 0.00771394207533
232 7.64802631295 -22.4452598214 30.2094521513 0.00254830242021
233 7.15513945564 -22.9867112977 30.8600951524 0.00228222731604
234 6.79181502501 -23.4792806759 31.6248243282 0.00464659030235
235 6.39216453885 -23.9283804647 32.3979978631 0.0097590222792
236 6.14294498358 -24.5400428558 33.1207701542 0.00333753783009
237 6.06045309056 -25.1782434806 33.858587135 0.00202331068843
238 5.83115899123 -25.7852228884 34.5916392781 0.00371737313532
239 5.41673798305 -26.2731513651 35.3321483175 0.00387129070974
240 5.295316923 -26.8252210993 36.131212773 0.00209401781516
241 5.25872714486 -27.2203199606 37.0259701402 0.00650996610855
242 5.46203521367 -27.7727486634 37.8076495129 0.00310010092352
243 5.85346506956 -28.3563123112 38.4884489942 0.00316857856398
244 6.1804395199 -28.824502328 39.2954571074 0.00294563939498
245 6.58104680465 -29.175846482 40.1158031853 0.00481062018697
246 6.95726658824 -29.3709077607 40.9973415264 0.00216681891262
247 7.2911901701 -29.3976211677 41.9162582072 0.00376896345203
248 7.36518682602 -29.4537287576 42.8898411216 0.00306127841496
249 7.17071899392 -29.3975942813 43.8465622677 0.00320499991839
250 6.87394668913 -29.238955516 44.7646038929 0.00374561531991
251 6.69261885227 -29.0142320182 45.698660345 0.00347153787252
252 6.54255312915 -28.8501911552 46.6506226152 0.00437425304053
253 6.43336159383 -28.5828661975 47.584424736 0.00388378926971
254 6.03296411065 -28.6080541577 48.4755602937 0.00167472567446
255 5.49701568548 -28.3847416533 49.2615150059 0.00148784249324
256 4.70774458914 -28.1652148526 49.7938099434 0.00444963439046
257 3.9117023492 -28.1437114706 50.3595707506 0.0053521015725
258 3.01140913293 -28.3259763328 50.6912001579 0.00613597966972
259 2.15377373038 -28.7120925464 50.9532624556 0.00330123869091
260 1.34589159786 -29.2355125206 51.1157777044 0.00590987248059
261 0.681017238471 -29.9298924911 51.284440306 0.00525002212252
262 0.16817355261 -30.7548497774 51.3779369412 0.00420872359241
263 -0.30530878881 -31.5965260028 51.5173195742 0.00270460292813
264 -0.574448514882 -32.5307829219 51.5983543463 0.00226053090592
265 -0.860563319654 -33.4617018575 51.6550191916 0.00235762818674
266 -0.643896657557 -34.4088461946 51.5684248791 0.00430266318426
267 -0.228520387256 -35.2829620464 51.4475129126 0.0103440221233
268 0.274740638816 -36.0929504185 51.244578186 0.00498051306938
269 1.07404017301 -36.5879469688 50.9870876724 0.00577076298467
270 1.60196689244 -36.7605427466 50.8982887694 0.00420124945767
271 2.48518080029 -36.8484992008 50.4964894543 0.00280397405419
272 3.37585291022 -36.6266070749 50.170212132 0.0051333427414
273 4.18226927653 -36.3750808688 49.6852927907 0.00597995142032
274 4.89505322617 -35.9146439195 49.2075924081 0.00920173564311
275 5.64951621034 -35.4532581558 48.8008941268 0.00853166780934
276 6.12947058498 -34.9019068653 48.1584735594 0.00189587260962
277 6.64100484472 -34.2095659415 47.7049269703 0.00392755294255
278 6.69865940377 -33.7536621057 46.8471919429 0.00373845323668
279 6.29076307594 -33.1851584513 46.1713619071 0.00528456998288
280 5.45960989375 -32.6826086757 46.125612995 0.00380168587876
281 4.51236661536 -32.5853208334 46.3216943348 0.00244240537653
282 3.59247577848 -32.3517270878 46.5319754745 0.00315811738999
283 2.63129879611 -32.2358096383 46.6179043449 0.00210479582404
284 1.94640826948 -31.6264038725 46.2951899779 0.00606805890175
285 1.11194079655 -31.2014367542 46.0361416952 0.0042238544522
286 0.161543938518 -31.0135350783 45.9650738016 0.00342645480566
287 -0.800150693792 -30.960298003 46.090095161 0.0052627389547
288 -1.76581289366 -31.0612495376 46.0781044882 0.0017318306732
289 -2.73141097388 -31.1559145367 46.0414535355 0.0029305091447
290 -3.68903599331 -31.1953486945 45.8870462803 0.0312394204548
291 -4.54556985475 -31.4821398107 46.2387591571 0.00470847504543
292 -5.3442655762 -31.9392976545 46.5423971686 0.00826223023979
293 -6.15680148665 -32.2478954047 46.9700924924 0.00543573791299
294 -7.05100144415 -32.4396774233 47.288455084 0.00672209134825
295 -7.83242535763 -32.7174648302 47.7878547359 0.00671605432252
296 -8.53252864407 -33.0012630755 48.3927683835 0.00616507054563
297 -9.26764161892 -33.455015111 48.8280492616 0.00405408970826
298 -10.1889931331 -33.3403643538 48.557592046 0.00449719688524
299 -11.1193384703 -33.4597682334 48.3233638172 0.00457116365626
300 -12.0085532486 -33.7299282146 48.0578861263 0.00217700469087
301 -12.8224221827 -34.1707798621 47.7800440626 0.00297507649131
302 -13.7055197155 -34.561202488 47.7452144772 0.00491857207059
303 -14.4210766051 -35.2097154287 47.7637916242 0.00317891422128
304 -15.0483046333 -35.9352724237 47.876623745 0.00500615018943
305 -15.8331182405 -36.4965638673 47.9081526775 0.00528237414479
306 -16.4464860671 -37.2413003338 47.8860498496 0.0044270401768
307 -17.1911122362 -37.8510997163 47.8190845386 0.00582869391503
308 -17.8963894938 -38.4976587866 47.9401064526 0.00476744982447
309 -18.3761070876 -39.2980250464 48.1826791799 0.00520411293082
310 -18.8034862408 -40.0676297877 48.5751916039 0.00796946488504
311 -19.1461468278 -40.9383856338 48.8037162259 0.00566471569952
312 -19.3715757877 -41.6598286286 49.4005269894 0.00404871154092
313 -19.3071185017 -42.3453096953 50.0735960433 0.00959877416447
314 -19.393126831 -43.1034098183 50.6596877293 0.00234415606652
315 -19.4283225004 -43.8445405715 51.2719110795 0.00342083596027
316 -19.4264086527 -44.4734611154 51.9995816518 0.00166816254549
317 -19.6733633227 -44.9782236207 52.7800586555 0.00397078892235
318 -19.4369039852 -45.430407474 53.5949454628 0.00466770893304
319 -19.0474094821 -45.7485560913 54.4139924214 0.00234697298693
320 -18.5740020487 -46.1665296021 55.1381572671 0.00400383438037
321 -18.2005047098 -46.7063688935 55.8393514783 0.00615872448768
322 -17.6870977398 -47.1814734541 56.4968394886 0.00428583881136
323 -17.062885466 -47.4309227802 57.1817726979 0.00284938369342
324 -16.7306931353 -47.9962742358 57.8822129562 0.0113851529212
325 -16.4104182805 -48.7613787443 58.3623012976 0.00338259666152
326 -15.888392333 -49.1966577387 59.0377504348 0.00459139451469
327 -15.1767383342 -49.6371756977 59.5031765217 0.00658272129625
328 -14.3729589036 -50.0089270227 59.8660153428 0.00379074338725
329 -13.5406814005 -50.1727368798 60.3085539018 0.0041046221156
330 -12.877851214 -49.9640331017 60.9658898563 0.00596637332389
331 -12.4890152633 -49.694724409 61.7969164793 0.00189077406055
332 -12.2397277852 -48.9566423392 62.3505666649 0.00275497005495
333 -11.9998308248 -48.1586865324 62.8180442372 0.00287442088763
334 -11.7519847067 -47.3982141143 63.3401887575 0.00354506108684
335 -11.2515902553 -47.1103238451 64.1010510944 0.00315471977571
336 -10.5892528576 -46.9427712287 64.7678687668 0.0104883829621
337 -10.0336385192 -46.5739440622 65.4495798095 0.00427826288546
338 -9.69560114593 -46.1367942583 66.2264250132 0.00472397193376
339 -9.62108204666 -45.4352335701 66.8666572547 0.0051916994049
340 -9.68463736536 -44.6789271174 67.4414972771 0.00487219182275
341 -9.60688901614 -44.0724148397 68.1708143027 0.00429871287206
342 -9.17072517312 -43.4945852875 68.7877060091 0.00193986295193
343 -8.85867403292 -42.6639610535 69.1290938991 0.0103019733751
344 -8.47466648014 -41.8829920441 69.5089909822 0.00228383865045
345 -8.53981341764 -40.9736394884 69.7733936986 0.00595261701017
346 -8.64717548182 -40.0313251751 69.7610711209 0.00316343743556
347 -9.49478984892 -39.6955675824 69.5005983992 0.00438692091987
348 -9.96657827108 -39.602989463 69.5667001157 0.00218718509792
349 -10.8538599146 -39.7449024604 69.3521511595 0.00377209327664
350 -11.5912989156 -39.8646256194 68.8097062819 0.00616149025581
351 -12.3445256011 -40.2181067455 68.413348602 0.00370349575187
352 -13.0909238764 -40.5208858523 67.9671905277 0.0096302799851
353 -13.4082653323 -41.1886923751 67.4222490829 0.00825213071564
354 -13.7665367395 -41.9656403369 67.0948544383 0.00708251047856
355 -13.70233159 -42.8568382693 66.9022242886 0.00665433582146
356 -13.6352044712 -43.7175112888 67.1969394559 0.00242818003036
357 -13.2880018171 -44.5115985013 67.4792248504 0.0064689876359
358 -12.7767850717 -44.9852198527 68.0642840561 0.0105962851426
359 -12.4632467262 -45.2620737112 68.8691318039 0.0101132066796
360 -12.2301839442 -45.0046498578 69.7035376053 0.00726432112386
361 -11.9455330044 -44.4671176034 70.3680748144 0.00505542381932
362 -11.9230693961 -44.8390981264 71.1866462903 0.0185849294428
363 -12.1485469075 -44.9482382131 72.0431061946 0.0109362050321
364 -12.4586152504 -45.4593556164 72.6986661388 0.00376787584921
365 -12.5777996563 -45.9449249576 73.4297645738 0.00782977311199
366 -13.0085107997 -46.6075298562 73.820101135 0.00598725517096
367 -13.3761538726 -46.623699836 74.6187835961 0.0038935248874
368 -14.0918807705 -46.9957310188 74.9616880264 0.00438008847612
369 -14.5468641285 -47.1335593476 75.6962820295 0.00883908493235
370 -14.6958109739 -47.1631235786 76.5535398481 0.00743197101697
371 -14.5655270917 -47.1902041188 77.4096194331 0.00212700322872
372 -14.6765605432 -47.4211468791 78.2357996089 0.00194166618945
373 -14.9033684384 -47.6844150907 79.0265455949 0.00140001728326
374 -15.0848546081 -47.9587960421 79.8242787399 0.00893529839913
375 -15.4239657027 -48.4191035062 80.4624222375 0.00248160211831
376 -15.4211698455 -48.9674845255 81.1186631254 0.00413257935265
377 -15.8589244174 -48.9700662219 80.3869981972 0.0110873566519
378 -16.344731834 -48.7146646218 79.7453060518 0.0058816121962
379 -16.6806146891 -48.8204559145 78.982415873 0.00811789853546
380 -17.040243859 -49.0184680046 78.2570128652 0.00937173738827
381 -17.1993309716 -48.4534964486 77.6774275587 0.0133516571745
382 -17.4226785811 -48.0150294752 77.0312870551 0.00610807794851
383 -17.149029134 -47.4258113745 76.5554481525 0.00980212851665
384 -17.1556953885 -46.6900102098 76.2655989228 0.00596211267174
385 -16.9439945869 -47.3924502855 76.5401377783 0.0072018676178
386 -16.641464446 -47.5238327409 77.2411911832 0.0055224651645
387 -16.1775623965 -47.5178637835 77.8514104633 0.00578514725045
388 -16.4029469742 -47.2513504125 78.5243381911 0.00280117237262
389 -16.19747781 -46.9355362017 79.1769901158 0.00644882564725
390 -15.7314001468 -46.4206895848 78.9156146563 0.00875651706966
391 -15.8856594282 -45.7171742028 78.8204739561 0.00748527922419
392 -16.2752591289 -45.5313254715 79.3881798909 0.01073337225
393 -16.775361767 -45.897318455 79.6910900531 0.00557880045027
394 -16.8351666355 -46.5105699499 79.9710787797 0.0355394298446
395 -17.0339894783 -47.0422040364 80.0288810246 0.00422744172652
396 -17.2545068916 -47.421267717 80.3691183578 0.0124970771491
397 -16.987326728 -47.8244079488 80.5060725697 0.00772031531194
398 -17.1544122113 -48.2558891162 80.4481273147 0.00455214360153
399 -17.0512435957 -48.0553016061 80.0653989173 0.00994982742382
400 -16.9413994713 -47.7204072687 79.8989221069 0.00773932118535
401 -16.6386516905 -47.7696749591 80.0426824709 0.0137840829034
402 -16.6329447119 -47.9833763622 79.9049764518 0.0134788402676
403 -16.576670173 -47.8847671138 79.7628456756 0.00814880754239
404 -16.6763809366 -47.784157713 79.7701608418 0.00704223862427
405 -16.745395342 -47.8486767379 79.7143404234 0.0188697491355
406 -16.7733695634 -47.8254010094 79.7313886123 0.0197374934518
407 -16.7730285035 -47.8247696521 79.7315225523 0.00121098169242
