0 -0.528156498408 -0.654999930826 -0.528192241834 0.00274220601083
1 -0.992137338615 -1.30131762577 -1.12312883689 0.00651856358703
2 -1.394362626 -1.97519416561 -1.73223295539 0.0119263975953
3 -1.90254913048 -2.73068971362 -2.12938029531 0.00298027614149
4 -2.38606500409 -3.59837932392 -2.13378414385 0.00556949419715
5 -2.86026121085 -4.46816552157 -2.2062728797 0.00424797685662
6 -3.27756777783 -5.34512403117 -2.41463517374 0.00196518583548
7 -3.62788575487 -6.21790112643 -2.7342428831 0.00565452065473
8 -3.97427878313 -7.08048051079 -3.08429271659 0.00508647355206
9 -4.2647866915 -7.98809252881 -3.36421530183 0.00344294438782
10 -4.48014754011 -8.92454163258 -3.61553118562 0.00482110780655
11 -4.67853385444 -9.82790065446 -3.97751782913 0.00636481345663
12 -4.83602747923 -10.7543380626 -4.29891289159 0.00812218190454
13 -5.04540477835 -11.6655246379 -4.63389601634 0.00462479678306
14 -5.18057291436 -12.6130156027 -4.89894703815 0.00873506250747
15 -5.22851949918 -13.5756449431 -5.13816230958 0.00422932868909
16 -5.47377985787 -14.4705766561 -5.49185581359 0.0065334332067
17 -5.74821439335 -15.3356189955 -5.89495594011 0.0044454108691
18 -5.82360698762 -16.2708916322 -6.21996117064 0.00348167245767
19 -5.97742178349 -17.2293585884 -6.42896395756 0.00812120618112
20 -6.05325045994 -18.1866947165 -6.681323306 0.00463306002885
21 -6.07167312359 -19.1574378723 -6.88916202993 0.000718302076665
22 -6.11689489744 -20.13622809 -7.04976188638 0.00832867097907
23 -6.12318162394 -21.1240381461 -7.1496388528 0.00323322762927
24 -6.06175739208 -22.1138590381 -7.19688414778 0.00823571363291
25 -5.95948359999 -23.0986999752 -7.26968007254 0.00316537105421
26 -5.87220970042 -24.0860775876 -7.21393088763 0.00275067757816
27 -5.72563391583 -25.0646383108 -7.29484719597 0.00318594912223
28 -5.45270748089 -26.0026719142 -7.47145860742 0.00465671000293
29 -5.18544748004 -26.958739533 -7.46508922396 0.00405217287332
30 -4.82580313005 -27.8830584012 -7.4228473416 0.00367777276705
31 -4.5117472665 -28.8039118037 -7.22570794795 0.00893906488971
32 -4.06397778129 -29.6683524889 -7.03174794595 0.00399479935664
33 -3.61366323673 -30.5306131304 -6.83411462453 0.00406017818007
34 -2.98601637552 -31.2955286597 -6.75505926964 0.00385661571994
35 -2.25303701374 -31.9521074742 -6.62507939721 0.00330859164937
36 -1.43052202079 -32.5076719188 -6.6197578515 0.00594161215493
37 -0.67848991379 -33.1525985899 -6.55919452678 0.00312388149282
38 -0.619234270752 -34.0988584317 -6.85282668156 0.00657632086415
39 -0.597397424572 -34.9130243134 -7.42008877964 0.00249713222725
40 -0.410833316403 -35.7443497217 -7.92918540169 0.00364249914556
41 -0.171646771206 -36.5716300392 -8.4225842548 0.00259994108794
42 0.212653719589 -37.4178589006 -8.77071793083 0.00278741702781
43 0.78477681579 -38.2004526524 -8.98322847061 0.00354825369108
44 1.45105708791 -38.89149251 -9.23510146513 0.0030882858073
45 2.20026553769 -39.5313049291 -9.35421002524 0.00562268136239
46 2.95980462048 -40.1622528476 -9.45322422413 0.00451126012515
47 3.68264323989 -40.8043731031 -9.67671080847 0.00788380376721
48 4.45917856064 -41.3869110629 -9.88241763589 0.00201318617011
49 5.26464270958 -41.9392891544 -10.0577855066 0.00351689351656
50 6.04596984385 -42.5131863738 -10.2694053773 0.00750246340379
51 6.82059480961 -43.0883022017 -10.5012043427 0.00515180998612
52 7.68623857517 -43.5307745684 -10.6995752866 0.00363570371301
53 8.56547610188 -43.9190123835 -10.9458470534 0.00591385432296
54 9.4487846325 -44.2549635385 -11.2479756537 0.00561753507834
55 10.3101674859 -44.573987414 -11.6229048355 0.00643092743782
56 11.1987680937 -44.8087934286 -11.9964158464 0.00375598023224
57 12.0553049549 -44.9916929468 -12.4623831939 0.0415723099402
58 12.8963306807 -45.2879821679 -12.8966965453 0.00264992850944
59 13.801504479 -45.4917751715 -13.247151387 0.00252324746895
60 14.2401738506 -45.8264735846 -14.071383713 0.00389643108945
61 14.6663068525 -46.0638803951 -14.9350000596 0.0036805253338
62 15.1502726122 -46.2504259994 -15.7804050486 0.00546774621062
63 15.6691312299 -46.3733275903 -16.6166719604 0.00559218813406
64 16.2719057997 -46.52621598 -17.389234408 0.00176788801392
65 16.740006688 -46.653725407 -18.2542248329 0.00355682068399
66 17.1060140909 -46.6707156834 -19.1758105904 0.00578039615649
67 17.3906235461 -46.8038129789 -20.1164444084 0.00471928303333
68 17.9096598264 -46.8025376098 -20.9614310927 0.00514926843804
69 18.3674179787 -46.8288826746 -21.8407028604 0.0012056398062
70 18.774582443 -46.7530148719 -22.7417092711 0.00364445820572
71 19.2889588859 -46.8374936368 -23.5852478625 0.00858199322067
72 19.8276656298 -46.8754434689 -24.4168233648 0.00214194926649
73 20.4008945787 -46.9884256448 -25.2179257312 0.00489675007991
74 21.0175406774 -47.1727090164 -25.9721305835 0.00526063024011
75 21.7130157556 -47.4008600783 -26.6408578885 0.00390757719253
76 22.4060353174 -47.59603094 -27.3224158501 0.00348612830551
77 23.1502070863 -47.7721681728 -27.9532948016 0.00421084459106
78 23.9322789029 -47.9239115996 -28.5432880218 0.000849273416114
79 24.6818128703 -48.0562629076 -29.1784583924 0.00468062021636
80 25.427936411 -48.2707665317 -29.7948824858 0.00369662354729
81 26.1378388206 -48.4010427217 -30.4743915617 0.0023194171106
82 26.9248918642 -48.4227536015 -31.0766223723 0.00584941045059
83 27.7596765539 -48.3059501115 -31.5981509769 0.00159282509251
84 28.5646994577 -48.1664638164 -32.1593761139 0.00355652662381
85 29.3648787108 -47.9431673957 -32.700013772 0.00336544252069
86 30.1321035151 -47.6801457445 -33.2697391048 0.00617804835036
87 30.9132830274 -47.3565340606 -33.7867825336 0.0034389191368
88 31.6727003522 -46.9286143803 -34.2583853495 0.00239557651803
89 32.4790814909 -46.546278399 -34.6893885105 0.00243830982587
90 33.116668597 -45.9359988236 -35.1401746531 0.00341229211986
91 33.7143973494 -45.2860223165 -35.5900300787 0.00280256105283
92 34.3064022602 -44.6902192788 -36.116006791 0.00574270451105
93 35.0793787742 -44.2508765877 -36.5535928622 0.00347523973597
94 35.637624963 -43.8887673415 -37.2879578616 0.00315099855075
95 36.2087408263 -43.3593061255 -37.9007031234 0.0076869484879
96 36.6541223939 -42.7403359987 -38.5334504135 0.00444626843996
97 37.1808895181 -42.1537513479 -39.133631006 0.00634023373675
98 37.3520329214 -41.9445691321 -39.2843995992 0.00127039853762
99 37.9062705591 -41.3413022898 -39.8405913303 0.00477690105756
100 38.2485622339 -40.7078521375 -40.5203053967 0.0130077191132
101 38.5677569841 -40.182899191 -41.2967137668 0.00579580034376
102 38.9246851388 -39.5500865268 -41.9692278664 0.00532371060888
103 39.0666723888 -38.8223931569 -42.6252242842 0.0326284687612
104 39.3123345631 -38.0949840737 -43.2497146172 0.00253658064081
105 39.3463016608 -37.9546526682 -43.4457351649 0.000414818922422
106 39.3415900894 -37.5631890301 -44.3513744711 0.00588682317495
107 39.4647013026 -37.4299941007 -45.3211437262 0.00369298777211
108 39.7312412083 -37.408093231 -46.2707282403 0.00623159432158
109 39.8360038078 -37.3749548999 -47.2510456627 0.00301692823526
110 39.9138122518 -37.496727912 -48.2268159312 0.00440517928794
111 40.039900921 -37.6205779237 -49.1972021174 0.00471157823369
112 39.9607005695 -37.809271326 -50.1620209253 0.00331282712953
113 39.6655192404 -38.040426099 -51.0741890941 0.00233116768798
114 39.4151118238 -38.279769173 -51.9975373038 0.0162141576094
115 39.1367589936 -38.4256475103 -52.9320729336 0.00422792153696
116 38.7763728218 -38.7068703677 -53.8055596391 0.00344392915133
117 38.3004712284 -39.0114773292 -54.6133485388 0.00299324939129
118 37.5897764113 -39.4049396582 -55.1715928553 0.0052811853333
119 36.9260805563 -39.9922775952 -55.6027097401 0.00216387283718
120 36.3736113758 -40.6863040758 -56.0320817589 0.00410931142686
121 35.9436942162 -41.5177324181 -56.3402816015 0.00697749582955
122 35.7469164332 -42.4660304975 -56.5215496521 0.00474378609345
123 35.6481954551 -43.4365066665 -56.659855445 0.00617593094296
124 35.480992066 -44.4041101665 -56.7391623615 0.00399611394
125 35.3279239767 -45.3720213431 -56.8396610414 0.0046557797638
126 35.1836748165 -46.3363263861 -56.9794828873 0.00353733801543
127 35.0741642575 -47.3116609949 -57.0622774866 0.00576826150887
128 35.1886635245 -48.2893432297 -57.0933854417 0.00332175704614
129 35.5666407272 -49.1870977595 -57.2383520954 0.00543289100904
130 36.1003029567 -50.0078040436 -57.1319926337 0.00745360064318
131 36.7934948843 -50.6705968431 -56.909200389 0.00407720704251
132 37.6105313569 -50.8384161222 -56.3860184326 0.00592873931303
133 38.3349429567 -51.0083577519 -55.7413012823 0.00127701155429
134 38.9203316524 -51.3235641115 -55.0151504197 0.00710600129564
135 39.674070598 -51.7002808308 -54.5063155495 0.00388120358327
136 40.5348182193 -51.9442072637 -54.0959679082 0.00468021519001
137 41.2265752229 -51.9116576482 -53.3965394505 0.0187187815574
138 41.9173576849 -51.8979019687 -52.6959856311 0.00885422106653
139 42.3861157782 -51.7171700485 -51.8500770778 0.0031334453736
140 42.9574039628 -51.4128818522 -51.1092711942 0.00483840294769
141 43.5527003241 -51.1884215518 -50.3590515711 0.0119772549946
142 44.1950611141 -50.9962477672 -49.6396276762 0.00379716107886
143 44.8448718665 -50.8508002947 -48.9160370325 0.00550914194336
144 45.5664931256 -50.998303532 -48.2647031741 0.00776139472413
145 46.3249740994 -50.8944288405 -47.6479950695 0.00326903422188
146 47.0473534051 -50.5581248116 -47.072385147 0.00483395334593
147 47.7338600196 -50.2158826508 -46.4578286446 0.00347168310075
148 48.4320101098 -49.7678800048 -45.9307730956 0.00955029112064
149 49.2598502024 -49.4379470928 -45.5168955816 0.00634655338154
150 50.0238583582 -49.831341707 -45.0406789306 0.00418901659438
151 50.815689146 -50.2563320707 -44.6439082858 0.00758967187879
152 51.6374825528 -50.4292814768 -44.1344601713 0.00333793916406
153 52.4827772693 -50.5506961255 -43.6493036522 0.0190266414491
154 53.1951153889 -50.6912887446 -42.9884116541 0.00227010563505
155 53.9137817481 -50.6360220327 -42.3218215512 0.0044579708767
156 54.8511339742 -50.5337615065 -42.0491188227 0.00555108962132
157 55.7488631498 -50.1730929538 -41.8842498587 0.00284863840957
158 56.6473505401 -49.8182865897 -41.7113609391 0.0061855663676
159 57.5561447085 -49.4564541002 -41.6342999739 0.00312795831831
160 58.4469379227 -49.0480477699 -41.5861613819 0.00390463852195
161 59.3194952496 -48.6992410267 -41.3042444155 0.00659427600009
162 60.2459265303 -48.4042912399 -41.17428866 0.00534174009882
163 61.1412011995 -48.0038464336 -41.1796617002 0.00119937566522
164 62.0548330385 -47.6515366633 -41.1248650272 0.00889020149798
165 62.6659463419 -46.9078061068 -41.3115686437 0.0143892701225
166 63.3462577871 -46.3623946385 -41.7594287066 0.00387023194901
167 63.9530651764 -45.6406296545 -42.0267111167 0.00568035870309
168 64.5546232917 -44.9372795695 -42.348842931 0.00553295749483
169 65.055313287 -44.2726135504 -42.8662489784 0.00261120847053
170 65.2613558456 -43.6131924332 -43.5611656468 0.0049110132876
171 64.9858771985 -42.7902438349 -44.0157279156 0.0051035030659
172 64.8548163765 -42.0530172923 -44.6473564991 0.00866939834628
173 64.6112669165 -41.4162539289 -45.3505433852 0.00247285601186
174 64.2004133135 -40.8390616389 -46.0266712502 0.00344517314254
175 63.6263713114 -40.4432585768 -46.7142371986 0.00394543085447
176 62.8789185901 -39.931308757 -47.0853223524 0.00391011486399
177 62.1681369142 -39.3009249225 -47.3211603291 0.00341960658311
178 61.5146078332 -38.6113989504 -47.5567083652 0.0048941069086
179 60.7902385638 -38.0874410427 -47.9549484705 0.00603858194439
180 59.9009021853 -37.8880735607 -48.3110606658 0.00291111865802
181 59.0159767639 -37.7041240999 -48.6857611081 0.00307724238171
182 58.2315733871 -37.5966384893 -49.2606157859 0.00280329686645
183 58.0774426821 -37.5924625815 -49.3362275291 0.000687724527312
184 57.1671363332 -37.7395622106 -49.6558417285 0.00371460332686
185 57.3095574057 -38.5073603035 -50.2411641287 0.00300707568502
186 57.6114844263 -39.1880571466 -50.8718276143 0.00666907470078
187 57.7153228055 -39.6192497345 -51.7409556304 0.00622108836645
188 57.8757458886 -40.0473436032 -52.6027319128 0.00577700543008
189 58.016909981 -40.5277544624 -53.4396914688 0.00181892987614
190 58.2158718306 -40.9199326806 -54.310182991 0.00301194322451
191 58.3360246761 -41.3153652709 -55.193443683 0.00342968514343
192 58.5992684686 -41.5561270033 -56.1009042618 0.00496482144702
193 58.6961897847 -41.7704435944 -57.047017981 0.00602468007619
194 58.6756092745 -42.053146559 -57.5262370384 0.00242088594835
195 58.6772044718 -42.1438482346 -57.6281911953 0.000906255302639
196 58.7288055693 -42.8217423973 -58.3221038495 0.00496438092244
197 58.6705904124 -43.5866611506 -58.9176421267 0.00319280147364
198 58.6731178655 -44.462297919 -59.337103864 0.00451633900763
199 58.5629241948 -45.3891429958 -59.6035565128 0.00427506625035
200 58.7760064407 -46.3291972851 -59.7159178297 0.00231988048938
201 59.1327784868 -47.2054220163 -59.9315430536 0.00646880235509
202 59.6349794806 -48.0212091925 -60.0838808211 0.00585193809902
203 59.9972482649 -48.8587448094 -60.4121280377 0.00432221615291
204 60.480516652 -49.6933796117 -60.3132824742 0.0029282356059
205 61.0935543373 -50.4300901181 -60.4585512994 0.00511485837051
206 61.899593429 -50.92442285 -60.6709623165 0.00611813697555
207 62.7967922525 -51.2684077566 -60.7944483406 0.00548451749272
208 63.4929145327 -51.6753027017 -61.3312191276 0.00290063906622
209 64.279949276 -52.0573855372 -61.7464808693 0.00455460468149
210 65.1801841487 -52.2737369707 -62.0294167767 0.00423230327022
211 65.8953161286 -52.6701821406 -62.5475486759 0.00216452226319
212 66.7429073301 -53.08885337 -62.7546105108 0.00242655199577
213 67.6211549433 -53.4634832669 -62.9115390008 0.00420670178866
214 68.3850778526 -53.9837044087 -63.1973627049 0.00396824771417
215 69.2159248099 -54.1533296998 -63.6627030471 0.0357536696257
216 69.9976777687 -54.5760932988 -64.0389613683 0.00492585026721
217 70.7136936233 -55.0050451583 -64.5229747742 0.00360912144018
218 71.4101010715 -55.4028062886 -65.0590433015 0.00624567858414
219 72.1303873634 -55.6059426219 -65.6671638484 0.00497911283869
220 72.9452077816 -55.8019176959 -66.1433432148 0.004625798351
221 73.6252486162 -56.4489644009 -66.3604782842 0.00944778766795
222 74.2128280073 -57.1159183995 -66.7306976828 0.00413439102205
223 74.8474376815 -57.5545372 -67.3066409824 0.00297005518359
224 75.6372026177 -57.8934194985 -67.7398560416 0.0024265336481
225 76.4496904317 -57.7445399273 -68.2334978422 0.00484337371257
226 77.3829866711 -57.5518549622 -68.1036550126 0.00412353139545
227 78.0372458309 -56.9593641184 -67.7221936885 0.00791857709137
228 78.3620482553 -56.1139398856 -67.4009629422 0.00369459187457
229 78.4999718644 -55.2560216501 -66.991172787 0.00628887845637
230 78.4912593598 -54.3387299032 -66.7075684521 0.0105411068838
231 78.391959602 -53.3924819445 -66.5850997148 0.006964419711
232 78.6175796502 -53.1913550077 -65.6746590127 0.00244240339699
233 78.7652117759 -52.794387269 -64.8142072356 0.00459584201527
234 78.5258682006 -52.5040028477 -63.9324649309 0.00162120864647
235 78.2079342057 -52.3540035126 -63.0406908224 0.00560680696427
236 78.10541024 -52.0967024236 -62.1234755367 0.00565732868719
237 78.1743746616 -52.0370303049 -61.1701422166 0.00288734307252
238 78.0639992557 -51.8100500597 -60.2466177347 0.0026730636179
239 78.0898547434 -51.6656495208 -59.3007379182 0.00369919740878
240 77.8558686244 -51.5514509969 -58.3800204328 0.00364281390069
241 77.6177571808 -51.2695165947 -57.4976375698 0.00459796004838
242 78.0811555984 -51.0068896506 -56.7038793919 0.00317483932116
243 78.2775823875 -50.587241871 -55.8680500996 0.00114180622315
244 78.4360869129 -50.1935417672 -55.0118837537 0.000577669460109
245 78.3855617292 -50.0720132714 -54.0653337509 0.0120711681635
246 78.2342429196 -49.8981740988 -53.1391064303 0.0136763722273
247 78.0383802627 -49.7380094476 -52.2202145405 0.00324062822236
248 77.7642871785 -49.9198990658 -51.3260902332 0.00577306863126
249 77.5334527994 -50.2840412624 -50.4772646998 0.00478336378367
250 77.3930671291 -50.4455072796 -49.5499832775 0.00421779579119
251 77.2209067924 -51.0859795655 -48.8685998685 0.00368381133526
252 77.3647877517 -51.32529377 -47.9597801912 0.00404247076193
253 77.7907630312 -51.4593607023 -47.1210687827 0.00334185146673
254 78.1122115077 -50.7760038801 -46.5455415118 0.00531180851836
255 78.3081684974 -50.1327767903 -45.8759051977 0.00305250344895
256 78.6363854752 -49.7563432842 -45.0692003161 0.00499399286378
257 78.8838198903 -49.3687679635 -44.2399299894 0.00174848116945
258 79.1414279239 -48.7930063205 -43.5324349373 0.0108233373066
259 79.2063287525 -47.92128174 -43.1703458032 0.000812687408949
260 78.8450323488 -47.0522523015 -43.0751037847 0.007143382666
261 78.5944607633 -46.1653442804 -43.2842018712 0.00613427951901
262 78.3311956776 -45.6532909923 -44.0331756656 0.00237046649027
263 77.9805369581 -45.0577295359 -44.6765636618 0.00522193951884
264 77.2302353486 -44.8382135712 -45.2046394248 0.00130770043438
265 76.5370766741 -44.8262106262 -45.8443885035 0.0067172978569
266 75.6305443136 -44.9567613238 -46.0648301047 0.00509916695808
267 74.7276631413 -44.8728325409 -46.3174627481 0.00369048417055
268 73.7921421386 -44.9636503344 -46.2791990627 0.00682104011443
269 73.0901698549 -45.5027446903 -46.5950341444 0.00509416606024
270 72.4682566343 -46.1704883114 -46.3739220856 0.00415783103737
271 71.8809622577 -46.877726139 -46.5614776327 0.00251513451531
272 71.1975403663 -47.3815258733 -46.9600643383 0.00318154115599
273 71.4066699258 -48.2307357792 -47.2973996676 0.0050565737765
274 71.7877025259 -48.9703505346 -47.7275527637 0.00451301593585
275 71.7899422934 -49.4019698914 -48.5585206927 0.00970550958115
276 72.7059922565 -49.581436691 -48.5285879821 0.00390153731163
277 73.5337089847 -49.1504595056 -48.5370229189 0.028912171707
278 74.0955849157 -48.4957908778 -48.1959457888 0.00418026502735
279 74.3412052511 -47.6537618613 -47.8966341451 0.00532194097138
280 73.7302317254 -47.0128774063 -47.6269415601 0.00797368378132
281 73.0347875004 -46.4623310945 -47.3686902222 0.00536939302838
282 72.2247191266 -46.485725427 -46.9274711174 0.00271198058403
283 71.3843790297 -46.7346247776 -46.6413427969 0.00588895100065
284 70.8253750329 -47.2225108114 -46.0960433298 0.00382062528812
285 71.2275386534 -46.5797566654 -45.5752738779 0.00764329977832
286 71.7159480838 -46.0773246403 -44.9822321288 0.00781497092779
287 71.6475683301 -45.224909794 -44.6551351756 0.00439955570422
288 71.4215762196 -44.558678793 -45.2396902627 0.00355240402286
289 71.6972164085 -43.907745347 -45.8185782314 0.00412048652998
290 71.6781173037 -42.9959882025 -45.8066261278 0.00531331989004
291 71.4657164834 -42.1265543558 -45.6393170013 0.00317276730326
292 71.4958710632 -41.2279842133 -45.5017771931 0.0069007983277
293 71.3483948477 -40.3521337313 -45.3159306764 0.010463827552
294 71.3910656221 -39.6629867642 -45.9001403319 0.00451877100745
295 71.7383583574 -38.9848773832 -46.3844426247 0.00769141514016
296 71.6151550588 -38.9929087052 -47.2768718295 0.00484053122748
297 71.3903848544 -39.8260423579 -47.0281784085 0.00822230280305
298 71.4088214114 -40.6812700458 -46.7651915815 0.00637579055444
299 71.3907815297 -41.5216096299 -46.4652463668 0.00429658575027
300 71.358103857 -42.3230073479 -46.0776937726 0.00397300773324
301 71.1716363212 -43.1718285788 -45.8908063576 0.00297575439973
302 71.6334031632 -43.9255743896 -45.9712799976 0.00439805911745
303 72.2648802399 -44.4888804324 -45.7095334937 0.00489997854037
304 72.9266045542 -45.0733359378 -45.6782207424 0.0049410896533
305 73.5862585813 -45.5766674369 -45.3813419859 0.00489052816954
306 74.378783812 -45.7485600211 -45.0423882065 0.00622241001702
307 74.9844079768 -45.1703304322 -44.7859705158 0.00223220515664
308 74.9597728687 -44.3085428789 -44.9323536163 0.0117663477179
309 75.0099370654 -43.4607260311 -45.1119668827 0.00781262054571
310 74.5350871493 -42.7447485405 -45.0255082694 0.0099040875927
311 74.096574085 -42.6133251887 -44.2994449604 0.00530421398682
312 73.8888945893 -41.8604002627 -43.9540193684 0.00175340860959
313 73.1357972828 -42.050904003 -43.602044179 0.00769936737272
314 72.4990715482 -41.9208964293 -43.057594373 0.006378078711
315 71.7802041299 -41.8312493876 -42.6268509434 0.00299766151835
316 71.4247275917 -42.1152436322 -41.9193268514 0.00556114767283
317 71.2969452779 -42.0226663909 -41.0971770047 0.00899559154897
318 71.1893408869 -41.6980038115 -40.3416665715 0.00620952226914
319 70.6466535304 -41.1292079381 -40.0997239706 0.0111097946379
320 70.0552330432 -40.7360991017 -39.7060756976 0.00480139097151
321 69.6138375545 -41.0673641144 -39.1167000415 0.0022969753046
322 69.5430621807 -41.4895067095 -38.4346401204 0.00306758428618
323 69.6387915937 -41.2693227442 -37.6692441145 0.0074242896184
324 69.1802153854 -40.6320988554 -37.7487475041 0.00689642850414
325 68.7915411359 -39.9628296414 -37.6496470945 0.00541967225113
326 68.2221600806 -40.4821415146 -37.7081948892 0.00577626845863
327 67.7810952215 -40.9729078069 -37.3212233965 0.00897043559323
328 67.8209400308 -40.8202610966 -36.585725745 0.00803202757771
329 67.3215268325 -41.1832667394 -36.1817979224 0.00647990704898
330 67.0594965755 -40.6964336601 -35.7105750876 0.0172317237567
331 67.0184285092 -40.1024518619 -35.3593640735 0.00671837692007
332 67.4448748635 -39.6910923447 -35.0347284181 0.00639380511909
333 67.1319853739 -39.4997267643 -34.4857092909 0.00605190990321
334 67.6736139496 -39.5796078055 -34.147858458 0.00655878501516
335 67.7382164023 -39.4779110466 -34.7613459571 0.00690947598242
336 67.9294792541 -39.5818677712 -35.3239457577 0.00382050305556
337 68.0111432667 -39.3226599989 -35.8479195185 0.0179054778513
338 67.9839831549 -38.9186540975 -35.5201454834 0.00823131766083
339 67.8490897612 -38.6625480243 -35.1321239121 0.00762719258492
340 68.1723286237 -38.9698736683 -35.1478283104 0.0122350495157
341 68.3028426048 -38.7976646884 -35.4581908873 0.0140724119934
342 68.4337047569 -38.6239686545 -35.6466309785 0.0115201366236
343 68.6124096093 -38.5458409146 -35.7527298841 0.0101298431552
344 68.5790592465 -38.5010192447 -35.9126026563 0.00529281245178
345 68.5132852489 -38.6267653156 -35.8908600318 0.00662934453136
346 68.6190383605 -38.5931826684 -35.9125007012 0.00767874546341
347 68.6445449278 -38.6714698165 -35.9079814171 0.00747319926096
348 68.6931337562 -38.6457220267 -35.9043383916 0.00477559101031
349 68.7118062802 -38.6455071212 -35.9389377823 0.00613663131836
350 68.7103861257 -38.6445751079 -35.9619187875 0.00438475013236
351 68.7213330687 -38.6514116053 -35.9639643807 0.0101465773228
