0 -0.865833861932 -0.430654769033 -0.227552119591 0.00142282598269
1 -1.70241086616 -0.962546452449 -0.291734925633 0.00454197171201
2 -2.48129406589 -1.57874873714 -0.269703348805 0.00379657926949
3 -3.20714985414 -2.25619516537 -0.237813852043 0.00211180464576
4 -3.97172575429 -2.88272671114 -0.139412262416 0.00799864223372
5 -4.78343097137 -3.44983427621 -0.0603257709281 0.00292022611395
6 -5.52741878167 -4.10736631106 -0.0313743166929 0.00435484133643
7 -6.27901502619 -4.75031347463 -0.122971849063 0.00515633130159
8 -7.0638507575 -5.34943856709 -0.231164172193 0.00529366881916
9 -7.85840084474 -5.91736960208 -0.412067702794 0.00473385061377
10 -8.67384539932 -6.4662823557 -0.554481936352 0.00247142855761
11 -9.50603942237 -7.00845349005 -0.550757053009 0.0074903593817
12 -10.2195068826 -7.69654950945 -0.613464540491 0.0030139989974
13 -10.6940528892 -8.5588625358 -0.48063946157 0.00452214322737
14 -10.7528381832 -8.68222927976 -0.447135092202 0.000451299343581
15 -11.1450057775 -9.56238452706 -0.206667314612 0.00307814194259
16 -11.5123930363 -10.4117497679 0.153731145427 0.0099596104036
17 -11.8144009082 -11.2691027041 0.553648856221 0.00502936457515
18 -12.1354712036 -12.1255620687 0.940351780065 0.00441278509506
19 -12.3936059304 -13.03672303 1.23909070194 0.00571585053701
20 -12.6342258171 -13.9572944892 1.52314598701 0.00350160260776
21 -12.9100014811 -14.882692424 1.75462866473 0.00458679610024
22 -13.0892062513 -15.8345907002 1.97309666874 0.00550944047345
23 -13.2342482434 -16.7790554729 2.24301422176 0.00368845357839
24 -13.3689236304 -17.7412656964 2.44765483811 0.00567729489102
25 -13.6190159558 -18.5971837304 2.88434988017 0.022544416615
26 -13.8301189872 -19.5026815687 3.23236874663 0.0125987983661
27 -14.0256605414 -20.4734953806 3.30120497512 0.00436911937465
28 -14.0113599363 -21.4624446341 3.21643519192 0.00313026520102
29 -13.9593383662 -22.4536987594 3.22574790996 0.00177619701112
30 -13.8312477646 -23.4293179979 3.09488996557 0.00256358880224
31 -13.6032484155 -24.3947704936 3.05950950789 0.00325979898796
32 -13.2823491468 -25.3335819213 3.02856587924 0.00693828155117
33 -12.9424513635 -26.2639986761 2.96512583122 0.00750030459568
34 -12.6722833516 -27.2138956136 2.86583029786 0.00284308619236
35 -12.3734755517 -28.1469269563 2.70678530115 0.00597910339437
36 -12.0447606361 -29.0744179292 2.57728066718 0.00414660883234
37 -11.5894462914 -29.9525095161 2.49565676346 0.0145953700402
38 -11.179721566 -30.8532476685 2.42042368827 0.0144757792845
39 -10.8222315782 -31.7726197168 2.31241798312 0.00512422753013
40 -10.375100961 -32.6431530168 2.14839533189 0.0026450305802
41 -9.99397680804 -33.5233266886 1.89407865068 0.00113214446988
42 -9.56797429801 -34.3852734506 1.64873321697 0.0044003566133
43 -8.9708394324 -35.1610488908 1.48696164445 0.00661209326775
44 -8.2090445679 -35.7790005165 1.33763679941 0.00431500699029
45 -7.38812951757 -36.3333928937 1.39410033227 0.00420968410456
46 -6.56112589317 -36.878330891 1.33492967395 0.00513524811838
47 -5.75005126264 -37.4467574403 1.39311082422 0.00310207977886
48 -4.89390019604 -37.9391904401 1.29921010037 0.00191682168178
49 -4.03953953658 -38.4428309067 1.32552649243 0.00155583149525
50 -3.17220523522 -38.9204368303 1.38785941366 0.00516265357851
51 -2.31114980605 -39.4068975945 1.46623595771 0.00243948436684
52 -1.43398693625 -39.8423722291 1.30771876512 0.00512107374037
53 -0.561946345155 -40.2891951864 1.1527480801 0.00142435757731
54 0.293232447261 -40.7506012993 0.953041003322 0.00490481307877
55 1.18256750861 -41.1654775806 0.808098515014 0.00400457453523
56 2.0668413626 -41.6023100726 0.702101149362 0.00284451212834
57 3.00019982952 -41.9191265335 0.590590008113 0.0041182597237
58 3.96068492645 -42.1552098621 0.6657456358 0.00821046661311
59 4.94733519714 -42.2246488001 0.74002780598 0.00426462065057
60 5.92950032633 -42.3590665171 0.707624554489 0.0015473439563
61 6.91930037553 -42.421256663 0.694358750553 0.00320201527734
62 7.85089112103 -42.4760027594 0.358379791466 0.00427258171076
63 8.7529768456 -42.4598903414 -0.0535503369524 0.00395732960198
64 9.64923013107 -42.3894306853 -0.472386971168 0.00178821484326
65 10.5731195356 -42.3012995253 -0.822077740205 0.00554250094024
66 11.4850506333 -42.2146777332 -1.20212979932 0.00315088172815
67 12.3680527743 -42.0667545158 -1.62869652873 0.0046984889665
68 13.2337660096 -41.9575943052 -2.09998365386 0.00548216531994
69 14.0923174869 -41.767492203 -2.55842300358 0.00382629712946
70 14.9038499468 -41.4303437181 -3.01789547786 0.00489784835306
71 15.7134211162 -41.0199338634 -3.4172095674 0.00197072407227
72 16.4976290119 -40.6873949825 -3.92488316251 0.00170898724741
73 17.2617912997 -40.331606731 -4.44713808279 0.00451456069452
74 17.8565372079 -40.353708062 -5.24030445052 0.00584546063948
75 18.3344113632 -40.3798769886 -6.10877315335 0.000703296716892
76 18.6950857743 -40.4023892954 -7.03219767824 0.00441267894683
77 19.1389654734 -40.4813200552 -7.91535681476 0.00997638954648
78 19.4993583081 -40.7371967547 -8.8029090029 0.00814471137191
79 19.8521963529 -41.0503448626 -9.67493869473 0.00465745596873
80 20.2054449829 -41.2789662162 -10.572654038 0.000873523894448
81 20.537934219 -41.4423764485 -11.4922699577 0.00175045824024
82 20.9935591623 -41.5408714699 -12.3672579092 0.0056333572216
83 21.4275212984 -41.6627350374 -13.2502391703 0.0026494187343
84 21.7830566087 -41.893622934 -14.1463905518 0.00586881222883
85 21.9977836885 -42.1110502974 -15.0894534245 0.00445044307147
86 22.1000541533 -42.2776325173 -16.061306522 0.00377908211785
87 22.2297725628 -42.5028025393 -17.0179255064 0.00337874404918
88 22.4066303514 -42.716522015 -17.9695796346 0.00276767718288
89 22.8962272699 -42.9738998599 -18.792103842 0.00407120893473
90 23.3728303696 -43.2187461278 -19.6259772668 0.00407552308831
91 23.8215111835 -43.3928683491 -20.4924490452 0.00238583264859
92 24.1894714835 -43.3631088158 -21.4122980436 0.00352460465222
93 24.6012428153 -43.2222928505 -22.3027774472 0.00825626528256
94 24.7266994316 -43.0631201368 -23.2729292011 0.00452597713515
95 24.923478166 -42.8934515394 -24.2293232879 0.00372918307772
96 25.0654748032 -42.7273798824 -25.1959722548 0.00346290871109
97 25.2446280607 -42.6083404643 -26.1633598751 0.00518046878397
98 25.3323739832 -42.3519295716 -27.1165534222 0.0052232341427
99 25.5260166865 -42.1288637632 -28.0624338219 0.00316363625016
100 25.5996703588 -41.9805040616 -29.0394106324 0.00209406117589
101 25.7013894423 -41.7591519427 -29.9998979017 0.00161851210858
102 25.7110474245 -41.7487032702 -30.038213312 8.09112013976e-05
103 25.9569990832 -41.5783610145 -30.9824071914 0.00340606178647
104 26.274827418 -41.3333658149 -31.8878889903 0.00241260866628
105 26.7692908305 -41.046238816 -32.6965340697 0.00469475326219
106 26.8983300667 -40.4200296176 -33.452810092 0.0107765918398
107 26.916953684 -39.6960488875 -34.1281165327 0.00243325511078
108 26.8378020716 -38.9268620854 -34.7466284996 0.00412172470472
109 26.7823602731 -38.0344566963 -35.1719231013 0.00277285292021
110 26.7543930596 -37.2770261009 -35.8090134258 0.00377241456392
111 26.6221627902 -36.6922505604 -36.5970054718 0.00620786135536
112 26.2454590943 -36.1394510558 -37.3269062813 0.00107161614444
113 25.9045839748 -35.5598417544 -38.0536017395 0.0110226899736
114 25.5028320515 -34.9965713652 -38.7616697916 0.00619148015064
115 25.0173389656 -34.4884273673 -39.45881845 0.0510986667782
116 24.5461826726 -34.0567251779 -40.2142793089 0.00538769021408
117 24.1189100451 -33.6971732976 -41.0310870411 0.00356113747789
118 23.7281337459 -33.3463011297 -41.8696249273 0.00497741477497
119 23.4174206644 -32.9560985005 -42.7240733451 0.00277058759959
120 22.9761719485 -32.4362187654 -43.4408564284 0.00291397084889
121 22.5584692809 -32.0076431328 -44.2286295024 0.00760776617106
122 22.1438622316 -31.735659652 -45.0846470399 0.00697356490904
123 21.4891665452 -31.6143638981 -45.8161509193 0.00907398038504
124 20.8337986074 -31.4325606927 -46.5342727919 0.00524804764683
125 20.0919564408 -31.3166681069 -47.1779804383 0.00407835253968
126 19.2873988728 -31.3749410138 -47.7500823288 0.0034640326984
127 18.5141289795 -31.4807345181 -48.3573872523 0.00369629812748
128 17.9000650806 -31.7066289581 -49.0989073223 0.0062443269661
129 17.2887621295 -31.951038 -49.8367445772 0.00279308150766
130 16.7653668869 -32.2434627224 -50.6230966461 0.0107145222651
131 16.4116950116 -32.6086761358 -51.4711335819 0.00674270724884
132 16.0293857624 -33.0306954365 -52.2793477087 0.00139615015577
133 15.6834036972 -33.6517001627 -52.9663859433 0.00230273259083
134 15.5247498247 -34.4216804347 -53.5657527946 0.00485018037519
135 15.5223782385 -35.0878704219 -54.2961197788 0.00246610164477
136 15.6849528616 -35.6419572127 -55.0984918502 0.00743458260935
137 15.8739690795 -36.069072092 -55.9696876758 0.00649349285861
138 16.1644337944 -36.4334293301 -56.8413965154 0.00312816027011
139 16.3366246392 -36.9509206579 -57.6656888811 0.00697962390162
140 16.3387920822 -37.2798029006 -58.5977113358 0.0188864172082
141 16.3435640891 -37.6733276969 -59.5040924142 0.0038084599664
142 16.3155167631 -38.0608639265 -60.4125851115 0.00392667457407
143 16.3280698736 -38.4268060045 -61.3302886896 0.0120819605147
144 16.3448034484 -38.8251312716 -62.2341859692 0.00390204763252
145 16.344945089 -39.2548493089 -63.1236900633 0.00233254356987
146 16.6429163066 -39.6116208972 -63.9953187838 0.0033208185452
147 17.0623896401 -39.8458850007 -64.8583892045 0.0048886412101
148 17.393952418 -40.095955286 -65.754588116 0.00520564023951
149 17.6043681868 -40.4162941985 -66.6648854841 0.00275581950024
150 17.8356045426 -40.8759163934 -67.5079136827 0.000971865252521
151 18.0999338199 -41.4385108705 -68.27535254 0.00381358504285
152 18.2284263575 -41.9173175728 -69.1294896343 0.00498019494005
153 17.6732048681 -42.7138098793 -68.9499655213 0.00545593686379
154 17.1347125804 -43.5371984346 -68.867406337 0.00423214701645
155 16.8935183648 -44.4932950351 -68.8188300902 0.00601508097874
156 16.6382547235 -45.444883671 -68.7569473651 0.00455385107318
157 16.4784969333 -46.4085587979 -68.8991219516 0.0066400126638
158 16.3698582626 -47.3886829233 -68.8568299783 0.0113775767922
159 16.4101733788 -48.3745547888 -68.8373143354 0.00360548871706
160 16.5856581796 -49.3329967715 -68.6809069458 0.00141454395211
161 16.8618380971 -50.2712112632 -68.5493456762 0.00245523975286
162 16.6617842356 -51.2132606703 -68.3341663665 0.00647571097748
163 16.7027561511 -52.1752296908 -68.118407119 0.0035183191468
164 17.2088873747 -53.0163501576 -68.0191334911 0.00225672241442
165 17.6949828856 -53.8684351738 -67.9137197601 0.00438328935833
166 18.1798384745 -54.7029770837 -67.7092583628 0.00449327934958
167 18.722659268 -55.4500197108 -67.3620683846 0.00374401960808
168 19.2801450199 -56.1954123939 -67.0353233578 0.00373265903909
169 20.0260420772 -56.7283371998 -66.6710368104 0.00604871562982
170 20.8278478016 -57.1117530971 -66.2432077859 0.00589586523904
171 21.7156274455 -57.2932853995 -65.8537753881 0.0060913843213
172 22.6281073057 -57.08690605 -65.5417482794 0.00507781019969
173 23.4642625857 -56.6114429484 -65.7589777846 0.00290955515959
174 23.987180911 -55.8797670143 -66.1634417239 0.00220336825061
175 24.4548247505 -55.0573743509 -66.4414013612 0.00399301737325
176 25.0159883489 -54.2592714662 -66.5837755776 0.00361177826812
177 25.5837260013 -53.4586459283 -66.4904546672 0.00374768955215
178 26.1056578464 -52.6242005674 -66.5471598953 0.00609400713349
179 26.6133059996 -51.8381757956 -66.857413307 0.0043017398475
180 27.0354356662 -51.0292697149 -67.230473185 0.00092832576883
181 27.49848413 -50.2043412845 -67.5074535514 0.0178324437983
182 27.8296488797 -49.3007180483 -67.7193394446 0.00588569940184
183 27.8540590198 -48.3414266935 -67.9431510103 0.00548126676872
184 27.4298407018 -47.4761409242 -68.1482786559 0.00444901562695
185 26.8924186804 -46.6779388983 -68.3596434425 0.00141000065808
186 26.5493264822 -45.7548549264 -68.3872541186 0.00223141843336
187 26.2200609959 -44.885231634 -68.7126509982 0.00484913226761
188 26.0705863699 -43.9493945532 -68.9814321235 0.00281874521479
189 25.9447278918 -42.997302242 -69.200422969 0.0279239548648
190 25.6976797639 -42.0875186217 -69.4844404425 0.00595054599445
191 25.2159354144 -41.3046011648 -69.8368546358 0.0493474157414
192 24.8632219007 -40.4584971 -70.1935631271 0.00694514584468
193 24.5086534071 -39.5973466718 -70.5097514166 0.0058341370865
194 24.1054600402 -38.7133163032 -70.6612193218 0.00579770907702
195 23.6597695583 -37.870770754 -70.4197649317 0.00506753715937
196 23.1677375539 -37.0199318215 -70.4438213868 0.00515773981646
197 22.6792866503 -36.166878428 -70.4548774513 0.00353797119822
198 21.9786897266 -35.5070800544 -70.2545635185 0.00430551344984
199 21.1924244442 -34.9187750283 -70.212221501 0.0017094649009
200 20.3193011896 -34.4844979308 -70.0892986221 0.00422684741487
201 19.4011717974 -34.1861787376 -69.9050630995 0.00399971407146
202 18.488568654 -33.9430399918 -69.6333911417 0.00381366896268
203 17.5526274774 -33.7748871803 -69.3857046513 0.00257336679323
204 16.6655412327 -33.7449556545 -68.9640888101 0.0037292893419
205 15.8525414227 -33.9618581663 -68.4566810525 0.00981830162445
206 15.0131355212 -34.1276275485 -67.9739919126 0.00343407629877
207 14.1772722003 -34.3523900831 -67.5095187722 0.00467873786337
208 13.3843976509 -34.6679234749 -67.0231739135 0.00278189034966
209 12.768166534 -35.2654943723 -66.5458990949 0.00391565818414
210 12.2072953328 -35.9432439324 -66.1094163929 0.00407050484809
211 11.7600590372 -36.7034439105 -65.6777434869 0.00808961451553
212 11.2774906869 -37.3586648917 -65.1283711464 0.00436907288334
213 11.1756957909 -37.9626391025 -64.3610095535 0.00480614687889
214 11.500756342 -38.5816539916 -63.6719017247 0.00221641352775
215 11.8924833206 -39.3328529778 -63.1761974227 0.00501103732451
216 12.1543888452 -40.1154609748 -62.6449652018 0.00781497424947
217 12.4709112061 -40.9703501378 -62.281903078 0.012058349273
218 13.119687732 -41.6007073678 -61.9023782914 0.00275294142552
219 13.5920759272 -41.9536640899 -61.638301604 0.00290585273995
220 14.3513909614 -42.4044215617 -61.2115280366 0.00602161823592
221 15.0098729317 -42.6755763498 -60.5372478747 0.00806157056946
222 15.8649268775 -42.767493435 -60.0664247027 0.00360245893809
223 16.6365692299 -42.6977258159 -59.4657064967 0.00357123852696
224 17.3711119418 -42.5681491283 -58.8295646123 0.00455587110693
225 18.0315749617 -42.3761501796 -58.1311518725 0.00531331252892
226 18.6362677513 -42.0344079712 -57.4396695326 0.00617529308232
227 19.0154739336 -41.7627378655 -56.5777736876 0.00379551405175
228 19.406445346 -41.3600871668 -55.7745156033 0.00648396591304
229 19.9341902063 -40.9683289583 -55.0480089469 0.00157942287824
230 20.5997819518 -40.5124647068 -54.4923630258 0.00323578013856
231 21.3521758065 -40.0361672291 -54.0845091442 0.00257776452452
232 22.0506952095 -39.3500593141 -54.0651071876 0.0045890907844
233 22.7475450107 -38.666042832 -53.9920643142 0.00171805482219
234 23.1995119537 -37.7975294631 -53.9806734008 0.0049584092821
235 23.1483693725 -36.8200522392 -53.9611927173 0.0023891654804
236 22.929141221 -35.8674656235 -54.014566436 0.00511658080999
237 22.649614796 -34.9545879803 -54.230452398 0.00424737785193
238 22.1795389779 -34.0964403509 -54.2096074034 0.0247723673687
239 21.6888175966 -33.2528367018 -54.2725617209 0.00383948381933
240 21.2844696495 -32.9943814733 -55.124891194 0.00422928857372
241 20.7127703491 -32.6609659673 -55.8448596033 0.00548201238169
242 20.1496599055 -32.2625208165 -56.5377950395 0.00534708847767
243 19.5917733801 -32.0693935735 -57.3170626406 0.00297343359409
244 18.9937768661 -31.8067165551 -58.0443569645 0.00429070484035
245 18.4554650599 -31.7018654197 -58.8534446662 0.00821141146713
246 18.025137475 -31.542263777 -59.7161808023 0.00267220796008
247 17.5050553024 -31.5681667716 -60.5429817598 0.00404768149837
248 16.6757083536 -31.8654166385 -60.9647999656 0.00396325372318
249 15.7621605632 -31.948603267 -61.2999311454 0.00446910215583
250 14.8748137613 -32.1642263041 -61.6458304194 0.00322559926651
251 13.9713039408 -32.3932329343 -61.9365443041 0.00500864069835
252 13.0375048248 -32.4854606115 -62.205742073 0.00223539013518
253 12.140145602 -32.8486957479 -62.33051548 0.0040408931176
254 11.3354256195 -33.3769362227 -62.4914244639 0.00393007453156
255 10.5091688114 -33.8946250087 -62.4524288435 0.00416203479795
256 9.74351088501 -34.4851754217 -62.3221435216 0.00429533973924
257 8.87247678328 -34.9241748333 -62.3373189516 0.00549283100025
258 8.11514074654 -35.5227424787 -62.19785642 0.0040699322252
259 7.53320471456 -36.3002633586 -62.1094770263 0.00803907604129
260 7.14073112043 -37.0726000374 -61.6621974962 0.00417387930048
261 6.89972106468 -37.9834340605 -61.4122386037 0.00777554061716
262 6.85715759734 -38.9329125936 -61.1970935655 0.00331393165002
263 6.656148819 -39.838082606 -60.8976497289 0.00347075603321
264 6.51593973802 -40.7301178843 -60.5318611889 0.00553317522512
265 6.51005500031 -41.6506618524 -60.213568188 0.00792126302289
266 6.82123184012 -42.4939566355 -59.8391293568 0.00392209215084
267 6.83416905923 -43.3011257692 -59.2947659479 0.0026795670979
268 6.84412122545 -43.9670244104 -58.584497093 0.00598037258966
269 7.73648812958 -43.8053283097 -58.9376654568 0.00664392123469
270 8.61586850052 -43.6980984137 -59.3400222498 0.00281022647061
271 9.36593930451 -44.3103059171 -59.245532094 0.00506126829014
272 10.2118554646 -44.7900264832 -59.2311267292 0.0135177837789
273 11.0877639478 -45.1753336761 -59.4018313679 0.00881509838646
274 11.9771609923 -45.4976997758 -59.6234991664 0.00526303783041
275 12.9234034406 -45.6362329263 -59.7939120813 0.00676942060553
276 13.8918885577 -45.6101137129 -59.7280377513 0.00458469646038
277 14.8611861192 -45.5781984815 -59.6831416714 0.00472089688185
278 15.8298482241 -45.630220717 -59.6495191323 0.00522167127225
279 16.7504493368 -45.5830352292 -59.9528693588 0.00422461029385
280 17.6618355183 -45.6004094003 -60.2852154757 0.00177489829345
281 18.4475558824 -45.5021299739 -60.8459335296 0.0039161587052
282 19.1920436285 -45.5972672079 -61.4605907176 0.00512683922597
283 19.5876018344 -44.8904474189 -61.993951751 0.00236039812773
284 19.8435769045 -44.2050053713 -62.6304087283 0.003183417374
285 19.7993001643 -43.4016886255 -63.1714542318 0.00508092469035
286 20.2056749203 -43.3225259698 -64.0481518404 0.00319888970104
287 20.8137706228 -43.3161695876 -64.8029125232 0.0011557538135
288 21.3857827632 -43.2647986009 -65.5836653248 0.00467706577969
289 22.0281152737 -43.0577348435 -66.2788963222 0.00489351537432
290 22.806756232 -42.8898424348 -66.8299472364 0.00422382083493
291 23.4884361468 -43.1747386286 -67.4559933071 0.00373219195412
292 24.1916244828 -43.2104221252 -68.1206031816 0.00563707628192
293 24.7991431135 -43.2162262173 -68.8741852704 0.00342308928454
294 25.4980181166 -42.98244839 -69.5013749653 0.00347346973304
295 26.2274629083 -42.7524003962 -70.0938393838 0.00440357265133
296 26.9740607069 -42.3411551754 -70.5508511045 0.00369196183787
297 27.6533486777 -41.8369018061 -71.0191374293 0.0040400480662
298 28.333061834 -41.2821052869 -71.4249402261 0.00533271025691
299 28.4363211106 -40.3920054709 -71.7867481949 0.00603073536443
300 28.4658625645 -39.5229818689 -72.2076176259 0.00404488615093
301 28.53921292 -38.6449119653 -72.6029965115 0.00507051454735
302 28.8994722573 -37.8218203519 -72.9562822399 0.00502219786811
303 29.1328337989 -37.0155239417 -73.4327526051 0.0034344675845
304 29.1883792606 -36.2016744153 -73.9483001258 0.00333035770793
305 28.600535222 -35.5543358038 -74.3558462073 0.00483472020571
306 28.1439492507 -34.8638597335 -74.8507899486 0.00389393990662
307 27.5433659401 -34.1804888698 -75.1699182371 0.00428879397685
308 26.9811985321 -33.6191532514 -75.7159043223 0.00227139409631
309 26.2711362679 -33.228033138 -76.2371961868 0.00288043211279
310 25.7890631121 -32.6296546858 -76.8187173243 0.00214557340073
311 25.6477552492 -32.0173679261 -77.5492754762 0.00963114727676
312 25.5889435661 -31.4665267979 -78.3370151754 0.0057810220478
313 24.7825191099 -31.9341337595 -78.5756775176 0.00414702925771
314 23.9184166417 -31.8884681169 -78.9961031466 0.00420255767982
315 23.1190369626 -31.9715154642 -79.524455485 0.00899734206341
316 22.653172866 -32.4164068734 -78.8109268093 0.00345303289441
317 22.1805236594 -32.7820037867 -78.0581987993 0.00262985306781
318 21.5722160853 -33.3492891615 -77.5775868824 0.00623273345937
319 20.9469542285 -34.0478402488 -77.3708465888 0.00482926080271
320 20.5956672328 -34.914759281 -77.5853010559 0.00283977388443
321 20.5936026811 -35.7262365258 -78.0974498991 0.00704754274382
322 20.7629623732 -36.5699022145 -78.520696286 0.0080134080168
323 20.9371848656 -37.4271195531 -78.9119866196 0.00571469139992
324 20.9000673022 -38.2183380585 -79.4506329127 0.00306519713399
325 21.2281651914 -38.9668392613 -79.9497127158 0.00651335640859
326 21.4614387305 -39.6032020173 -80.6255917725 0.00408802643859
327 21.8221213766 -40.2202857508 -81.2616222909 0.00362125483917
328 22.01930725 -40.7957965844 -81.9997971696 0.00716290672583
329 22.4898248675 -41.3813614637 -82.5907199759 0.00483739236157
330 23.0619282509 -41.8130565981 -83.2223907624 0.00861032119773
331 23.4726723972 -42.2555732691 -83.9618399522 0.00486689013036
332 24.1026611491 -42.5627432059 -84.6091252081 0.00310517189753
333 24.7845651317 -43.2210802509 -84.7121451126 0.0115618706799
334 25.5752730914 -43.7204947994 -84.5328375994 0.00526646611044
335 26.353672141 -44.1469977735 -84.8764187513 0.00517009843167
336 27.1697173616 -44.5395229117 -85.1675203737 0.0122215945522
337 28.096851029 -44.7215665766 -85.2640706321 0.00410463725887
338 28.3524002894 -44.5956625904 -84.3578135937 0.00202418005056
339 28.7798073125 -44.7004967348 -83.5162872788 0.0116862694601
340 29.4852535985 -44.6265901367 -82.8873378645 0.00405393199316
341 29.0019758612 -43.8700234132 -83.1894849335 0.00309187646656
342 28.7620040338 -42.9559147083 -83.1330606634 0.00318240711478
343 28.6948919229 -42.1732817729 -83.6613165808 0.00419260152229
344 28.6705467766 -41.514978253 -84.3405927007 0.00665711122766
345 28.4639920042 -40.8062625998 -84.931012421 0.00581690507571
346 28.2061144368 -39.9862680369 -85.3219516108 0.00323677946463
347 27.5677797587 -39.295730209 -85.4014396802 0.00439561719936
348 27.2503013301 -38.7160972758 -84.7280074359 0.0024994879054
349 27.1584956355 -37.9322047849 -84.2119006419 0.00365711886686
350 26.619488172 -37.2190952956 -83.9136950006 0.00504763701254
351 25.8316210097 -36.705511458 -83.8696665931 0.00482986770443
352 25.3180760976 -36.2248860689 -84.4950315322 0.00275395255734
353 24.4491988265 -36.5413602048 -84.6660825247 0.00731983641126
354 23.6119422045 -36.9659062026 -84.696935341 0.00548106788256
355 22.9951164717 -37.6622329671 -84.8203956317 0.00335837228141
356 22.6137703989 -38.518466104 -84.8517500434 0.00478938305355
357 21.9469640965 -39.0749638335 -85.203866181 0.00382891995078
358 21.3750673905 -39.802589237 -85.3466937559 0.0143016234129
359 20.6512045386 -40.3631934232 -85.5311211356 0.00530737329006
360 20.1918202905 -41.1751300729 -85.5420077836 0.00900827023542
361 20.4297581995 -42.0231576984 -85.2392620107 0.00352644762033
362 20.6588787566 -42.8173974353 -84.8114454499 0.00445545678641
363 20.5340364367 -43.2501808682 -83.997298759 0.00408160576051
364 20.3600334732 -43.625303083 -83.1646665616 0.00447568376563
365 20.260017218 -43.8088434265 -82.2595942309 0.00240435687952
366 20.0044595294 -44.1658796343 -81.4417852965 0.0022380797992
367 20.571735705 -43.8383643383 -80.7851741948 0.00734085008757
368 21.070196175 -43.5491046691 -80.0603629882 0.0286094603149
369 21.2272423851 -43.3905236051 -79.9498335867 0.00129663391475
370 21.6935813602 -42.9156578295 -79.3311710839 0.00478596364424
371 22.0220517588 -42.3696449554 -78.6853824255 0.00237721991617
372 22.4565391204 -41.5767159641 -78.7408510815 0.00680774078242
373 22.6513312221 -40.7191011182 -78.5330694671 0.00445642683223
374 23.4793897341 -40.8329714486 -78.8728037369 0.005259828086
375 24.2503843654 -40.5666383447 -79.2541914231 0.00493865937514
376 24.0882145341 -40.336277647 -79.4049581814 0.00263542247557
377 23.7665140169 -39.5855270913 -79.6174195744 0.0046406967099
378 23.5303456667 -39.432616035 -78.8241677942 0.00592518108395
379 23.2045340256 -38.6682201804 -78.912200468 0.0120850188078
380 22.7641117161 -38.0181258948 -78.6581414527 0.00538604804256
381 23.0825422704 -37.3174052434 -78.9420243535 0.00712091544664
382 23.2355911634 -36.6368159647 -79.3608095376 0.00743604815988
383 23.1350422962 -36.1465703819 -79.1055332192 0.00285082042948
384 22.7488985151 -35.6093263726 -78.8264446957 0.00918474412931
385 23.1223736553 -35.4248568027 -78.2635976027 0.0130597042839
386 23.0792215367 -35.1122394637 -77.6722779413 0.0145285806386
387 23.0855240492 -34.5644077816 -77.3610694234 0.034434471848
388 22.7106007585 -34.7131877812 -77.0587297483 0.0194375733735
389 22.6976339878 -34.3135734148 -76.9768020511 0.01074714
390 22.6034939554 -34.4405047794 -76.6766275153 0.0183845174719
391 22.781577181 -34.2972802713 -76.6898990616 0.0121763119306
392 22.7946592404 -34.3165711593 -76.5260124287 0.0091008323209
393 22.7590976924 -34.4288115832 -76.5586854799 0.00987655677853
394 22.7052273884 -34.4625105237 -76.6103722393 0.00939466048289
395 22.746436743 -34.487359622 -76.6096713788 0.0101933304726
396 22.7553322023 -34.4700215226 -76.6131780972 0.0129366527957
397 22.7554823422 -34.4699149019 -76.6130728017 0.000246706523213
