0 0.429472432206 0.811533824264 -0.379339045479 0.00861490249346
1 0.840309634071 1.58134690939 -0.854183067544 0.00567785897372
2 1.01974363113 2.28982019245 -1.08436308565 0.00546640843555
3 0.931745375438 3.22341486557 -1.40463090611 0.00516843639598
4 0.809352331059 4.1791209021 -1.63587029805 0.0040338968648
5 0.64399980233 5.11564343679 -1.91400621936 0.00456830778977
6 0.449380537694 6.04337704364 -2.20235571963 0.00407608247552
7 0.241954514502 6.97370673711 -2.47274602382 0.00374210071282
8 0.0611475540003 7.92721542748 -2.67203263183 0.00519024893185
9 -0.186317526736 8.88474147899 -2.73036723718 0.00283706440024
10 -0.363635056674 9.8594276377 -2.73121728999 0.00665003828806
11 -0.572347144668 10.8264378419 -2.78306858717 0.0053585512114
12 -0.996560997633 11.7151117918 -2.89069004323 0.00636733602181
13 -1.53313831315 12.5231244167 -3.09167599832 0.00626386446754
14 -2.16652902539 13.2613972846 -3.27840588428 0.00130351825629
15 -2.93628902327 13.8845882281 -3.26535353667 0.00428894023388
16 -3.70190099261 14.5023709349 -3.38019904624 0.00597818655081
17 -4.30023518375 15.271190807 -3.55861787158 0.00293835333128
18 -5.03353830468 15.8884809334 -3.80782674953 0.00358701962538
19 -5.81405443499 16.4417128647 -4.06387419797 0.00471698080004
20 -6.56176296725 17.0301320765 -4.33856674532 0.00845225288721
21 -7.39649041656 17.4887722235 -4.60968924867 0.00267611397539
22 -8.20204914016 18.0537920701 -4.72101501275 0.00519160577969
23 -9.06061641349 18.5283091252 -4.85585186627 0.00151650199849
24 -9.94099691167 18.9577950161 -5.00053756071 0.00316339004696
25 -10.6905139435 19.3855920938 -5.48602352601 0.00340118634596
26 -11.5267344094 19.66602772 -5.93603289558 0.0123134153893
27 -12.2466690628 19.9735035842 -6.54218992458 0.00656341806889
28 -13.0187619077 20.1246547919 -7.14318104076 0.00241666368992
29 -13.8247276852 20.2772189475 -7.69748212164 0.00722872845625
30 -14.4829005565 20.2522739726 -8.43657256168 0.00283700529457
31 -14.7865174889 20.38336184 -9.36972065899 0.0065439626674
32 -15.0852992013 20.5124545938 -10.3046483394 0.00500747844108
33 -15.3557393143 20.8379707378 -11.1995324239 0.00370295707303
34 -15.4171392351 21.0743023779 -12.1588408718 0.0346109378841
35 -15.2037979217 21.0582879379 -13.1250357405 0.00598369695639
36 -15.4559444035 20.9921428836 -14.0796228288 0.00473490269194
37 -15.7653564219 20.9337438492 -15.0176779903 0.00387274311152
38 -15.8913106091 20.7306012009 -15.9778384025 0.00503600379544
39 -15.9880460955 20.3915732057 -16.9022983741 0.00633125005622
40 -16.208591039 20.1655666702 -17.8399009504 0.0039024307293
41 -16.4136317333 19.833414657 -18.7489444146 0.00595311173951
42 -16.6101708712 19.3666355143 -19.5986900821 0.00471455287649
43 -16.4992865711 19.002532857 -20.5117429564 0.00560785106749
44 -16.2722438812 18.6490552305 -21.4072427293 0.0039482587489
45 -15.9763908609 18.3130750101 -22.2892401265 0.00517419090897
46 -15.5809656204 17.9160475397 -23.1042235885 0.00301463569099
47 -15.3026287885 17.5615169737 -23.9845705301 0.00101258773756
48 -15.0384193812 17.1009879514 -24.8189752814 0.00478005871035
49 -14.8785757039 16.3338374007 -25.4221640242 0.00773449886129
50 -14.7732983902 15.6454663838 -26.1242086565 0.00654419525805
51 -14.5133220496 14.8728820851 -26.6837909508 0.00135589238138
52 -14.2993085564 14.0270447252 -27.1488712576 0.005633446292
53 -13.8986263523 13.2709093562 -27.6440013114 0.00499638042191
54 -13.3957808693 12.4565164762 -27.8913454414 0.00603792800089
55 -12.8018101548 11.8728202245 -28.42400842 0.00198581010658
56 -12.1450833023 11.3721422486 -28.9673570476 0.00714559950101
57 -11.4512195749 10.9801586079 -29.5521389477 0.00437424534029
58 -10.8163935755 10.6147945791 -30.2158568479 0.0030000243654
59 -10.2616700982 10.310793761 -30.9753787636 0.00488691083788
60 -9.76273670177 10.1030658384 -31.8029438439 0.00440481672767
61 -9.29179002824 10.0755989752 -32.6714711996 0.00442029802352
62 -8.71770918258 9.95275814624 -33.4665083572 0.00561131302658
63 -8.28662010307 9.86605792678 -34.3515676512 0.00664896130628
64 -7.82609303405 9.71657093092 -35.2130165507 0.00143368429445
65 -7.49435351278 9.60078854957 -36.1366417094 0.00256061693801
66 -7.2537344493 9.56699095033 -37.0944889956 0.0240728814441
67 -6.86757734264 9.67357298343 -37.9975191034 0.00340806412942
68 -6.49096651095 9.74655628231 -38.9078526927 0.0024426501736
69 -6.12811853461 9.71379257736 -39.826051167 0.00455293800018
70 -5.72503501824 9.59071957034 -40.7194017243 0.00306016435306
71 -5.48867092464 9.70459628156 -41.6716826384 0.00784250014555
72 -5.19668677957 10.0194871892 -42.5610839226 0.00726274586812
73 -4.86186999696 10.4914768024 -43.3612937332 0.00569027573477
74 -4.64164587155 11.0323178184 -44.1575775958 0.00453086817051
75 -4.53813085369 11.5141445473 -45.0132284833 0.00103085824107
76 -4.46683069417 12.2872511655 -45.6231894308 0.00177463413516
77 -4.36345197944 13.2069181269 -45.9669952765 0.0040450015583
78 -4.26601065328 14.1426450995 -46.2661387081 0.0120384900695
79 -4.17283413245 15.0688182594 -46.5944696485 0.00311988176117
80 -4.15014192446 16.0254034188 -46.8365659019 0.00507588167367
81 -4.13924105451 16.1963151402 -46.8849635118 0.000708555444056
82 -4.04028706147 17.1366284385 -47.1657716573 0.00537968605886
83 -4.11976451058 18.0102631354 -47.6165407332 0.00260576448511
84 -4.02335742229 18.7412731234 -48.2716076731 0.00366642947391
85 -4.02526325333 19.3304105264 -49.0626129345 0.00400250595282
86 -4.06298527279 19.8212031291 -49.9172567499 0.00528977666866
87 -4.03425915303 20.2738960805 -50.7929465132 0.0121643581795
88 -3.99058951067 20.7213284703 -51.6705280169 0.00394298568053
89 -4.10597223965 21.108218072 -52.5700630269 0.00406075217141
90 -4.20072466427 21.4074152956 -53.5047176968 0.00370607372805
91 -4.35202535543 21.722114378 -54.4266894391 0.00469186695286
92 -4.52994908151 22.0573454313 -55.3365119955 0.00476881902318
93 -4.50626595504 22.5381984331 -56.1966584636 0.00525653855399
94 -4.47431360813 23.1859774894 -56.9387813044 0.00479959245909
95 -4.14499738764 23.77201056 -57.6594362628 0.00211221646868
96 -3.81712566347 24.452561002 -58.2922525235 0.00546658654865
97 -3.67173240239 25.2096944155 -58.9058803259 0.00469060510934
98 -3.64110205032 26.0176142291 -59.4689830736 0.00650020987819
99 -3.50183043815 26.8427787787 -59.9888308802 0.00473136049824
100 -3.51445799203 27.7004971082 -60.4731141937 0.00808396736098
101 -3.54435881796 28.5339818141 -60.9970874567 0.00574136026378
102 -3.61513182131 29.3755458982 -61.5037524076 0.00354297269634
103 -3.59792468261 30.2734370008 -61.9078344286 0.00201268397732
104 -3.62804962761 31.2229391604 -62.167083796 0.0046924310122
105 -3.80106542987 32.1276678439 -62.515050122 0.00443388731461
106 -4.16845857593 33.003946229 -62.7729932435 0.00273214948356
107 -4.65074671595 33.8326489079 -62.996439053 0.000668661217169
108 -5.2795687623 34.5682257487 -63.1774266436 0.00292087880711
109 -6.08146356315 35.1391756841 -63.1881186988 0.00747593659507
110 -6.93281502299 35.633062103 -63.1753980079 0.00466265707923
111 -7.86251180691 35.9502142787 -63.2371122003 0.0035159374084
112 -8.80598626208 36.2301103124 -63.2482245765 0.00583825948755
113 -9.78266667074 36.2923764288 -63.1451021427 0.00231372536664
114 -10.7603815658 36.301876066 -63.0341033569 0.0040947281523
115 -11.743155227 36.3470487997 -63.0166461966 0.00135166274293
116 -12.7150056418 36.4585821254 -62.9107426145 0.00344609152705
117 -13.6958154873 36.5362509272 -62.9120943913 0.00972857847476
118 -14.6750279724 36.5715621123 -62.9991546097 0.00202941259489
119 -15.6442257738 36.6031453379 -63.1643220825 0.0198590658725
120 -16.6139047882 36.7459750612 -63.2431346914 0.00385054882565
121 -17.5912513766 36.8024104805 -63.3345471542 0.00414300763206
122 -18.5577052729 36.7998716889 -63.5150108463 0.00980873881667
123 -18.9670829253 36.8984294533 -63.7639535356 0.00313998528308
124 -19.5208156744 37.2466760362 -64.4968858517 0.006738163285
125 -19.9093713045 37.6263888668 -65.3152591878 0.00298136137195
126 -20.3054892397 38.0134393046 -66.126459115 0.00136838232735
127 -20.8357699333 38.3051701717 -66.8999997679 0.00341463453167
128 -21.2707668484 38.5028438037 -67.7580885814 0.00455840304849
129 -21.7912644678 38.4442987564 -68.5887809337 0.00424128223946
130 -22.1344328692 38.1954116455 -69.47453861 0.0296239603723
131 -22.4941387362 38.1261841517 -70.3849454504 0.00511363979477
132 -22.8035381264 38.0717281966 -71.314527113 0.00457175909097
133 -23.1835787987 37.9164431381 -72.2056044249 0.00328063964697
134 -23.5337839333 37.7225412494 -73.1012480344 0.00245172677172
135 -23.7996894064 37.4016741855 -73.9893000721 0.00400552207294
136 -24.1632796107 37.0886352852 -74.8448024407 0.00149669440306
137 -24.4117411229 36.6398778903 -75.6807855634 0.00417755120424
138 -24.6135866856 36.2080906465 -76.5378917819 0.00995208992805
139 -24.9094541333 35.9295658681 -77.4302314254 0.00450163489009
140 -25.3064770823 35.5519788701 -78.2431745718 0.00157430964832
141 -25.4434088506 34.971266398 -79.0209818955 0.00300086726348
142 -26.2689953087 34.7602333496 -79.5051660677 0.00319450962305
143 -27.1423045605 34.5409282426 -79.891925566 0.00510441442397
144 -28.1069564247 34.6895381154 -79.9776953334 0.00616901231415
145 -29.0853591848 34.6420206649 -79.9655064932 0.00390849657886
146 -30.054355562 34.6547208581 -80.1082585559 0.0155630901801
147 -30.9846141399 34.8844742112 -80.3095827877 0.00859022931368
148 -31.9426151576 35.0855638052 -80.3065158664 0.00431853746439
149 -32.8367086729 35.4487878284 -80.4698056801 0.00729767496907
150 -33.7380138158 35.8282817419 -80.5046549502 0.00615501420712
151 -34.5551413138 36.3582800055 -80.5976591214 0.00322397323141
152 -35.3324436361 36.9274191678 -80.7678400289 0.00343004623941
153 -36.2425339767 37.2501737476 -80.9241991892 0.00474244170342
154 -37.161801626 37.4473969396 -81.1938278449 0.00815613686643
155 -38.0754496956 37.4717379065 -81.5414928971 0.00478240255528
156 -39.005579534 37.4537904862 -81.8422425933 0.00479284587523
157 -39.9614824173 37.3228816149 -81.9993839359 0.00105454822522
158 -40.800115801 37.1084949021 -82.4536856286 0.00327346515811
159 -41.5350615138 36.7937628959 -83.016132163 0.00228943454853
160 -42.4465779271 36.561073286 -83.281110921 0.00286557733944
161 -43.2150453042 36.1822339606 -83.7513269929 0.0045584378334
162 -43.9813735368 36.000168582 -84.3297469387 0.00423399454661
163 -44.5180849005 35.6838035289 -85.0825774627 0.0021552038591
164 -45.0262746725 35.5137403793 -85.8996874009 0.00386668604809
165 -45.4276729936 35.1828284538 -86.726729214 0.00838542504957
166 -45.7425646782 35.0293483485 -87.6385969007 0.0033431821339
167 -45.8102976513 34.979912506 -88.6117699401 0.00515539416331
168 -45.7526164288 34.9030896595 -89.5836436412 0.00409951178978
169 -45.7575910069 34.6529413097 -90.5274980451 0.00388533308759
170 -45.8136023505 34.6736040007 -91.5020193312 0.00481010735131
171 -45.7634346744 34.9236175159 -92.4442859243 0.00814264672326
172 -45.8283418007 35.3438587467 -93.3225998122 0.00471605833698
173 -45.5801433992 35.720403938 -94.1877725122 0.0030504630045
174 -45.4323814798 36.2796625429 -94.9732593511 0.00469470944208
175 -45.3577378539 36.864306868 -95.7503547561 0.00988783023249
176 -45.1561247067 37.2018493109 -96.6426246666 0.00483617791081
177 -45.8690668681 37.7358086138 -97.0381382155 0.00391774624904
178 -46.5359294497 38.1094703359 -97.1068794194 0.00209474952052
179 -47.3412999203 38.6423293842 -97.216538719 0.00541508560951
180 -48.1774690394 39.0378386327 -97.514177589 0.0132356041379
181 -49.0725294264 39.3789802038 -97.6737523883 0.00476334345621
182 -49.9897694701 39.3998055731 -97.7182163581 0.00533689723606
183 -50.6193881374 39.0583703918 -98.346063391 0.00977155632919
184 -51.0051096251 38.9051157572 -99.2024950833 0.0049006740247
185 -51.4726656892 38.8689732847 -100.029983515 0.00591877204706
186 -52.2051630161 39.0652623295 -100.602476339 0.00629302457507
187 -52.8994301005 38.6534648778 -101.102229631 0.0049953307904
188 -53.6335959364 38.3017986818 -101.589610838 0.00209504879532
189 -54.4329665354 37.7932331604 -101.63105404 0.00346155763659
190 -55.0417598948 37.0779272019 -101.758697903 0.00393412322584
191 -55.636666116 36.3430172389 -101.698293556 0.00470850885092
192 -55.8907478754 35.5088543753 -102.067600044 0.00364619213137
193 -56.2043991583 34.6603176263 -102.345830252 0.00520010275247
194 -56.5146521216 33.8244746957 -102.661568823 0.00493139342536
195 -56.873431193 32.9501472936 -102.657244518 0.0201042711136
196 -56.9378496184 32.0152033727 -102.558703016 0.00462952707862
197 -56.6151165302 31.1966859678 -102.222879942 0.0039796453886
198 -55.931570654 30.6303341022 -101.910175866 0.00476636533274
199 -55.1553397385 30.1832038399 -101.62392767 0.00835489139429
200 -54.279099753 29.8787479818 -101.770110899 0.00545348139199
201 -53.4020786055 29.6227121679 -101.983548917 0.00564439021038
202 -52.511304152 29.4825197643 -101.727704851 0.00399849290887
203 -51.8206494014 29.1243883546 -101.205704959 0.00557002069369
204 -51.2541712184 29.4446992004 -100.53277304 0.00322749731779
205 -50.9626387206 30.1859240992 -100.042400977 0.00270608729588
206 -50.500486234 30.6275832186 -99.3599156638 0.00396617406388
207 -50.1912990785 30.802980138 -98.4954355043 0.00635902768479
208 -49.4006103494 31.1192951616 -98.6656055114 0.0082784316762
209 -49.0115630557 31.9509268822 -98.8172290419 0.00508215445316
210 -49.1559354178 32.7231483687 -99.3146161426 0.00341074077133
211 -49.1799813478 32.9921948341 -99.6233477925 0.00149484613267
212 -49.5202960608 33.5054639139 -100.309038024 0.00385601496479
213 -49.8690317313 34.160748396 -100.853354697 0.00316651537093
214 -50.1815485667 34.9586465447 -101.186675938 0.00853309499934
215 -50.4683102685 35.3208877369 -101.979882139 0.00709727570134
216 -50.4591364197 35.6120645041 -102.848559633 0.00163987584201
217 -50.9470527452 35.5923299708 -103.623040323 0.0103652052233
218 -51.2664216763 35.173488694 -104.368290476 0.00384277954227
219 -51.3710188248 35.0096006647 -105.259117222 0.00664238499654
220 -51.0932354066 34.489961717 -105.951748369 0.00664400470858
221 -50.8685624165 33.7079483163 -106.352107805 0.00705603885421
222 -50.3959498507 33.1507454947 -106.885614408 0.00441528364966
223 -49.5633092739 33.0407792185 -107.217164947 0.0062345855406
224 -48.711634951 32.9461033806 -107.494644522 0.00766707876013
225 -48.0035922686 32.7064355508 -107.992665196 0.00478546614953
226 -47.649756838 32.1780215379 -108.624785782 0.00404377309886
227 -47.4480241706 31.752277217 -109.386213292 0.0287842975357
228 -47.4944599445 31.5473911846 -110.244274554 0.00385341393909
229 -47.8962744267 31.1538390439 -110.922505378 0.00481189829298
230 -48.1013626968 30.6261182936 -111.594534828 0.00426783767316
231 -48.1311656258 29.9536204858 -112.155628005 0.00551682423356
232 -47.7621839035 29.6226324608 -112.875266088 0.00797695718764
233 -47.1903369713 29.042295179 -113.176572246 0.00302810669214
234 -46.3541515267 29.2519360636 -113.086245405 0.00756240390824
235 -45.8698724823 29.9633999042 -113.139443939 0.00267064027586
236 -45.7361881299 30.7861473554 -113.354069742 0.00787520360258
237 -45.3333529004 31.5407100079 -113.33424907 0.00376724450681
238 -45.0321534985 32.3091412241 -113.550300015 0.00307139655736
239 -45.0414887359 33.0429993774 -113.98174535 0.007600321797
240 -45.4964541939 32.5872773763 -114.530643966 0.00353177354471
241 -46.0755124967 32.1243087018 -114.932335323 0.00377450860981
242 -46.343050394 31.3694390794 -115.186015222 0.00847576780946
243 -46.3959095937 30.6656588582 -115.629480507 0.00376257717574
244 -46.1220190689 30.0739538033 -116.143834959 0.00629245371234
245 -45.6946922896 29.8855556023 -116.824357115 0.00352043916093
246 -45.1266027387 29.9331525203 -117.416333128 0.011095692084
247 -44.7078455398 29.9004515433 -118.11037409 0.00409430138343
248 -44.5623518993 29.7931757989 -118.897158735 0.00688234286667
249 -44.3252872974 30.437054052 -119.300101981 0.00784381832814
250 -44.1249057564 30.9864417557 -119.825901184 0.00370513869292
251 -43.7718113188 31.2818200944 -120.457972531 0.00464260637315
252 -43.9830894679 31.9350581327 -120.817431611 0.0116735335674
253 -44.4008396389 31.3490500798 -121.054451686 0.00696681626019
254 -44.7715788892 30.7375252494 -121.26880039 0.00703432868122
255 -45.1653171972 30.1308372539 -121.397072598 0.0353903030355
256 -44.7860278112 29.6955133245 -121.714944175 0.0121934633972
257 -44.2113090492 29.7761926575 -121.946312838 0.00199052435141
258 -43.6793576994 29.9232161948 -122.226162235 0.0164598727575
259 -43.8901363618 30.3348250842 -121.905615607 0.0128398601286
260 -43.5806690373 29.9777310291 -122.097923337 0.0127330862217
261 -43.2193052128 29.7119040839 -122.130582965 0.0323405087564
262 -43.0069975521 29.8503824555 -122.167762785 0.0156059039548
263 -42.9364564876 30.0081534196 -122.168930419 0.00803967294968
264 -42.8177261779 30.0699974363 -122.173742864 0.00843185750379
265 -42.7637393143 29.9894116692 -122.182137399 0.0150865339691
266 -42.7476088287 30.0253620697 -122.166243155 0.00642477234978
267 -42.7674353072 30.0385027816 -122.173285157 0.0117165917891
268 -42.7679942072 30.0357331891 -122.17368133 0.0035266576182
