0 -0.895620014149 0.246627656939 -0.352089589647 0.00333496926963
1 -1.81109234497 0.59499288245 -0.517710043394 0.00185830827003
2 -2.71778627219 0.953607578654 -0.707882877432 0.0036110381973
3 -3.63745853537 1.2767541529 -0.899226725665 0.00303746003462
4 -4.53832952629 1.6534139461 -1.08188839255 0.00440076345978
5 -5.41858826033 2.07970364449 -1.25563938614 0.00123369022599
6 -6.15162483125 2.73252004773 -1.40809815298 0.00377880152859
7 -7.00448204598 3.0513328364 -1.80526996558 0.00372287357361
8 -7.83957060324 3.30806401605 -2.27797587353 0.0075523224191
9 -8.64727008124 3.54185334535 -2.80679091678 0.00443367050677
10 -9.48159179389 3.4688214445 -3.34084821916 0.00291070601533
11 -10.3384570798 3.31828587965 -3.82014608799 0.00481695643737
12 -11.0943225717 3.22367936368 -4.45757804695 0.00359061625237
13 -11.8930761271 3.13846767024 -5.04177646838 0.00358458179473
14 -12.6582608867 3.00121964552 -5.65999054002 0.00560293044494
15 -13.1314258807 2.66104486882 -6.46431589051 0.00250690679183
16 -13.5813548651 2.27809644929 -7.26270997287 0.0017257510029
17 -13.9698646751 1.7980387763 -8.04059212429 0.00253033557353
18 -14.2979055951 1.26107530037 -8.80905110923 0.00224586073578
19 -14.5032451868 0.768828509963 -9.64690775959 0.00330850871697
20 -14.716058346 0.33276187372 -10.5135177247 0.00593885084563
21 -14.9446009474 -0.120152294234 -11.3673529586 0.00402470855703
22 -15.1038949882 -0.574592024614 -12.2359591548 0.00170773359267
23 -15.3011926652 -1.03182593028 -13.0952369118 0.00437814171231
24 -15.4463733688 -1.46950657691 -13.9748241775 0.00332245370126
25 -15.5000614265 -1.97855097747 -14.8258617487 0.00453449516917
26 -15.3936683484 -2.37613742131 -15.729664121 0.00129374419737
27 -15.3283713694 -2.66852346288 -16.6765043758 0.00427051138093
28 -15.350057859 -2.96946302194 -17.6226465249 0.0170803967124
29 -15.2964706352 -3.27080542996 -18.5673053734 0.00545276749533
30 -15.274487148 -3.6783250794 -19.4725316571 0.00835685084987
31 -15.1825712507 -4.21641830517 -20.3019205743 0.00612940076695
32 -15.0674296676 -4.81440593906 -21.0861114448 0.00416606754127
33 -14.9683440769 -5.36635523451 -21.9054460221 0.00480235429891
34 -15.0343957416 -6.19168834716 -22.453260865 0.00392435061427
35 -15.1108475893 -7.04544796584 -22.9540977806 0.00495836514861
36 -15.1656017376 -7.9021530572 -23.4526923604 0.00423440777726
37 -15.1319418592 -8.7882932074 -23.8989058753 0.00313491139351
38 -15.089425893 -9.7194153847 -24.24042623 0.00419836538032
39 -14.9230763403 -10.6532382258 -24.5331463453 0.00284223018872
40 -14.8486977155 -11.2974206256 -25.2847898783 0.00453366069118
41 -14.8170070195 -11.9110119157 -26.0644932983 0.00595976511602
42 -14.7158043478 -12.5556036017 -26.8125729822 0.00303330510946
43 -14.6740055134 -13.1670435401 -27.5934309651 0.00394240989565
44 -14.6005709284 -13.9547038319 -28.1929651467 0.00320715127944
45 -14.4034211261 -14.7851018648 -28.6996751414 0.00443785936242
46 -14.0615242219 -15.5281068801 -29.261994297 0.00188739318018
47 -13.5097506205 -15.9846850608 -29.9492020307 0.00563919433121
48 -13.1411385977 -16.5863174249 -30.6472571448 0.00276554676996
49 -12.640408486 -17.0946350059 -31.3371615486 0.0035571001563
50 -11.9386399964 -17.4843728329 -31.9208047562 0.00246949666839
51 -11.1902370523 -17.8698799545 -32.446398621 0.00834063677101
52 -10.4083959511 -18.1534726326 -32.9878660032 0.00409725499169
53 -9.62789166543 -17.8903575685 -33.5414274619 0.00234043678522
54 -8.9261601531 -17.6432597953 -34.1982144615 0.0048391162974
55 -8.23338925201 -17.3213695829 -34.8316566147 0.003355982721
56 -7.58944046971 -16.8839056865 -35.4470483629 0.00467817552384
57 -7.09664845592 -16.2918647777 -36.0726262705 0.00534672117498
58 -6.64854124073 -15.7199843721 -36.7485074801 0.00355559220114
59 -6.30751324867 -15.1406400214 -37.4783728446 0.00412219835283
60 -5.92868131819 -14.6019424321 -38.220595246 0.00104644403523
61 -5.78228104782 -13.9814484591 -38.9809586997 0.00593969493721
62 -5.52803203561 -13.3474613168 -39.7006354409 0.00834269627125
63 -5.39588576338 -12.6818985546 -40.4245061908 0.00198144215266
64 -5.26503016682 -11.9052724332 -41.02790445 0.00312488846512
65 -5.15142440868 -11.1744901754 -41.6892635933 0.00305186897869
66 -5.16861799724 -10.4873151945 -42.4046830685 0.00373267981337
67 -5.19620198798 -9.76674516808 -43.0860735837 0.0271228331665
68 -5.5355974824 -9.09254508713 -43.7296672295 0.00391330366935
69 -6.00917728191 -8.52058378361 -44.3873063043 0.00473119732882
70 -6.47650853579 -7.98506631113 -45.0791776009 0.00367822176756
71 -7.10052470804 -7.49705261689 -45.6760297485 0.00485079433484
72 -7.6746808433 -7.04772728641 -46.348492309 0.00658082128854
73 -8.27017354197 -6.71791052847 -47.0698129512 0.00434239442852
74 -8.78050062778 -6.3717753817 -47.8466150086 0.00515782210819
75 -9.29301643971 -6.08908683589 -48.6472568251 0.00341738503634
76 -9.75161691645 -5.96101415913 -49.5172489654 0.00677987628809
77 -10.298880137 -5.88818884979 -50.3410801409 0.00332517746478
78 -10.7755851228 -5.92083232494 -51.2100828367 0.00259658718967
79 -11.2260116747 -5.86878245665 -52.0920465474 0.00304669304661
80 -11.6409114016 -5.83716566891 -52.9922039106 0.00238280240678
81 -12.0802614576 -5.795396997 -53.8802443592 0.00349496749419
82 -12.5541698799 -5.68285070573 -54.7440020686 0.00429023646717
83 -13.0831786449 -5.5838923448 -55.5768414532 0.00216010193174
84 -13.5395008074 -5.5808278883 -56.4571943519 0.00323249347801
85 -13.9829606103 -5.71323024262 -57.3341385004 0.00358976955784
86 -14.3901554273 -5.8933832503 -58.2200924311 0.00190319182557
87 -14.7519313906 -6.15289015238 -59.1060536181 0.00334607509814
88 -15.1967037001 -6.49594200082 -59.9231028089 0.0048646895511
89 -15.6226329845 -6.844396006 -60.7478340384 0.00674738233216
90 -16.0207267539 -7.19508007734 -61.5853772118 0.00580606959914
91 -16.2678044068 -7.54662693462 -62.4788293462 0.00294392318011
92 -16.4176980184 -7.94519959729 -63.3741078001 0.00371167339728
93 -16.5800702008 -7.99993304721 -64.3505745618 0.00262851072807
94 -16.6834351856 -8.13778132696 -65.3268566543 0.00397897963155
95 -16.9000785048 -8.26751501492 -66.2854939567 0.00349117606257
96 -17.145103503 -8.41093428874 -67.2352797346 0.00427039634382
97 -17.4835165602 -8.51733646919 -68.1609061063 0.00370337950242
98 -17.8343303805 -8.66565545108 -69.0760589835 0.00441192334421
99 -18.1403993141 -8.85384828805 -69.9998686395 0.00431504628015
100 -18.5722955822 -8.9745699 -70.8837978517 0.00373050319375
101 -19.0061850212 -9.07498926006 -71.7692609393 0.00863577340532
102 -19.535179242 -9.16413485148 -72.6026044877 0.00404575549532
103 -19.9631726799 -9.62256808893 -73.3699477306 0.00392134262068
104 -20.3611806008 -10.1984121866 -74.0714205273 0.00472190288282
105 -20.759824978 -10.6870549259 -74.8358443487 0.0044540903882
106 -20.9068916266 -11.3055455163 -75.5959817275 0.00401798695522
107 -21.0517242202 -11.9105180373 -76.3673105597 0.00381263711667
108 -21.1147546921 -12.5639911102 -77.1095022786 0.00469930280701
109 -20.8924979287 -13.3164859072 -77.7145453599 0.00640065177129
110 -20.635633139 -14.0299921761 -78.3521760966 0.0137714001623
111 -20.3444119472 -14.721678812 -78.9988642076 0.00633938895978
112 -20.2417739787 -15.4476743507 -79.6650141663 0.00327834474488
113 -20.0327227589 -16.1277361039 -80.3543142302 0.00335614779013
114 -19.7356058155 -16.8165120173 -81.0012778466 0.00563034272472
115 -19.4132994131 -17.443294242 -81.6973034606 0.00491480906312
116 -19.7409536948 -18.1982863904 -82.2483803666 0.00357192070836
117 -19.9586921105 -19.0331994747 -82.7346827661 0.00328809662006
118 -20.0426294674 -19.9092954934 -83.1889182536 0.00300116049511
119 -20.0320963524 -20.8190606726 -83.5801628201 0.00783818745506
120 -19.9230260895 -21.7658510036 -83.8492340519 0.00115377689477
121 -19.6257144977 -22.6701318055 -84.1223132829 0.00162654008987
122 -19.2740733953 -23.5771762884 -84.3074356565 0.00387504536946
123 -18.9535782769 -24.4996783304 -84.4713282958 0.0040171851286
124 -18.6249423159 -25.433758487 -84.4741702605 0.00326003511554
125 -18.2752462209 -26.3595001896 -84.4398362609 0.00461515417236
126 -17.6702563218 -27.1410147927 -84.4999442428 0.00734779003796
127 -17.0192481609 -27.8839200844 -84.5674181044 0.00197759111242
128 -16.373365363 -28.561499209 -84.8899019696 0.0125375541658
129 -15.7900897488 -29.3021193013 -85.1921204742 0.00438588132494
130 -15.123093421 -29.9064259149 -85.6043682645 0.00451552383212
131 -14.3586916868 -30.4680785308 -85.887475039 0.00664129088642
132 -13.632856488 -31.088074178 -86.1493270733 0.013204236353
133 -12.9551485863 -31.7133101402 -86.5090307048 0.0136306096001
134 -12.1642481081 -32.2063588124 -86.8417951367 0.00598243612349
135 -11.7177393515 -33.009787888 -87.208384866 0.00517803124586
136 -11.0654300032 -33.6791382934 -87.533373203 0.00256488023054
137 -10.4464460876 -34.3469096334 -87.9207561957 0.00619659600289
138 -10.1126472091 -34.6139168812 -88.1000000329 0.00143143618376
139 -9.17580743036 -34.8881503333 -88.1319471603 0.00294609191363
140 -8.30424668276 -35.2224756001 -87.8449272515 0.00357010394743
141 -7.35878359995 -35.4521184865 -87.7621749961 0.0041286364904
142 -6.56954313026 -35.9335321184 -87.4481155381 0.00535639048681
143 -5.7128438688 -36.3633682173 -87.2631815078 0.00268234454271
144 -4.76018239253 -36.4491510481 -87.0687645778 0.00467317702814
145 -3.82920939338 -36.7042848352 -87.2122699776 0.00460422296755
146 -2.86967112546 -36.8510896855 -87.3113464184 0.00661305090201
147 -1.92930122124 -37.0976423817 -87.3922644634 0.00402284046168
148 -0.967067159722 -37.2117846705 -87.5037910912 0.00574836068458
149 -0.113932798129 -37.4202460406 -87.9278312313 0.0116874080461
150 0.722146078673 -37.7711669917 -88.285690575 0.00419221431718
151 1.62790653092 -38.0378156994 -88.5272934149 0.00301566502217
152 2.55457012227 -38.2591898067 -88.3225237262 0.00279887167784
153 3.40002768546 -38.3776940702 -87.8526811655 0.00207356188223
154 4.30873624602 -38.5087258727 -87.5264580176 0.00194829425732
155 5.10741545173 -38.2643861128 -87.0247257099 0.00684374317961
156 5.89768971058 -38.007382699 -86.5165537831 0.00716018045367
157 6.76317808177 -37.5936728423 -86.349670089 0.00473815970879
158 7.61927779063 -37.1679419982 -86.1664672834 0.00235012600376
159 8.37260123364 -36.6656783937 -85.8088997919 0.0039297072406
160 9.2227775438 -36.2852326031 -85.5265342654 0.0020809088784
161 10.1578041094 -36.0510036587 -85.3927016384 0.00471217041867
162 11.0701319188 -35.811080716 -85.1543628705 0.00350981625028
163 11.8839469695 -35.3187760734 -84.9500191194 0.0037228702286
164 12.680019078 -34.864327544 -84.6245669779 0.00542609009006
165 13.547161703 -34.4311293202 -84.5468519878 0.00544726248423
166 14.3672881686 -34.0774725147 -84.1626160066 0.0178706229091
167 14.9956270813 -33.6868402774 -83.5328288858 0.00375974111494
168 15.6653921045 -33.2131377308 -83.0126312975 0.0117572741178
169 16.2516153149 -32.8459602656 -82.3312715171 0.00261025418317
170 16.9205171212 -32.552478773 -81.6918375016 0.0040819346581
171 17.8343643136 -32.8206688033 -81.5056989213 0.00267247502821
172 18.7976281978 -32.846867263 -81.3923112698 0.00415954256937
173 19.7544104449 -32.8180504803 -81.2348933415 0.00509466614443
174 20.6905184988 -32.8748428377 -80.9877623824 0.00366471643448
175 21.3255380119 -33.2742447218 -80.373109098 0.00623428835781
176 22.2434169149 -33.5098282989 -80.169098882 0.00643265996503
177 23.2012018284 -33.6494864986 -80.2148047561 0.00698519466356
178 24.1612780439 -33.7563167388 -80.1434801498 0.0042643361695
179 25.1239732777 -33.669199404 -80.0848482107 0.00102564050506
180 26.0277096357 -33.6698811179 -79.7368697692 0.00290966622844
181 26.8803221865 -33.5012249811 -79.3100197613 0.00421416060079
182 27.7142719524 -33.077384402 -79.0611962185 0.00412011351647
183 27.8420465309 -32.148308019 -78.8222877398 0.00229104941859
184 28.1953283236 -31.3834434868 -78.3461562416 0.00324659925327
185 28.4009190707 -30.7542158219 -77.6402658057 0.00270452858141
186 28.4846924085 -30.2350440529 -76.8279814691 0.00583974103086
187 28.5532836422 -29.8538001083 -75.9415174933 0.0056866956491
188 28.5661431797 -30.0275207161 -74.990184547 0.0142519789429
189 28.4212390056 -30.2232872034 -74.0550829705 0.00666900247664
190 27.8856651392 -29.9803195041 -73.289082456 0.00318054947158
191 27.4841480927 -29.730643185 -72.447155864 0.00362117147719
192 26.9064889574 -29.6976187718 -71.6744650006 0.00359750294835
193 26.0220943278 -29.6164048306 -71.2974860054 0.0046521268421
194 25.0959764584 -29.842049725 -71.1507308748 0.00327897860172
195 24.1338242728 -29.8937678636 -71.1868136962 0.00317457899033
196 23.1949096695 -30.0102868899 -71.3717878145 0.00552304370834
197 22.4367271426 -30.3937814303 -71.8267028013 0.00560300958887
198 21.776274412 -31.0492687091 -72.075888294 0.00266183518089
199 21.2225679532 -31.7015747974 -72.5182397269 0.00338049893567
200 20.7531774375 -32.5381157278 -72.6016739039 0.00867225059768
201 20.4262804454 -33.4422418844 -72.5616011153 0.00558929226942
202 20.2668484957 -34.3739080555 -72.7398084575 0.00458703426712
203 20.0157940352 -35.3017141287 -72.7651772294 0.00749329400294
204 19.7745988846 -36.2236129142 -72.6411913423 0.00674960362551
205 19.5150921954 -37.0421063638 -72.2106030242 0.00576889882931
206 18.8347251199 -37.5206009289 -71.7309911003 0.00406490972599
207 18.3720791762 -38.3375219151 -71.5319484732 0.00558488013092
208 17.9894750027 -39.1104847801 -71.1118435081 0.00770547688362
209 17.8948290416 -39.7968192712 -70.4489067354 0.00575364382561
210 17.7512385259 -40.5053260955 -69.8196829048 0.00436770546095
211 17.5779967648 -41.1328249827 -69.1167005598 0.00361473709967
212 17.4209810662 -41.6885184865 -68.3524782124 0.00741955800598
213 17.3659575428 -42.1679362458 -67.525724795 0.00430250133898
214 17.5045898395 -42.6913725193 -66.7368206511 0.00157776329874
215 18.2376505634 -43.0368620574 -66.2288407756 0.00287979450283
216 19.0712250643 -43.258144362 -65.816109649 0.00282749774626
217 19.4001713418 -43.1986261497 -64.9201038342 0.00506191223223
218 19.6267669971 -43.3066268966 -63.9977463599 0.00468234866592
219 19.6579496047 -43.3612841201 -63.0443097136 0.00468268898962
220 19.4603299847 -43.7742216784 -62.2062916726 0.00448221123863
221 19.4064583323 -44.5953896437 -61.7234903959 0.00201881319998
222 19.5853838963 -45.3480998996 -61.1653989998 0.00296696621514
223 19.854852795 -45.9216240355 -60.4524874609 0.00491604857696
224 20.1298437532 -46.2553940655 -59.6026958734 0.00604006190849
225 20.8893917556 -46.4067249489 -59.0481338117 0.00472728251462
226 21.3479998338 -46.6505040735 -58.2499045729 0.00869371841385
227 21.6741553551 -46.7507676174 -57.3616719357 0.00896520443734
228 22.0195830819 -46.9156648489 -56.4916473246 0.00311512288859
229 22.4607466307 -47.2293326729 -55.7109202644 0.00248618708995
230 22.8953897737 -47.7473866915 -55.0442534221 0.00353236923154
231 23.5478793603 -48.0717815612 -54.4360885059 0.00468885949965
232 24.014522675 -47.6027140715 -53.7562641801 0.00395735694222
233 24.427987689 -46.9130916192 -53.2541082114 0.0043635470403
234 24.4131435838 -46.0807777342 -52.8017408061 0.00873810775853
235 24.6841624212 -46.8675403094 -52.3510988651 0.0108038726659
236 25.028050051 -47.7019496679 -52.0715548396 0.00474254980593
237 25.6287979775 -48.4277711838 -52.1314625212 0.00434861989179
238 25.6227247464 -48.9753762404 -51.3624951635 0.00431600184352
239 25.1982124704 -49.0730156808 -50.5255121256 0.00582181692679
240 24.6717456813 -49.0977673944 -49.7439820365 0.00448018264234
241 24.0492830012 -49.1993605043 -49.0444503475 0.00517451131691
242 23.7301202431 -49.4161211097 -48.1857927215 0.00763599924525
243 23.386147273 -49.5355683696 -47.3189543884 0.00293883024063
244 23.3040369513 -49.960485477 -46.4848463595 0.00347004820618
245 23.1442441115 -50.0341963417 -46.1189614493 0.00159766188965
246 23.8510663972 -50.3166770294 -45.6112404121 0.00247057072464
247 24.6205016557 -50.539675509 -45.1707832391 0.00455444262268
248 25.1484902844 -50.304039943 -44.463767743 0.00347400209073
249 24.4082372561 -49.7981611921 -44.6288783357 0.00288892441364
250 23.6412009729 -49.417775411 -44.9398972275 0.0030440512364
251 23.3643030993 -49.7811479568 -45.7277635398 0.00358685496483
252 23.5324521379 -49.6741903329 -46.1321410967 0.00121950826455
253 23.4323963771 -49.1747028683 -46.7449137746 0.00886388679763
254 23.0768993954 -48.5619596093 -47.0839870602 0.00447517022397
255 22.7446840893 -48.5399917035 -47.7899539009 0.00573289138938
256 22.1947982377 -48.0097454919 -47.8970142757 0.0048973392813
257 21.7241100576 -48.228480397 -48.4591468383 0.00642612058209
258 21.8813055406 -47.5459379798 -48.740052583 0.00497399021457
259 21.3647769221 -47.7550378952 -49.2377244107 0.00677471829301
260 21.0265189569 -47.5202286167 -49.8477957187 0.00695215595131
261 20.3636344467 -47.7769757336 -49.9763617442 0.00435891294273
262 20.3447357046 -48.3687679634 -49.5764897622 0.00856577102114
263 19.9984135826 -48.9720816847 -49.6065528043 0.00330771230916
264 20.4987047743 -49.4450556937 -49.5800917688 0.00746191363859
265 20.539004857 -48.870369676 -49.2345123987 0.0034381116399
266 20.8159795139 -48.3316393839 -49.5040605472 0.00692767932984
267 21.2825499699 -47.8874931839 -49.4900387881 0.00550820677508
268 21.2289555697 -47.291764538 -49.296558846 0.0085268582874
269 21.2879502249 -46.693095203 -49.2770328765 0.0240687833242
270 21.3965347955 -46.1955766224 -49.2476628361 0.00952855884418
271 21.2972479398 -45.8199302301 -48.990513494 0.017382142504
272 21.4125758983 -45.523139049 -49.1784713683 0.00890990577801
273 21.233621838 -45.2702560148 -49.2156252423 0.0118818609862
274 21.0811130597 -45.1907503324 -49.3852590356 0.0146585421561
275 20.9270071806 -45.1491105084 -49.4250051489 0.00601183993736
276 20.9967448725 -45.0336664382 -49.4106931481 0.00800696510844
277 21.0344463286 -45.0632085662 -49.4989953849 0.0070257717026
278 21.0675421445 -45.128611207 -49.5017663314 0.00532484094967
279 21.0811311432 -45.1805882364 -49.5090985778 0.00853144361139
280 21.0573459645 -45.1830860177 -49.4937668795 0.00579382328353
281 21.0707232467 -45.1854773467 -49.4885266285 0.00549689669969
282 21.0757847717 -45.1856800651 -49.4894309879 0.00536318319457
