0 0.399817593271 -0.453297858416 -0.788481324591 0.00527828591568
1 0.775739821517 -0.934664237239 -1.5720363636 0.00139820052783
2 0.965767717223 -1.27616460127 -2.48543269599 0.00420337037055
3 1.07912768209 -1.56085465233 -3.4304746988 0.00437638632564
4 1.23809831237 -1.77678691602 -4.38706895414 0.0024147465982
5 1.63303623514 -2.00008448522 -5.2708580196 0.00772501203848
6 2.01642098513 -2.18236243777 -6.1689956143 0.00851724831255
7 2.38189367334 -2.33703770472 -7.07965302344 0.00307769141777
8 2.71519483639 -2.45952183606 -8.00738135443 0.00283294679845
9 3.13385688622 -2.62453847612 -8.89294426484 0.00336931083955
10 3.60853974328 -2.88375976786 -9.72610743244 0.00900092453814
11 3.94706307375 -3.1983862135 -10.6053291594 0.0032232188229
12 4.48813529021 -3.12227403507 -11.4347980551 0.00645954921467
13 5.00983661119 -3.07305545736 -12.2785538616 0.00504380701517
14 5.49869835877 -3.03777233605 -13.1424117329 0.00385760536244
15 5.88906169967 -2.95949544755 -14.0523316315 0.00342257733001
16 6.34596518022 -2.92439663561 -14.9334840388 0.00409797614335
17 6.7292135461 -2.83744183684 -15.8456010176 0.0258238459439
18 7.10302806696 -2.71145275251 -16.7569455809 0.00682684322438
19 7.45111233108 -2.84415574576 -17.3223345672 0.00504793355385
20 7.90422642439 -2.98819640352 -18.1937018282 0.00336783260806
21 8.33767310752 -3.0420058289 -19.0850737006 0.00794634459872
22 8.72376063772 -3.02692776059 -19.9993783108 0.00384867227214
23 8.95278051306 -2.97670974491 -20.5788956449 0.00416822415036
24 9.11504661734 -3.05788218075 -21.5503464149 0.00416699710831
25 9.21604716261 -3.30924975257 -22.5006848666 0.00238340999033
26 9.43129982234 -3.62364531439 -23.4124254464 0.00378749777473
27 9.76280193217 -4.16628204209 -24.1686743054 0.00719071972119
28 10.2731161214 -4.55102564725 -24.9221015924 0.00476461653272
29 10.9208151223 -5.14327821469 -25.3754975965 0.00455976616504
30 11.6118981624 -5.58120796971 -25.9290374962 0.0058964761121
31 12.3511248787 -5.91479134747 -26.4928834525 0.00577494223781
32 13.0600294031 -6.18602460349 -27.1249008207 0.00899112279535
33 13.8770084435 -6.44931877325 -27.6132707973 0.00342513765623
34 14.7194675262 -6.69814698514 -28.0644208326 0.00369911120427
35 15.3585583566 -6.76012557054 -28.8147394072 0.00580932877266
36 15.9647474531 -6.78311064664 -29.5939349623 0.00332270940222
37 16.5733043025 -6.61440834302 -30.3530434094 0.00159075104597
38 17.1624321532 -6.28484656695 -31.0736699702 0.00300006395519
39 17.657984507 -5.90063158625 -31.8363938186 0.00175044202563
40 18.077509759 -5.60022363409 -32.6782417995 0.00359540783068
41 18.3459351556 -5.20399394164 -33.5418589205 0.00320263238402
42 18.4730790719 -4.6378779511 -34.3406754216 0.00884052733329
43 18.5941772256 -3.99096485968 -35.0764349836 0.0017611399712
44 18.4393888688 -3.19988324767 -35.6461672757 0.000787935164467
45 18.2188775907 -2.38784279103 -36.1621946805 0.00476140324679
46 18.0924095847 -1.60913361271 -36.7553701445 0.0132632391316
47 17.8579042091 -0.835117208169 -37.320876919 0.00723607741662
48 17.7422951375 -0.0318492906993 -37.8822151405 0.00203820979302
49 17.6211787446 0.896712843814 -38.1931120418 0.00267592201287
50 17.6761501738 1.82779135746 -38.5149171517 0.00193356375831
51 17.740828822 2.70270128966 -38.966395235 0.00352276048733
52 17.5904275732 3.44534945118 -39.598324235 0.00448229090488
53 17.5189028529 4.19157819834 -40.2397261969 0.00531845749379
54 17.4073827767 4.5933132431 -41.1339195077 0.00604995391068
55 17.2387498805 4.84563232874 -42.0726345963 0.00974487713854
56 17.0723282856 5.37087894929 -42.8907717578 0.00453685886339
57 16.9714656212 5.86626596025 -43.7376760553 0.00986201748656
58 16.6810722785 6.33695837417 -44.5541654561 0.0056341544071
59 16.3288147051 6.61956354934 -45.430793235 0.00146446014332
60 15.8031971818 6.63104267274 -46.2650271081 0.00379076729289
61 15.5541118905 6.72320418751 -47.2146627507 0.00352264784601
62 15.2037023305 6.66772106231 -48.134637853 0.00185573749825
63 14.8145278006 6.56412035265 -49.0346153607 0.00409904895698
64 14.6504980636 6.358696782 -49.9848648134 0.00243024454346
65 14.5273210973 6.22168795848 -50.9534114931 0.00415381944511
66 13.7318309715 6.62535596867 -50.5341488925 0.00304222863442
67 12.9176543133 7.11264690685 -50.2675833602 0.00493080513011
68 12.0052818913 7.45259849834 -50.1151558071 0.00403123561262
69 11.2117269824 7.83924742117 -49.6770207016 0.024229866116
70 10.3562796387 8.28104638851 -49.4686841403 0.0081084009189
71 9.51307471461 8.63143641992 -49.0993493023 0.0119640819591
72 8.65961169367 8.9569920956 -48.7313663588 0.00788160331955
73 7.79335020073 9.3391682305 -48.4611012312 0.016331283426
74 6.82929131509 9.5124924366 -48.3636885839 0.00393071157882
75 5.84519015925 9.51225503831 -48.3450234454 0.00232548092108
76 4.88647240994 9.33974516144 -48.4858650693 0.00513484687631
77 3.96482843988 9.00030066768 -48.4233910011 0.017743516071
78 3.23983512892 8.43638739669 -48.776084967 0.00379231106245
79 2.48657137764 7.92101162072 -49.1433186438 0.00546643395776
80 1.89716427008 7.4806154526 -49.7963873554 0.0033028577654
81 1.32378723411 7.07899037096 -50.4875427072 0.00337626115672
82 1.54062635194 6.38608565919 -51.1512309233 0.00737966874115
83 1.87301120437 5.60959389451 -51.6550433918 0.00853832501968
84 2.26234480334 4.76246877946 -51.9675201385 0.00386485772014
85 2.66324482454 3.9113289119 -52.2530553238 0.00350656916141
86 3.17530432255 3.12653381713 -52.5504684778 0.00863022559142
87 3.79859437575 2.57728543312 -53.0759979239 0.00578448064902
88 4.51563882105 2.16567786295 -53.6075564179 0.00436183023746
89 5.24429360423 1.99118436643 -54.2436742337 0.00818655156437
90 5.93056842108 1.92099058206 -54.9435764774 0.00479528328762
91 6.45611977517 1.68384176189 -55.7393256455 0.00255563311264
92 6.94742435106 1.4565550917 -56.5594132574 0.00421683015563
93 7.43861596473 1.10708210862 -57.3352819685 0.00469537758103
94 7.66193765843 0.768054297314 -58.2299844014 0.004429660025
95 8.01832824875 0.245277416257 -58.981431223 0.00575030315612
96 8.7345572424 -0.0828195180819 -59.5679292139 0.00335378408248
97 9.43566803466 -0.288376256042 -60.2242189198 0.00408851102178
98 10.0982441223 -0.128425952802 -60.9311895829 0.004293630647
99 10.761904613 0.241879458363 -61.5529426114 0.0057358192724
100 11.3794783833 0.621472671142 -62.2150975338 0.00605584712808
101 11.9898253794 1.1155547117 -62.8041474233 0.00805181251299
102 12.5098103836 1.73351361392 -63.3618117897 0.00268109518263
103 13.0369377486 2.42398088879 -63.8183808847 0.00392022683448
104 13.4198940117 3.26668528312 -64.1439846635 0.00367841187862
105 13.4892835624 4.2055813643 -64.4202083318 0.00372322298174
106 13.3913984194 5.14977564185 -64.6679550263 0.00255352822973
107 13.3956525606 6.10438516382 -64.8938814627 0.00697865097947
108 13.4107435336 7.01533673521 -65.2572177071 0.00367069126981
109 13.4511439108 7.96927962623 -65.4812957012 0.00245284855502
110 13.1538045382 8.90266466714 -65.5269665591 0.00503123646066
111 12.707098476 9.77348209566 -65.5869641748 0.00287955731421
112 12.2191564376 10.6034241747 -65.4013244305 0.00603534778938
113 11.5977263573 11.3571872654 -65.319393245 0.00364777641384
114 10.9670975472 12.1058343251 -65.2674001898 0.0050135439576
115 10.2911616452 12.7977857029 -65.4253678818 0.00285026307144
116 9.46309039875 12.5841946568 -65.9042379794 0.00214940771309
117 8.65044049724 12.3507294083 -66.399858365 0.0154916162339
118 7.84940451546 12.0159078637 -66.8537091237 0.007862488776
119 7.06990170607 11.5441629583 -67.2130425532 0.00235231391269
120 6.35437505032 11.0006564664 -67.6026641682 0.0019612408333
121 5.89822841373 10.1533403922 -67.78427468 0.0249660151398
122 5.44203818357 9.37298177929 -68.1593343133 0.0172313387692
123 5.43811094791 8.51045294746 -68.6207008236 0.00857728892962
124 5.52838350746 7.77897481839 -69.2635700924 0.00191941965788
125 5.79570475501 7.22405432235 -70.0232451216 0.0104386219664
126 5.93962852273 6.86297876826 -70.9204516656 0.00225301398045
127 6.06663315977 6.40811383643 -71.7765173631 0.00528256129227
128 6.08231290386 5.90321767988 -72.6134015621 0.0026048694402
129 6.29713898093 5.4456592969 -73.4499865078 0.00218768723524
130 6.51911199914 5.50042758702 -74.4003229543 0.00327730710918
131 6.66440306736 5.45136161933 -75.3655783674 0.00467420739236
132 7.16228153665 5.46249185148 -76.2062716831 0.0066379903055
133 7.66011151659 5.61955936268 -77.0320049963 0.00533742015026
134 7.84421623881 5.8499498508 -77.9632294685 0.00376365156915
135 7.8311047756 6.04968322329 -78.9192039839 0.00168765883213
136 8.04315232113 6.37315670651 -79.8159521109 0.00549222606489
137 8.70159897712 6.87123210223 -80.3368535485 0.00773777232165
138 8.96392975828 7.59574180103 -80.9358526048 0.0101944157128
139 9.19219305406 8.37475674348 -81.476984502 0.00510932017027
140 9.25785438834 9.24744318862 -81.9076344908 0.00463706626846
141 9.30320430317 9.98824097359 -82.5403863564 0.00349747865819
142 9.39966397212 10.5475866262 -83.33347614 0.00433634422716
143 9.70238104388 11.0035793429 -84.140515001 0.0107986338664
144 10.0629859706 11.6387813474 -84.7857959381 0.0062596382028
145 10.4149216972 12.3711530324 -85.3234848942 0.00467316355541
146 10.6628897471 13.059239001 -85.9670296275 0.00311589043587
147 10.9082873998 13.519519211 -86.7898434202 0.00289517143022
148 11.2490109263 13.9339298015 -87.6028875757 0.00570699081385
149 11.4922408419 14.649682426 -88.2166629162 0.00462612370473
150 11.4045296524 15.4860129414 -88.7071339444 0.00404040561181
151 11.171007558 16.2457092147 -89.2690824229 0.00851337629695
152 11.2756613201 16.9325922377 -89.9503750469 0.00422645677656
153 11.5084372269 17.6696297101 -90.5411935606 0.00150103622051
154 11.6012517991 18.5088443059 -91.0242578985 0.00733334713489
155 11.7277521414 19.431397666 -91.3042477527 0.00417228922876
156 11.6245268045 20.3706945995 -91.5327102523 0.00567316999041
157 11.7276382155 21.3040545876 -91.7834457379 0.00407914141396
158 11.7001387878 22.1807375905 -92.2018844953 0.00626420103296
159 11.7958002263 23.0902620189 -92.5296476195 0.00868678494078
160 11.8602654796 24.0591332045 -92.5384573606 0.00490157382312
161 11.9046779454 25.0206110154 -92.4115374561 0.0143653799143
162 11.9944102427 25.953320085 -92.1600439841 0.00468807750998
163 12.2574210055 26.82612264 -91.8285416084 0.0046122625638
164 12.6124699472 27.7278681305 -91.8616727014 0.00321790386256
165 12.8433810708 28.6675238218 -91.9226809444 0.00489025396736
166 12.8184840103 29.6021559565 -92.1784638237 0.00888353004662
167 12.163342697 30.3157094828 -92.194714833 0.00735406235381
168 11.2647320938 30.6757854823 -92.2217640436 0.0048271173205
169 10.3215163689 30.8899280038 -92.1784285761 0.00381168876779
170 9.41145102271 31.1914133932 -92.0446449279 0.0214462782658
171 8.47513466882 31.1101509018 -91.8178414775 0.00466459731616
172 7.54492013989 30.8725396726 -91.706450884 0.00491801879185
173 6.71016754435 30.8652745639 -91.2196277672 0.00364226135931
174 5.89615728253 31.0207505411 -90.7572515904 0.015666644005
175 5.01699700359 30.8056903359 -90.461134947 0.00460544082538
176 5.03889969195 30.3260995701 -89.6387238708 0.00735106674678
177 5.26065378381 29.943276172 -88.7963024545 0.00429509180574
178 5.54711405052 29.786938207 -87.9029104879 0.00583088776792
179 6.18975523267 29.5703451156 -87.2373681622 0.00264606028452
180 6.94917715143 29.2187700903 -86.7884145739 0.00945275464239
181 7.62820595892 28.6686377049 -86.4196889575 0.00348386499409
182 7.37122786039 28.8880488533 -85.5332408246 0.00683806583697
183 7.60040626617 29.6626358264 -85.0382809211 0.00415002842158
184 6.89870253506 29.480572948 -84.4290255205 0.00485422484376
185 6.25810496513 29.1265224191 -83.8291694354 0.0108550413524
186 5.81816785062 28.6075358963 -83.1733544119 0.00281810507129
187 5.35079492213 27.9678699719 -82.6591855034 0.0133271264157
188 5.04642918539 27.3192854557 -82.0464996541 0.0056937983119
189 4.68603330663 26.6327886995 -81.5118885347 0.00733673555566
190 4.79975673972 26.0603089455 -80.7738270894 0.00192798002586
191 4.90432605589 25.3717532798 -80.1417358091 0.00361213970033
192 5.17155927161 24.7293508219 -79.5097160589 0.00666730546818
193 5.30547968938 23.965986823 -78.9799061799 0.00308242577026
194 5.41168037632 23.1195671913 -78.589417514 0.00520680363396
195 4.61708462591 23.2024140765 -78.0989930692 0.00375631386998
196 3.71763021257 23.0083339313 -77.9243620536 0.0047508645266
197 2.80855559271 22.8112878859 -77.8224515582 0.00311054477143
198 2.35070109597 22.0790505054 -77.4632082815 0.00446259056264
199 1.77661095626 21.3470281307 -77.3753884905 0.00491518938837
200 1.27629298896 20.6180930414 -77.0753884052 0.00170421584128
201 1.16601284237 19.8273344772 -76.5917395241 0.00240161421529
202 1.30763090044 19.038442898 -76.1141032928 0.00525310180188
203 1.21137054458 18.181604514 -75.7604662097 0.0025561072591
204 1.33381050595 17.4094362279 -75.2538821123 0.0033275951719
205 1.53415262512 16.5230999727 -75.0526718515 0.00449309287775
206 1.99682999333 15.7290137435 -74.9116750681 0.00504740003855
207 2.38418463589 15.0561960954 -74.401362219 0.0113145684362
208 2.81501825171 14.2747241043 -74.1523533692 0.00468966193341
209 3.2119249497 13.4793566639 -73.8948775442 0.003867844655
210 3.90958954582 12.9115631691 -73.6811635606 0.00580084788081
211 4.26149264181 12.8342638666 -72.8302341857 0.00462819670781
212 4.32785505627 12.8602982346 -71.9098496634 0.00869586564412
213 3.91936736781 13.3079866825 -71.2168864431 0.00442556244702
214 3.45854077259 13.7012798473 -70.5252151719 0.00544622207153
215 3.19497051731 14.2319137658 -69.8238750507 0.00639262084423
216 2.71813599744 14.5888098447 -69.127414061 0.00584663513207
217 2.32937209658 14.4273063729 -68.3149552417 0.00542364176209
218 1.87467551702 13.8329325673 -67.7919548713 0.004004835088
219 1.4709793258 13.2122260141 -67.2597727288 0.00433938794564
220 0.882036633788 12.644253615 -66.8605744739 0.0191921030804
221 0.675500133532 11.7990475231 -66.6146680509 0.00567466442388
222 0.712581965312 10.9520612191 -66.305883125 0.00932252567794
223 1.09413486443 10.5073174001 -65.6233899369 0.00435414758096
224 0.99796161575 10.2346341345 -64.7728514833 0.00540274782502
225 0.741690620308 9.8126751416 -64.0250714953 0.00245075115053
226 0.928310756788 10.1332144358 -64.8398884899 0.00846720107731
227 1.02577807836 10.1534881581 -65.7263952887 0.0107856172935
228 0.754503362056 10.7146029013 -66.3573144354 0.0098807366683
229 -0.00990551271354 11.0865791625 -66.1232588166 0.00482554333318
230 -0.479478850024 10.9803246796 -65.8325874463 0.00593700723005
231 -0.986849262449 10.4213855644 -65.3988219193 0.00345219899627
232 -0.876637277116 9.56607981232 -65.297025614 0.00926609786385
233 -0.664712830871 8.83860894228 -64.8834062988 0.00512089514454
234 -0.0113650936183 8.50822880969 -64.4318866447 0.00297332226957
235 0.596204129109 8.51752027377 -63.8252740932 0.00577475575138
236 0.903721921657 8.38132250142 -63.038837109 0.00796279124773
237 0.720802330118 7.55594649704 -63.1121532963 0.00713867130029
238 0.395638356888 6.8432849101 -63.4250804614 0.00688370999862
239 0.428471220927 6.49403873345 -62.6626641734 0.00461426620534
240 0.253986799117 5.87797779645 -62.1269388442 0.00816206666939
241 -0.146223227852 5.46840290599 -61.528854075 0.00834867070838
242 -0.0200390582401 4.81901225542 -61.0441931986 0.00261140367736
243 0.0753895237151 4.17478035693 -60.5499181798 0.0063499735348
244 0.309496304994 3.83248021326 -59.8520017737 0.002857360594
245 0.603473054329 3.51375030588 -59.1692470752 0.0141204746556
246 0.735091469696 2.73620361054 -59.1570333124 0.00917723232289
247 1.39338658546 2.37422044756 -58.9591906677 0.00751215184287
248 1.65122375868 1.65687266162 -58.8820876162 0.00860292833615
249 1.92239319552 1.46745525668 -58.2041450179 0.00867672865384
250 2.12401482433 1.77474834726 -57.5619387984 0.0122085903647
251 2.24432677556 1.79764418986 -56.8544179806 0.00689754927624
252 2.64571602231 1.22984079682 -56.7533965253 0.0127664000939
253 2.37840160157 0.613851297749 -56.8089794177 0.0117617730325
254 2.69829491951 0.493258684361 -57.3549174913 0.0112460664764
255 2.28949243879 0.904547177281 -57.1667222207 0.0389203210032
256 2.19603454444 1.01284107819 -57.5952179999 0.0245724160279
257 2.14192526995 1.14434727987 -57.8644372171 0.00684673106784
258 2.16552362562 1.10410881722 -58.1234158315 0.00988108284973
259 2.01918545275 0.95734607462 -58.1461853629 0.00714897986618
260 1.88490700124 1.06401328683 -58.151769992 0.0109580023669
261 1.88739713993 1.08433692522 -58.269373973 0.017782418726
262 1.9122676327 1.05723249695 -58.2340409598 0.00678767007268
263 1.88419054696 1.06865995329 -58.2372438266 0.00987781298204
264 1.87739717737 1.07060527863 -58.2418401063 0.00757162868057
