0 0.142751242755 -0.252186507351 -0.390047879381 0.00252237526441
1 0.469159499941 -0.772988316299 -1.1705313945 0.00549134364925
2 0.625460086604 -1.36662185177 -1.95159093423 0.00466402884674
3 0.823328885107 -1.84556021782 -2.79913709665 0.00519250696587
4 1.12343132698 -2.19476970619 -3.67937999233 0.00700619752622
5 1.53380181332 -2.57959579795 -4.498072377 0.001889009923
6 1.96814346289 -2.8705157666 -5.34273701613 0.0144676823693
7 2.53330707113 -3.12145402366 -6.12004889617 0.00519281696786
8 3.02150035681 -3.41258559184 -6.93458595448 0.00330737378131
9 3.54245251172 -3.61467340825 -7.75574562182 0.00160317859231
10 4.12064811101 -3.8612549806 -8.52476319953 0.00133492370107
11 4.68970786629 -4.17722358547 -9.27497451604 0.00312834132577
12 5.24855660411 -4.44626087686 -10.0507128303 0.00368679804221
13 5.64998594215 -4.88181771866 -10.8479468515 0.00282538204968
14 6.10128128028 -5.14689591147 -11.6920413166 0.006387459645
15 6.66574866881 -5.36582298271 -12.4793135581 0.00295030573754
16 7.25959561118 -5.52583483325 -13.2590971321 0.00359157267355
17 7.88213064 -5.68832934947 -14.0156186921 0.00730882025784
18 8.51646365679 -5.68930915677 -14.7797096921 0.00106283274725
19 8.92007919537 -5.72197932256 -15.6865101695 0.00486668488622
20 9.25511607692 -5.70296276009 -16.621184179 0.00380309471895
21 9.464632244 -5.6498205307 -17.5904549232 0.00304923271033
22 9.67421761075 -5.59130589441 -18.4571513373 0.00490813252919
23 10.2816307297 -5.47040700684 -19.2170092613 0.0102089058397
24 10.6595071497 -5.42910215967 -20.1204023655 0.00355282458347
25 10.8291744473 -5.3279243852 -21.0803445907 0.00429601917937
26 10.9465707691 -5.20579400825 -22.0455432751 0.00193605475167
27 11.2573993601 -5.09781318319 -22.9685163688 0.00615511969759
28 11.5063160075 -5.01459657712 -23.9124365818 0.00176424940143
29 11.1314545542 -4.12422960895 -23.7515156517 0.0030405153118
30 10.5633836926 -3.47786342236 -23.283910393 0.00638193571614
31 9.92634452028 -2.94983180967 -22.7602520939 0.000623405739154
32 9.16170530259 -2.33868148951 -22.7814212993 0.00370138431624
33 8.50509497601 -1.6130782135 -22.8095709248 0.00834428714411
34 7.90299258772 -0.841846532452 -22.7839744914 0.00520413710606
35 7.22987958797 -0.133898938194 -22.8425237994 0.00213245924904
36 6.60509815246 0.586708577441 -23.0615838526 0.00231654066899
37 5.88867157445 1.2521588886 -23.0246904716 0.00329089527256
38 5.15729787627 1.88835736708 -23.1574514345 0.00538035907006
39 4.34249059463 2.42734037302 -23.2079998467 0.00223361168704
40 3.44846492102 2.79777757627 -23.3506537121 0.0055608351677
41 2.54602302528 3.16798065563 -23.2794089308 0.0097922555383
42 1.64170999585 3.33293941076 -22.9461712152 0.00556753150497
43 0.84045964721 3.46713810128 -22.4022561654 0.0036155380922
44 0.154625098677 3.73035643825 -21.757213092 0.00231702208067
45 -0.0927917533593 3.81406234587 -21.5381925152 0.00083774254152
46 -0.82018359033 4.09325194748 -20.9482338176 0.00136276801355
47 -1.49594927435 4.50359715592 -20.373814405 0.00329985591043
48 -1.69784431478 4.97545146533 -19.5421449501 0.00394475861031
49 -2.12381301929 5.4785156029 -18.8209078786 0.00180602712142
50 -2.60635927673 5.7710540428 -18.0232510939 0.0155514820264
51 -3.1812983193 6.00313263028 -17.268771301 0.00309526245456
52 -3.67208822232 6.10665141032 -16.4309329752 0.00403298409341
53 -4.10985028325 5.98673865474 -15.5664529242 0.00430440985597
54 -4.6018294147 5.84656017687 -14.7349959236 0.00461914402124
55 -5.17270786948 5.7816926098 -13.9459817905 0.00208058038768
56 -5.7665086434 5.97201828542 -13.1952200668 0.00344681590708
57 -6.27283783506 6.13526447036 -12.377109486 0.0101339945188
58 -6.84410653472 6.37717555677 -11.6243276326 0.00469245386422
59 -7.3949269178 6.38813334031 -10.8194856777 0.00950028297874
60 -7.72462406447 6.38661589831 -9.90183032906 0.0048526094825
61 -7.86819217767 6.03704673657 -9.00315998866 0.00647451739556
62 -7.57314480104 5.78673657604 -8.10860024314 0.0154290209463
63 -7.19693158268 5.65035483672 -7.2205371774 0.00157146227612
64 -6.50895089984 5.56071878974 -6.53713838904 0.0029003477827
65 -5.97479994957 5.6269764529 -5.72557871548 0.00490855770006
66 -5.53185672719 5.52239549222 -4.86482463468 0.00448878607577
67 -4.98828579968 5.49193416678 -4.0578512698 0.00941419123159
68 -4.37867861113 5.52243390355 -3.3000673766 0.00456050906422
69 -3.59168310872 5.78194186253 -2.79073309392 0.00178091624293
70 -2.77773018044 6.10434839738 -2.36712654061 0.00307130778395
71 -2.05053026165 6.57151851685 -1.92147465529 0.00406621520711
72 -1.71425206088 7.43015584681 -1.61342053598 0.00796886472001
73 -1.49762617528 8.22708942762 -1.10088142917 0.00497072397211
74 -1.28176442894 9.05622583486 -0.642419242289 0.00524587099621
75 -0.987737556328 9.9234133016 -0.318028831709 0.00472949186276
76 -0.688536309446 10.829953501 -0.139503255096 0.00587551676166
77 -0.536414642849 11.7849827962 -0.0532603115974 0.00472768329813
78 -0.534363829472 12.7516915541 0.0345029831166 0.00343807426975
79 -0.976454635358 13.6043744483 0.173849347634 0.00345101897925
80 -1.27478748887 14.4469297063 0.551782040279 0.00278602634321
81 -1.59199222994 14.9364632117 1.32745932115 0.00448343309436
82 -2.184447706 15.2668280323 2.02118428104 0.00503423783461
83 -2.66111699348 14.9503329106 2.80455912093 0.00251325051308
84 -3.13251265368 14.4194184985 3.46528221838 0.00409877662131
85 -3.37376282926 13.6572526771 4.01392336355 0.00389679248769
86 -3.59863362267 12.7338618598 4.20427700857 0.00868051215499
87 -3.92552415391 11.8219777654 4.19159184712 0.0017348704764
88 -4.43820718742 11.0383145827 3.94366339411 0.00312615668891
89 -4.8499815181 10.314643957 3.44862799733 0.0017483394386
90 -5.33605632809 9.69600920121 2.88361449399 0.00411644199626
91 -5.8828537808 9.03350004037 2.43666630302 0.00371828065032
92 -6.34768899764 8.24994770106 2.1093176313 0.00771657154511
93 -6.45844339007 7.4862652969 1.52524123677 0.00229734481754
94 -6.38813800158 6.59708963587 1.15029760528 0.00456967277499
95 -6.19987805043 5.78565964072 0.658447824514 0.00672374994092
96 -5.73999181125 5.05921091055 0.215993487829 0.0027360915174
97 -5.23844457444 4.27782395594 -0.0531391015113 0.00580153894447
98 -4.56787804703 3.5944441358 -0.184152436411 0.00708824908775
99 -3.8434144735 2.96354162495 -0.0835304919606 0.00462448197743
100 -3.28497329942 2.19180150991 0.0747356123208 0.00716314486244
101 -2.5008949015 1.62909095271 0.0610844637743 0.0060547083351
102 -1.57547743896 1.37103175723 0.149925461109 0.00468077951811
103 -0.775127572729 0.976332790915 0.516137640517 0.00567139667759
104 0.0778943391755 0.668099061434 0.84334648659 0.00401872894112
105 0.9074195834 0.424816391234 1.26996524032 0.00470708114911
106 1.5510920095 0.566439375391 1.97331959322 0.00326255869839
107 2.03388201959 0.763220724827 2.78390391851 0.00484210015149
108 2.39868947697 0.673535933613 3.67117981298 0.0116847256064
109 3.30030479604 0.674399294487 4.00745084061 0.0042341023268
110 4.09238975612 0.752802298532 4.54790078162 0.0129850002298
111 4.95175076743 0.576711223844 4.94047448455 0.00397865180394
112 5.68240623326 0.209946936021 5.44525539806 0.00624219596138
113 6.37362046194 -0.13320273586 6.01694115928 0.00316079273583
114 7.13439190374 -0.263764965564 6.58795901416 0.00331160796668
115 7.94395390711 -0.217213966008 7.10151707807 0.00578703930708
116 8.84896770751 -0.0153198046034 7.34713955135 0.0017035428302
117 9.26421560619 -0.875474820452 7.26048725871 0.00258091940631
118 9.23545682575 -0.198296695427 7.93917480922 0.00493697666776
119 9.57696572625 0.404762010814 8.60166999635 0.00519577817027
120 10.0763325792 1.01323651654 9.14809080496 0.0035533097662
121 10.5754721447 1.75144854646 9.49918442735 0.00527788139814
122 10.9727102271 2.5447532696 9.85886411897 0.00365550137221
123 11.1323898159 3.22440040422 10.5137611708 0.00511005920826
124 11.2196566574 4.02367451719 11.032182187 0.00398741215637
125 11.0791665994 4.87410644043 11.4462068842 0.00385177553384
126 10.7321258929 5.74786507853 11.618308722 0.00297387443554
127 10.7932611564 6.66105772776 11.8928831166 0.00353766810785
128 10.5917771163 7.4998660531 12.303195136 0.00372876525613
129 10.463644955 8.20825482535 12.9308689688 0.00358084158217
130 10.0136252858 8.98188221857 13.262706675 0.00333097257189
131 9.88278716588 9.25787655405 14.1672926135 0.00832144113453
132 9.52865973923 9.39655652485 15.042100448 0.0027174410699
133 8.65770007726 9.77946825856 15.0974065972 0.00536836010716
134 7.78229787311 10.1547688532 15.09373081 0.0123713966357
135 7.10125019774 10.1987844734 15.7567655694 0.00251682300513
136 7.14212170461 10.4404228291 16.67624309 0.00412254595898
137 6.89066004654 10.6350268174 17.5726087661 0.00398399873807
138 6.69705405984 9.7972529959 17.976788033 0.00326071821756
139 6.45542610124 8.88564867378 18.0879432749 0.00443342198211
140 6.8918866663 8.04581562087 18.0175156302 0.00434641569614
141 7.24881092813 7.17188667579 18.1106158936 0.00285291008234
142 7.84627342074 6.43580556692 18.0911413299 0.00351196805053
143 8.52446217802 5.81117579493 18.3109827169 0.00563617199166
144 9.22531566118 5.32369770752 18.7214623191 0.00325786328346
145 9.78105553808 5.20536946243 19.4793492699 0.0041852580804
146 10.4416440017 5.01132749257 20.1289304335 0.00250764048245
147 11.2638851226 4.55601565781 20.2351686655 0.00496112625316
148 12.1607752864 4.2886187486 20.3676473769 0.00498179856273
149 13.044748589 3.97579416207 20.2539121332 0.00408905695916
150 13.9716736581 4.15422625332 20.2435639745 0.0053548863878
151 14.8563131213 4.30878627668 19.9547523693 0.00420698615211
152 15.7818583579 4.46608294753 19.8695539839 0.00517424692681
153 16.6423375583 4.56186218727 19.4982401996 0.00315070653996
154 17.3302147703 4.9017554238 18.9521658264 0.00530830745251
155 17.900338426 5.42453307148 18.4163844032 0.00557770276389
156 18.4764953793 6.10798076782 18.1259150456 0.00470143130377
157 18.6665604235 6.93729520472 17.728033508 0.00594523551213
158 18.7281621955 7.82642287847 17.4348735274 0.00466729528437
159 18.6421552913 8.67252638036 17.0402755806 0.00871734419006
160 18.3055726725 9.54300512394 17.1105881834 0.00558111823425
161 18.0861074552 10.3793347844 17.4666597255 0.0034678090204
162 17.6538114811 10.7818863231 18.1913161198 0.00226857226476
163 17.2341328399 11.2177766118 18.903449501 0.0028603749306
164 16.8881636402 11.5588697201 19.7012756016 0.00852893823105
165 16.3143800605 12.2585359111 19.4784339235 0.00759372237956
166 15.9111689151 13.0938848498 19.4062515977 0.00637825781224
167 15.8080627531 13.9586246847 19.7303481965 0.00134333884442
168 15.7205496028 14.7071037511 20.2739158035 0.00664374017254
169 15.5283700243 15.610357737 20.1880396772 0.00469292108359
170 15.0406161652 16.3955959168 20.2497897889 0.00374619301999
171 14.1931840505 16.7143849553 20.0571391558 0.0166978505459
172 14.3067051008 15.800133882 20.0254633861 0.00553385143546
173 14.484681442 14.9136792689 20.1982863923 0.00844900581896
174 14.8510211857 14.2029754482 20.6505652961 0.00469786586049
175 15.0811938156 13.6403491495 21.3381267675 0.00474369413164
176 15.620949939 13.2786285326 21.9843860201 0.00408469838653
177 16.2288196763 12.7898376229 22.4628347333 0.00202332909503
178 16.8437663668 12.8441784156 23.1379324642 0.00496244054046
179 17.4720086619 13.2373182276 23.6714530663 0.00540213091155
180 18.3188353051 13.2109944385 24.0072972975 0.0119983521391
181 19.0494879732 13.6769295331 24.2772853231 0.016980831334
182 19.8688422978 13.9469810905 24.5407306786 0.015898231683
183 20.6261184622 14.4061317375 24.6780782348 0.00450460593815
184 21.2541629662 14.9746043216 24.9655146123 0.00945348881296
185 21.4328732253 15.4174687952 25.718358568 0.00461532305164
186 20.7807813063 14.8907914928 26.0139517277 0.0216349315718
187 20.0123411977 14.474387878 26.1050757299 0.00479426467742
188 19.7709165243 13.6579773346 25.8970531684 0.0081426344531
189 19.1818205863 13.0278482597 25.8958643877 0.00539201832496
190 18.8041565376 12.564038597 26.4900446382 0.00523607819829
191 18.5242636444 11.7879077423 26.6384286865 0.00672412824284
192 18.1361811299 11.0815265158 26.8482729684 0.00599893696317
193 17.8353546394 10.3316502786 26.6689270414 0.00878445785436
194 17.844267825 9.51597909208 26.7475750818 0.00777565903837
195 17.9008288922 8.92076048696 26.1973404412 0.0155463798548
196 18.6350566067 8.67020398784 26.3563528043 0.00435567409011
197 19.3321120149 8.64583981376 25.9921972044 0.00711918841337
198 20.0763803949 8.86184383335 26.0503506314 0.0100173756674
199 20.8155544053 8.81286788131 26.2328934849 0.00343514663505
200 21.2424587987 8.69818552802 26.8495246778 0.0160865759179
201 21.13866745 8.00269902099 27.0494002244 0.00541444703698
202 21.2578624735 7.29170665371 27.0587711259 0.0204538106353
203 21.1648179647 6.69708607684 26.7470253311 0.0144506187508
204 21.072190859 7.31845047209 26.8689759766 0.00720205804181
205 20.58220404 7.24695038172 27.2405959097 0.00836556003563
206 20.1686843801 7.57316439149 26.9709208166 0.00911286306042
207 20.3894461957 8.08573869806 26.9475031526 0.0126657758228
208 20.8063421635 8.14866565925 26.6663841085 0.0198974774653
209 21.064844997 8.01222681951 26.9527046422 0.0132563474527
210 21.0624421887 7.75563914813 27.1503158401 0.0191452938347
211 21.1504396756 7.59873872143 27.2627005797 0.0122280533807
212 21.1702228966 7.5978172537 27.113972381 0.00410858070891
213 21.2092579551 7.48132263962 27.1581899834 0.00700362669669
214 21.3002312724 7.4412282996 27.1701241739 0.00769581700973
215 21.2407831402 7.4210171063 27.2023611226 0.00179607288458
216 21.2926958757 7.43747776682 27.1686893921 0.00801281199691
217 21.3230603761 7.42077990909 27.1552024546 0.0124341292247
218 21.3174154738 7.42669727566 27.1535643961 0.00751946003599
