0 0.493409742572 0.402141014886 -0.762795261163 0.00230359703095
1 0.89510486788 0.824891185188 -1.56712433907 0.0166771354976
2 1.31815724892 1.30207234762 -2.32882650124 0.00484719996848
3 1.73066426299 1.8849801635 -3.01937497642 0.00259437542944
4 2.07470989944 2.50722365805 -3.71307872549 0.00642829910747
5 2.3587161834 3.12070136 -4.44089716394 0.00671243494964
6 2.67862994859 3.66692104867 -5.20639518985 0.00237233698217
7 2.8527961557 4.24556033035 -5.99475921433 0.00277278539033
8 2.91069203731 4.93619882314 -6.70630076662 0.00524629988384
9 3.04315337851 5.57770364421 -7.45297036329 0.00461952785351
10 3.14583680585 6.23795230715 -8.18786676469 0.00625481280878
11 2.95792910272 6.8344554041 -8.95947305015 0.00177139466452
12 2.72120912465 7.35489555578 -9.77163431425 0.00747609162477
13 2.46136010222 7.84825784458 -10.593527646 0.00391533321042
14 2.20021971943 8.26973555308 -11.4540961797 0.0020868454358
15 1.98016537896 8.6614562954 -12.3398377093 0.0050964366552
16 1.73792341328 8.97446395798 -13.2507252737 0.00238429592288
17 1.50819033381 9.15934631325 -14.199095802 0.0064248728502
18 1.29741471296 9.31364806061 -15.1572583641 0.00525505701155
19 1.07329665588 9.47757501524 -16.1107568834 0.00640062998502
20 0.937314223124 9.56674575883 -17.0904355028 0.00268505187239
21 0.755194929823 9.55787797454 -18.0666220445 0.00747964021438
22 0.508777873793 9.61142208293 -19.027101459 0.00397401521816
23 0.313981738592 9.59553013812 -20.0006924854 0.00306785962746
24 0.0198278155703 9.60040010825 -20.9491052978 0.00313672680894
25 -0.193236847819 9.3218207758 -21.8780809009 0.00421769710534
26 -0.29988598796 9.01491838867 -22.8163769405 0.00487902792839
27 -0.554435586707 8.60112647331 -23.6823246283 0.00582420843984
28 -0.784542036303 8.11865567602 -24.5190380763 0.000838851545286
29 -0.59911137373 7.37582609777 -25.1511424027 0.00450602205158
30 -0.425072508683 6.61025445438 -25.7588391622 0.00484967183693
31 -0.270830132351 5.81846050733 -26.3375449846 0.00503126377823
32 -0.114314592346 5.08239386292 -26.9850851315 0.00206618023184
33 0.160419292471 4.31179750295 -27.5474519889 0.00436067164826
34 0.572188201585 3.64939392839 -28.1616125228 0.00664492964798
35 0.998024898378 3.09049893519 -28.8628872452 0.0054429374778
36 1.52074324871 2.68652345207 -29.6038429402 0.00353027921174
37 2.03040678933 2.30154189983 -30.363743994 0.00335228137526
38 2.52217602666 1.97213668626 -31.1606459894 0.00629197036445
39 3.08619763243 1.68063915004 -31.92368544 0.00540059102735
40 3.62663896882 1.35510836503 -32.689987666 0.00537397181986
41 4.21225023766 1.132514491 -33.4598730914 0.00558445713078
42 4.80019544975 1.05590989886 -34.2558734871 0.00276604112837
43 5.45194884004 1.09719250875 -35.0032890588 0.00397592207322
44 6.18157017577 1.11544965742 -35.6758719121 0.00262587816523
45 6.79050242774 1.31319561565 -36.4342581988 0.00168045936741
46 7.51351531816 1.34793774626 -37.1132651671 0.00621082574938
47 8.26086978096 1.38351683548 -37.7652817123 0.00388301307522
48 9.00836851093 1.71961203614 -38.3248760421 0.00389143485167
49 9.45375734534 2.22897540556 -39.0508587232 0.00356014661682
50 9.79695526449 2.77992652305 -39.8015332783 0.00438214297924
51 10.1102230398 3.3453048479 -40.5545329784 0.00536002976513
52 10.3664699691 4.01690816798 -41.2386387545 0.00135319237852
53 10.6156534575 4.61335195503 -41.9915580433 0.00193930019578
54 10.8406734726 5.20938745134 -42.7523567634 0.00508956896913
55 11.0229044946 5.79432337665 -43.5329341679 0.00387887775053
56 11.0724028524 6.2267919801 -44.4246661622 0.0175001116599
57 11.0684236759 6.56375979279 -45.3579014076 0.00212567650447
58 11.0022512446 6.92707204812 -46.2788176567 0.0282743278078
59 10.9951737186 7.27045119221 -47.2095081183 0.00367974257745
60 11.0567906806 7.637862689 -48.1289143703 0.00337350735117
61 11.2277344602 8.10842138943 -48.9852896944 0.00401606494872
62 11.3123175632 8.64954117409 -49.8123329091 0.00352624777235
63 11.2559417218 9.21525798051 -50.6251697473 0.00384859250505
64 11.1928862591 9.90868729686 -51.3315742437 0.0036225228977
65 10.9528274071 10.3997701173 -52.1592486479 0.00415492817559
66 10.7006768897 10.8418399957 -53.0105953483 0.00332227374119
67 10.3851132126 11.3301182047 -53.8141742949 0.0044088183928
68 10.0347751037 11.798585709 -54.6151001584 0.00452708865325
69 9.64421560416 12.3600432678 -55.3333059965 0.00534072258608
70 9.25346161897 12.9377232343 -56.0383716915 0.00583706941894
71 8.81339904201 13.5519751281 -56.6806055944 0.00766046257305
72 8.59394551333 14.0886397402 -57.4851100175 0.00505821618767
73 8.36499566474 14.5623002841 -58.3256917293 0.00429533632202
74 8.18106598052 15.1543976348 -59.0995496651 0.00265602203613
75 8.02571128858 15.6977666586 -59.914329177 0.00950395131173
76 7.8582045062 16.2071383089 -60.7483683729 0.00450191724419
77 7.70639400826 16.8769605468 -61.4634351088 0.00375648927297
78 7.45542191011 17.553376525 -62.1434649758 0.00295626522927
79 7.19941938393 18.1963912124 -62.8533486409 0.0022333848035
80 6.80364582701 18.9012964117 -63.4272233835 0.00517017990533
81 6.27335572629 19.3840247847 -64.111766391 0.00493599677497
82 5.77344035601 19.8015869509 -64.8591093634 0.00313545508514
83 5.42225185364 19.8495313266 -65.7849654987 0.000801561590259
84 5.13132319612 19.6252557986 -66.7057745793 0.00617670146053
85 4.84518985053 19.3901136669 -67.625330025 0.00416541400764
86 4.62439388855 19.05019116 -68.5299763066 0.00539810125756
87 4.42641526951 18.5859747499 -69.3831420055 0.00675668378887
88 4.37873671193 18.3912513428 -70.3538978857 0.00543052052641
89 4.37607525137 18.3440303421 -70.5305982917 0.000832621112122
90 4.29954117527 17.8951425011 -71.406958306 0.00278142806934
91 4.18418522801 17.3518844537 -72.2235489039 0.0121019404008
92 4.10967636272 16.8533592252 -73.0726164559 0.00719082746459
93 4.13443827667 16.3096104709 -73.8963448369 0.00202375653676
94 4.28401856984 15.7557441271 -74.6998365613 0.00537098026599
95 4.48507659356 15.1838410378 -75.4790005702 0.00124873870699
96 4.94263911375 14.6711703185 -76.1877478237 0.00726570560057
97 5.45560824124 14.4382224711 -76.9983065661 0.00920212342008
98 5.82308336877 14.2660142011 -77.898058632 0.00239992404756
99 6.07460415243 13.8971750306 -78.7783238605 0.00386258112564
100 6.40187248499 13.4644044199 -79.6027248527 0.0053844579679
101 6.74788421783 13.0126240402 -80.4089831745 0.00298857807233
102 7.10830520445 12.6161232315 -81.2376606403 0.00232597107101
103 7.44916573089 12.2871431896 -82.103326721 0.0047517485066
104 8.05885762804 12.0153945844 -82.8299603358 0.00259516837058
105 8.47379805638 11.7591546865 -83.6877257426 0.00361057986539
106 8.78653795059 11.3297304185 -84.5191522971 0.00337343192926
107 9.0778227092 10.8998784369 -85.358067995 0.00369906837349
108 9.18010619295 10.418438193 -86.2130930447 0.0040587927385
109 9.37395832061 10.3830325501 -87.1797727733 0.00627621672262
110 9.83884199014 10.3604943508 -88.0495007858 0.0032574223974
111 10.3513835956 10.3742412645 -88.8921480553 0.00200288250446
112 10.787914594 10.4087112624 -89.7759886976 0.00289682511318
113 11.3607136287 10.2933531996 -90.5705743065 0.00427237326876
114 11.8039645269 10.3598408384 -91.4491132503 0.00531045815088
115 12.4847183189 10.7324045615 -92.0575174001 0.00285975505971
116 13.1470421486 11.3016863348 -92.5152006361 0.00307669652505
117 13.6428422835 12.0706129802 -92.8826793108 0.00569276942045
118 13.9877949137 12.8696702033 -93.3458200143 0.00332505591607
119 14.3230369579 13.7245543622 -93.7044754741 0.00498999038225
120 14.7367961289 14.5996676994 -93.8905910834 0.00160377319064
121 15.0891707894 15.4100003934 -94.3274916265 0.00838978218558
122 15.9423984058 15.8972690395 -94.2505088977 0.00632991837523
123 16.7710815699 16.4200229955 -94.1447590075 0.00362752765109
124 17.662647797 16.7749230139 -93.92062098 0.00506333971775
125 18.1788991466 16.9999444565 -93.8455052386 0.00123394367619
126 19.1098602 17.3124516981 -93.7716034172 0.00275468200222
127 19.9556296546 17.8142435596 -93.8225953714 0.0017692282483
128 20.7366892921 18.3909773182 -93.9869158866 0.00368563083209
129 21.4204007955 19.0872958256 -94.1181884361 0.00609155418736
130 22.1131952146 19.7784948028 -94.2260419177 0.00427927488813
131 22.9224524469 20.2780938101 -94.4804902912 0.00388149319957
132 23.5089439725 21.031463017 -94.7204301003 0.00636234509373
133 23.7630727205 21.9608981653 -94.9215683268 0.00544494391448
134 23.8726118066 22.900066069 -95.1948592566 0.0101870890656
135 23.8944008617 23.8170510236 -95.5513259762 0.0139267506366
136 24.0121761379 24.6924645701 -95.9846092785 0.00614954467868
137 24.020820454 25.503207606 -96.5417686019 0.00402209419269
138 24.0319918408 26.3539952083 -97.0353885447 0.00394886239767
139 23.9398724939 27.172242653 -97.573435296 0.00338917237898
140 23.2824283381 27.4596846032 -98.2462082267 0.00401229513555
141 22.7155155585 27.6880132184 -99.0168508072 0.00310478696112
142 22.1573785168 27.9093032823 -99.7958388101 0.00522601988211
143 21.6441401549 27.8198387719 -100.629955517 0.00329135066723
144 21.2942323072 27.6782926272 -101.538058101 0.00560606901867
145 20.8691350268 27.6281222332 -102.423306617 0.0053606018039
146 20.1264520052 27.3170843976 -102.987305873 0.00186261493445
147 19.4318664706 26.8319984099 -103.48585267 0.00396143614878
148 18.7025051507 26.3733930356 -103.958984331 0.00268033037281
149 17.9820008807 25.8622604819 -104.389834463 0.00394869950731
150 17.3322815047 25.1481425701 -104.573334428 0.00309799053672
151 16.6937044613 24.4067927348 -104.6641939 0.00368829777829
152 16.0906002709 23.6432955166 -104.801431222 0.004165039577
153 15.5590710856 22.8242940778 -104.91116231 0.00542417473153
154 15.1989792505 21.9240231397 -105.069163678 0.00499056001696
155 14.8199303532 21.0187000533 -105.028980607 0.00510498101279
156 15.3885489878 20.6952690559 -104.29611911 0.00263038055781
157 15.7070164675 20.005593452 -103.673424612 0.00122737268727
158 15.8668936425 19.2658868422 -103.047287083 0.00443562605295
159 15.6728074568 18.5701556441 -102.381770632 0.00225629944649
160 15.4765897446 17.8088788803 -101.793190231 0.0050321406453
161 15.2545722615 17.214196027 -101.043887535 0.00385544942577
162 15.1928375738 16.6118846711 -100.270799737 0.00647115020763
163 14.9224160845 16.0147619188 -99.5398703129 0.0066368162794
164 14.7857163252 15.480267799 -98.7278574426 0.00135316355286
165 14.36881701 14.9630950789 -98.005141912 0.00098161183925
166 13.8139430195 14.4520584401 -97.3771108161 0.0036160477383
167 13.4769013113 13.8011192952 -96.724416272 0.00679400417032
168 13.4752489812 13.166340216 -95.9759719456 0.00284253605926
169 13.6477783384 12.5025917065 -95.274104421 0.00201809907994
170 13.8987251697 11.7795844563 -94.6600458435 0.00310274428145
171 14.0929105377 10.9411801205 -94.1889706386 0.00453441929825
172 14.5094697198 10.2140204757 -93.6789921156 0.00245810329072
173 15.1913633518 9.71764550185 -93.1781173775 0.00120933086868
174 15.8596592009 9.1351024972 -92.7584002793 0.00710883254027
175 16.6231913798 8.71558695627 -92.3080090695 0.00348443357889
176 17.2625490656 8.18587335776 -91.7861513154 0.00213947575296
177 17.8919218034 7.60625919195 -91.3070701886 0.0042716256891
178 18.6267473751 7.0506914243 -90.9713961063 0.0136257695185
179 19.399145326 6.53762916181 -90.6538983269 0.00386375791588
180 20.291201464 6.27689714763 -90.3429343427 0.00402322295074
181 21.200477443 6.25643830462 -89.9781486709 0.00802697298484
182 22.0310912121 6.00174937671 -90.4310644512 0.00226564837099
183 22.8436852035 5.84848494993 -90.9564732403 0.00421689542937
184 23.4259643296 5.90888890074 -91.7420816018 0.00356521560888
185 24.0504325331 6.16298298446 -92.4527809724 0.00682500316534
186 24.6193700606 5.95450411188 -93.2223099038 0.00312481056958
187 25.2507532964 6.08049495571 -93.9602891695 0.00724898924651
188 25.82405815 6.28335962154 -94.7277200512 0.00480347231057
189 26.2340820464 6.5983727587 -95.5591334897 0.00401325150029
190 26.4700705703 6.85091232248 -96.4751175155 0.00728757506381
191 26.5423194229 6.94183458801 -97.4470692591 0.0095713538849
192 26.6541082612 7.11137852121 -98.4043508689 0.00502155206002
193 26.8782212122 7.31903093898 -99.333847646 0.00435581016603
194 27.2032456181 7.42915536415 -100.249968662 0.00394233646276
195 27.3236399574 7.6167955281 -101.202422887 0.00264545503533
196 27.5237343297 7.87111588593 -102.125441084 0.0275866106659
197 27.9820920474 7.92090286268 -102.987059917 0.0370653648294
198 28.5023441599 7.99009355721 -103.809914086 0.00478584497492
199 29.0868639202 8.01618974054 -104.59082242 0.00795547934368
200 29.6668962543 8.45971655238 -105.237588509 0.00243641870592
201 30.2373397308 8.87731974279 -105.909542041 0.00197146585614
202 30.4673914611 9.50378812562 -106.620768136 0.00555555111536
203 30.6600162257 10.2754153282 -107.184831584 0.00403225690356
204 30.5444247115 10.9383384669 -107.890324387 0.00953498877947
205 30.4391118571 11.4797571971 -108.693920915 0.00422582631949
206 30.0036833642 12.0402949392 -109.361535363 0.00374465062165
207 29.5823413219 12.573696645 -110.05954925 0.00361159577073
208 29.0959962777 12.8547005403 -110.855561881 0.00274337327789
209 28.6512251822 12.9541430747 -111.716556192 0.00765835047884
210 28.2921710204 12.8125996593 -112.610726561 0.00496121671571
211 27.7976176327 12.5059009796 -113.391300597 0.00461277147435
212 27.221662226 11.8611068344 -113.838209337 0.00211898517448
213 26.6108672063 11.2109650373 -114.227111764 0.00303681862603
214 26.065324178 10.4712428246 -114.546340821 0.00312618007463
215 25.4074537158 10.1055336548 -115.16293003 0.00457907427007
216 24.9414774889 9.51218984511 -115.777060792 0.00564789852179
217 24.6680564172 8.71306390017 -116.259129109 0.0064003801434
218 24.6055742156 7.87935663859 -116.755376232 0.00162009535015
219 24.4760727207 7.07811671542 -117.290520259 0.00738643713099
220 24.5467245224 6.41420717251 -117.996880764 0.010747127346
221 24.6486545087 5.61145395224 -118.53426135 0.00543697715019
222 24.8775928831 5.03996543252 -119.28549862 0.00408350919009
223 25.1379287277 4.48000517807 -120.034946733 0.00323420141745
224 25.1338172102 4.11908902807 -120.93643602 0.0045424763802
225 24.8507158871 3.60370810226 -121.708815328 0.00509343140205
226 24.5075958812 2.87881178364 -122.255038256 0.00387916017342
227 24.2329850131 2.09985694632 -122.763940193 0.00219252590242
228 24.274079703 1.47903697183 -123.50835227 0.0137583564217
229 24.2292644986 1.08363033076 -124.392556901 0.00332030982776
230 24.2658757686 0.534655725819 -125.190669689 0.00412772183574
231 24.5089154097 0.275407937503 -126.092443689 0.0030599448328
232 24.7247164095 -0.296975476905 -126.843918847 0.00236567585148
233 24.9418296097 -0.785289127969 -127.652111083 0.00554716937471
234 25.5481795657 -1.28192577563 -128.220916566 0.00606313243346
235 25.8993559888 -1.33970461603 -129.121516401 0.00409009256644
236 26.0551476945 -1.40188644707 -130.075080791 0.00442736395261
237 26.2090744092 -1.73075106681 -130.972296817 0.00378396170871
238 26.0797589921 -2.37601657604 -131.681533153 0.0054771207286
239 26.4938371849 -3.08853982538 -132.187583564 0.00438584717545
240 27.0338023084 -3.72488496939 -132.675675996 0.00530024078709
241 27.3906779584 -4.33650062633 -133.333643861 0.00350263396137
242 27.9085469206 -4.82099527236 -133.990175166 0.0015139626185
243 28.2470387874 -5.13232971194 -134.840239034 0.00222896791831
244 28.1647530484 -5.44478134823 -135.751054436 0.00297314324478
245 28.3407139509 -5.86882492365 -136.601197323 0.00370981946078
246 28.6852923317 -6.23266270245 -137.426986744 0.00334492264398
247 28.8521148001 -6.42851221109 -138.357940337 0.00481121834432
248 28.8747494915 -6.70399664261 -139.283075467 0.00296211827084
249 28.7637900563 -6.90185450288 -140.221421514 0.00652838607329
250 28.8074998065 -6.45709665394 -141.076561087 0.00275509751877
251 28.643228414 -6.38461710665 -142.024508649 0.00537943965995
252 28.6741424358 -5.99994266851 -142.908308425 0.00529950923773
253 28.7051525545 -5.47236007368 -143.714470102 0.00159829871913
254 28.4323092252 -5.11735427306 -144.568062261 0.00446793583309
255 28.4176061499 -5.18990851622 -145.528932818 0.0054089572066
256 28.0922234352 -5.18162711895 -146.43556246 0.00474395720716
257 27.416705065 -5.15943869139 -147.121152121 0.00361442265829
258 26.6867246642 -5.24553233573 -147.742418597 0.0043203204115
259 25.9399537975 -5.638158355 -148.204612154 0.00296895254836
260 25.3089156342 -6.11319921114 -148.753492399 0.0061981890829
261 24.5163604509 -6.6147728752 -148.963775871 0.0028360243796
262 23.7008500131 -7.04041129478 -149.241893 0.00202781577659
263 22.9191569955 -7.59830783272 -149.212060795 0.001879438399
264 22.3670218376 -8.34004596229 -148.951355898 0.00872171649947
265 22.2042387472 -8.63764523284 -149.85003026 0.00304445934784
266 21.9065582729 -8.6995154785 -150.7609713 0.00216922970312
267 21.3146409673 -8.59023123494 -151.508808825 0.00695265297041
268 20.5494832126 -8.71002604867 -152.074819604 0.0296927428306
269 19.8416340032 -9.08453849805 -152.598243439 0.00232038750358
270 19.9182966435 -9.30603671319 -153.526026494 0.00298351429376
271 19.8389525575 -9.47480016843 -154.464354449 0.00498888163224
272 19.7756269651 -9.55214035441 -155.415359765 0.00422582601575
273 19.8897005939 -9.40980902222 -156.353629667 0.004031065271
274 19.8011790029 -9.0025837211 -157.21329432 0.00116003308896
275 19.650965756 -8.5329961349 -158.031403522 0.00307248611155
276 19.4297019441 -8.40586159905 -158.951707803 0.00963045373073
277 19.2813653925 -8.26454384739 -159.883558479 0.00365406428236
278 19.0969965429 -7.95715082069 -160.767305876 0.00665004225656
279 19.0880913666 -8.00649811257 -161.719082057 0.0051617163948
280 19.4005495628 -7.89908802481 -162.612411032 0.00769151509093
281 20.0851487261 -7.30627575191 -162.902959673 0.00465150822171
282 20.7469329865 -6.88803871613 -163.442398021 0.0156792923562
283 21.2250349941 -6.30453039162 -164.018139195 0.00862811274111
284 21.3788626076 -5.70356382255 -164.735123431 0.0132776768101
285 21.4439650461 -5.2813957681 -165.579895174 0.00304474527943
286 21.2525898342 -4.92504030993 -166.435338456 0.00425097704704
287 21.1429481588 -4.22186204606 -167.057651747 0.00337926919756
288 20.8800896087 -3.73642421227 -167.824799067 0.00586232292696
289 20.559806864 -3.2741861444 -168.583416152 0.00314096988873
290 19.8952933585 -3.17420675698 -169.24607343 0.00516937035324
291 19.1191841021 -3.51051837201 -169.662482008 0.00209621576724
292 18.4973516791 -3.96636941688 -170.204723726 0.00357390048235
293 17.7903055565 -4.24447100084 -170.682599369 0.00411562466725
294 17.2542667254 -4.17359688575 -171.375774932 0.00504728393427
295 16.8624850631 -4.7398095911 -171.917732664 0.0026036779099
296 16.6833685962 -5.58821512079 -172.030338107 0.00752299948549
297 16.6252444037 -6.4235587356 -171.792716656 0.0116239578353
298 16.4740139125 -7.05687602307 -171.224407054 0.00348794709448
299 16.1374756665 -7.66648319233 -170.716281077 0.00401877794206
300 15.6641883205 -8.37517644251 -170.82431555 0.00673266338524
301 15.3919086757 -9.18424748466 -170.86488395 0.00435583729368
302 15.8253780608 -9.65796855763 -171.425350689 0.00582936560356
303 16.252909431 -9.50208326985 -172.14164607 0.00541249713741
304 16.641061118 -9.52492588437 -172.891598275 0.00486929654266
305 17.0046899543 -9.74651059136 -173.616771004 0.0132595669424
306 17.5741738516 -9.6122747617 -174.204929176 0.00649194555295
307 17.6581880043 -9.50937953044 -175.018692389 0.00439931222304
308 18.029823587 -8.92195355521 -175.452357506 0.0125218227472
309 18.831920787 -8.983444349 -175.504977944 0.00399022330823
310 19.3425459455 -9.15461414327 -176.100199918 0.00704022570673
311 19.7450849641 -8.6270918508 -176.531204931 0.00448247952064
312 19.7631934167 -7.88963693898 -176.800717251 0.00986508882194
313 20.4894765306 -7.91613535558 -177.06144912 0.0191584556536
314 21.0981511693 -8.07573452053 -177.456215948 0.00378924075729
315 20.4150571686 -8.34812213898 -177.428916436 0.0116835528207
316 20.9155273197 -8.83051311486 -177.263895861 0.007278014892
317 21.3117138931 -9.1956047932 -176.816836823 0.0116737841943
318 21.5674059784 -9.79935488487 -176.66564445 0.00929119147347
319 21.8414151173 -10.3248118174 -176.930409239 0.010251078613
320 22.3110416891 -10.7280798636 -176.943438365 0.00883730232259
321 22.6223098468 -11.0874630623 -176.592619774 0.0108402064485
322 22.9241541972 -10.9431286872 -176.154262352 0.0202809535009
323 22.8629534114 -11.2114855705 -175.783698552 0.0138029692698
324 22.9825502221 -11.433373603 -176.078081448 0.00837190441688
325 23.2283385747 -11.219854353 -176.1444422 0.00602500582784
326 23.1053539867 -10.980068828 -176.262771885 0.00795205282789
327 22.926311538 -11.085206919 -176.127913452 0.012984757187
328 22.9406346274 -10.9958595881 -175.974185313 0.00959978439064
329 22.8660913031 -11.1008352089 -175.946233638 0.0103605453008
330 22.9021898383 -11.1660500654 -175.899430709 0.00597749635655
331 22.9428314132 -11.1795836107 -175.849862471 0.0102377958682
332 22.9174202219 -11.1689513956 -175.86668951 0.00803042137274
333 22.9200833997 -11.1714124724 -175.879163068 0.0088369077233
334 22.920497541 -11.1713876899 -175.879817715 0.00127077340702
