0 0.959983319918 0.254725846063 -0.0211510410708 0.00356971621929
1 1.88646547425 0.599546036035 -0.119140901624 0.00627207458668
2 2.80069769802 0.980746226411 -0.194529335326 0.0120354299127
3 3.6677743635 1.4081918112 -0.422985174669 0.00868050637328
4 4.46643006479 1.93917238064 -0.681557968417 0.0045423256829
5 4.94586810487 2.5545936221 -1.29643725284 0.00382846869847
6 5.41577525582 3.22568944912 -1.85808723859 0.00446426404759
7 5.69968699312 3.8327697538 -2.59122506985 0.0152714043241
8 5.99687867279 4.55022504959 -3.21042441501 0.00334292968542
9 6.05311528571 5.28886362731 -3.87201763676 0.0088111256024
10 6.02134738566 6.04008651075 -4.52088324083 0.0120462811937
11 5.78570399941 6.81684867227 -5.09303055092 0.00417066339717
12 5.62139882717 7.6016397075 -5.67895870694 0.00456680693099
13 5.52045843877 7.98837437501 -5.93076803604 0.000573133457133
14 5.35270815921 8.69657969639 -6.60444995544 0.0115298272044
15 5.07282361562 9.37724107507 -7.26910146243 0.00410445242146
16 4.73351015413 10.0998810787 -7.85729922045 0.00394283089804
17 4.2641740417 10.8065825955 -8.37066330452 0.00333174577219
18 3.77902874063 11.4421378365 -8.95711928524 0.00496074695365
19 3.23838235311 11.9765101942 -9.59377430244 0.0046059557611
20 2.75566235346 12.5742197945 -10.220547457 0.00333595071522
21 2.23578531763 13.1725527524 -10.8161916812 0.00549819232169
22 1.72573922429 13.7269721611 -11.4607734246 0.00534255346657
23 1.16713869223 14.1805133982 -12.1428473652 0.00775461172022
24 0.628613989331 14.7634495785 -12.7369872904 0.00366228310772
25 -0.0457037512975 14.9743810637 -13.432414804 0.00175692783025
26 -0.724882665207 15.2385732869 -14.1045026193 0.00315934488228
27 -1.60844673207 15.3662303112 -14.535411118 0.00895975854311
28 -2.4762606542 15.3637024895 -15.014420703 0.0209120673887
29 -3.38060707761 15.3959244531 -15.4186158868 0.00662267670271
30 -4.31026624629 15.4673055379 -15.7544527644 0.00471849880912
31 -5.26884051746 15.4629956236 -16.0058170367 0.00114990910905
32 -6.21153669519 15.5488532421 -16.29909246 0.00457025084901
33 -7.11406694554 15.8289327101 -16.5974037674 0.00290992377825
34 -8.06040034219 16.0757233436 -16.7570350199 0.0040237761967
35 -9.03683540831 16.198006945 -16.8732045019 0.0263085799588
36 -10.0080781576 16.0922767787 -17.0375447714 0.00280071354289
37 -10.9617159325 15.8957723095 -17.2203588177 0.00843108149178
38 -11.8034805488 15.3816160856 -17.3120278282 0.00533740814888
39 -12.5922270208 14.7879063207 -17.3934837857 0.00249963966887
40 -13.2960845111 14.0915474362 -17.3638695483 0.00273895314823
41 -13.8463976393 13.2679772672 -17.3565034383 0.0053109279519
42 -14.381539723 12.4594807865 -17.1538808922 0.00499271825436
43 -14.9723954007 11.6901352624 -16.9538301107 0.00279267696873
44 -15.4128228905 10.8212545238 -16.7748107294 0.00406099214403
45 -15.8898005302 9.96780214371 -16.616618346 0.00495792250378
46 -16.4481395796 9.16533026624 -16.4580832768 0.00569628292923
47 -16.9770813924 8.36942185257 -16.1982512934 0.00457459931212
48 -17.5278294107 7.60631696328 -15.889953741 0.00346902536276
49 -18.3083136702 7.01279895166 -15.7513857117 0.00372395422633
50 -19.0627224895 6.38573795747 -15.6163927483 0.00705422003744
51 -19.6920240843 5.64103672979 -15.4436140254 0.00625147900262
52 -20.0988152136 4.7839069212 -15.1603846148 0.00332998978336
53 -20.4205679479 3.96145151377 -14.7127260003 0.00709281836094
54 -20.6377204483 3.16214812307 -14.1702948801 0.00392142548057
55 -20.9891281605 2.61492378652 -13.4237322168 0.00537368650574
56 -21.1329795048 1.9969424356 -12.6637172664 0.00732435902387
57 -21.3851755303 1.31341143032 -11.9934672251 0.00701131123849
58 -21.7816819809 0.764312733028 -11.27150189 0.00422997835796
59 -21.9259138249 0.351030779745 -10.3835957878 0.00387777499114
60 -22.1266400589 -0.0626056419242 -9.50694071537 0.00294817188125
61 -22.3491547405 -0.395210043808 -8.60154582298 0.00320303969652
62 -22.4271348235 -0.570521115304 -7.63043699551 0.00481527442328
63 -22.5135586659 -0.685360974406 -6.65108311824 0.00538323880808
64 -22.4988156732 -0.776606205902 -5.66560825659 0.00558068834454
65 -22.5009488339 -0.819841071531 -4.6768026836 0.00498532144459
66 -22.4773081819 -1.01896477671 -3.70762709067 0.00413119675083
67 -22.4526270233 -1.11389713014 -2.72282858183 0.00354986314823
68 -22.5058508642 -1.15328243918 -1.73540506102 0.00450190987672
69 -22.5794466081 -1.18216850495 -0.748967727662 0.00638686868057
70 -22.612473064 -1.20087464536 0.23984836584 0.00638458719502
71 -22.758351457 -1.2761357083 1.21561978875 0.00390338653882
72 -22.8949510709 -1.42162752811 2.18472882367 0.00594976846717
73 -23.2225558218 -1.70063709143 3.07560896341 0.00480126799361
74 -23.7668012138 -1.94030669898 3.86620637965 0.00636192115543
75 -24.5099920618 -1.93374225583 4.51898655936 0.00310085019243
76 -25.2396367392 -1.7776006203 5.16835281542 0.00141148423081
77 -26.0167858192 -1.63026438512 5.76225298567 0.00274522419786
78 -26.8061837589 -1.33759199714 6.28138421089 0.00407299387505
79 -27.5972171871 -1.17571444502 6.85261909029 0.00700893300441
80 -28.051401784 -0.872487181187 7.67725007147 0.00690852389976
81 -28.4967742409 -0.609667889771 8.52027764934 0.00252395279937
82 -28.9789337695 -0.324558771001 9.33532055194 0.00695262482691
83 -29.4299495364 0.0572043790656 10.12826019 0.00342685154868
84 -29.8929190411 0.352414751197 10.9506791218 0.00337460706831
85 -30.2412965465 0.736002755153 11.7928801657 0.00485379509781
86 -30.718749488 0.999312143218 12.6177493878 0.0063284991274
87 -31.2602641087 1.23803278662 13.4097912491 0.00257713925886
88 -31.7032174479 1.32791978722 14.289151051 0.00435621785345
89 -32.1675752439 1.37419436091 15.1607580312 0.0063962399104
90 -32.6233140298 1.24425977915 16.0283726987 0.0164994154792
91 -33.0731994778 1.21166511363 16.9078870617 0.00533670381092
92 -33.5611691009 1.06502655067 17.7547953128 0.00277848929452
93 -34.1205111972 1.10187535408 18.5687787215 0.0036915959601
94 -34.7830294126 1.0866664918 19.3019227915 0.00419134538483
95 -35.4530521523 1.1996935205 20.0194587184 0.00698123988206
96 -36.1345551083 1.17886257762 20.7346731497 0.00477697748605
97 -36.5868808452 0.909985261401 21.571029266 0.00388849690446
98 -37.0382871911 0.865119488647 22.4488385145 0.00283514743787
99 -37.402030292 0.982931702587 23.3599386986 0.00493819862723
100 -37.7677572942 1.14010378285 24.2642171666 0.00606647973618
101 -37.7463734144 1.53964507012 25.16751856 0.00516150176408
102 -37.8476371463 1.490568052 26.1490110443 0.0031149944749
103 -38.0462523068 1.42328676229 27.1143776855 0.00615224456487
104 -38.1990800973 1.32242069034 28.0850696136 0.00102786475429
105 -38.5568314733 1.3692688481 29.0045956807 0.00736227515181
106 -39.0824991736 1.35269300714 29.8405843852 0.00434492453232
107 -39.6462016213 1.26300031357 30.6465320875 0.00578525507474
108 -40.2739818403 1.19263190162 31.4055649214 0.00327201378123
109 -40.9901228534 1.14735751828 32.0839129094 0.00312614917701
110 -41.6415832047 1.15375620473 32.825928607 0.00313317351984
111 -42.3298290152 1.2932823097 33.5200286071 0.00449671778043
112 -42.9568090317 1.258005623 34.2819418371 0.0146827268192
113 -43.6544594792 1.17663659538 34.9755726746 0.00377928784179
114 -44.1651679477 1.15468038794 35.8200639532 0.01221791888
115 -44.715072575 0.996030168184 36.6241615169 0.00513469288065
116 -45.2230053984 0.84993874874 37.4576433363 0.00159013480091
117 -45.8110204593 1.01487697572 38.2328733312 0.00383027675472
118 -46.2990092809 1.11098332266 39.0852452818 0.00529859567248
119 -46.7527202576 1.04031448834 39.9587102133 0.0047311251704
120 -47.3593651152 0.834695143048 40.7092288535 0.00302536719044
121 -47.911738464 0.510728257913 41.459846034 0.0110375514538
122 -47.4395590453 0.347276507058 42.3104997172 0.00363891596912
123 -46.9533743274 0.387882799122 43.1679179935 0.00149562328193
124 -46.6784736258 0.606716932391 44.0897344227 0.00194076067693
125 -46.5920043979 0.706521675995 45.0673664424 0.00378117670031
126 -46.6816016459 0.683796733898 46.0494873262 0.00576243809695
127 -46.6247305244 0.770928034907 47.0303661536 0.00345490453433
128 -46.5419858462 0.822369886209 48.0118770001 0.00321322689207
129 -46.5529180673 0.817790699351 48.9980985452 0.00641300767896
130 -46.4615199492 0.672436025738 49.9692328076 0.00257564050291
131 -46.518109639 0.506894248873 50.9397507634 0.0154731340823
132 -46.408181954 0.351903559897 51.9072053738 0.00415402026378
133 -46.3074450442 0.310551682416 52.8870574851 0.00283606313507
134 -46.1541220849 0.53844395713 53.8338482003 0.00461729387497
135 -46.0598960856 0.787429299595 54.782980523 0.00112320620678
136 -45.92874212 1.15316893744 55.6888973712 0.00232345335359
137 -45.6898995039 1.60488337506 56.5317722882 0.00332101176751
138 -45.4902990082 2.20001899771 57.2916008928 0.00914765230754
139 -45.1299130403 2.78897753141 57.9946676072 0.00415601634848
140 -44.7975742095 3.43887011384 58.6565514723 0.00257192393584
141 -44.6632100378 4.16959811386 59.3036951954 0.00471007802031
142 -44.7523439484 4.99322281498 59.8368910444 0.00282637998808
143 -44.8754459296 5.86224862926 60.2842282733 0.00202212080901
144 -44.3542546651 6.56102895813 60.7430083137 0.00671284840804
145 -43.9841074209 7.29130333868 61.2906770174 0.00616120731199
146 -44.1251958774 7.94705491729 62.0119642984 0.00683084543111
147 -44.2839935088 8.60433944829 62.7280033172 0.00430321326506
148 -44.4362708085 9.28054817405 63.4275426579 0.00267167797439
149 -44.7282812904 9.95056071317 64.0874675218 0.0062676092329
150 -45.3458834245 10.3572431302 64.7375866581 0.000877567329653
151 -46.0410602667 10.6261572612 65.3809053558 0.0058841815529
152 -46.9041732253 10.8458245751 65.8003179427 0.00412528667453
153 -47.8025340778 10.9975482985 66.1730047114 0.00252990699917
154 -48.7523047224 10.780179827 66.3126673392 0.00426577307299
155 -49.6367792808 10.3556974391 66.3913278816 0.00500302002322
156 -50.4210525751 9.7626374597 66.4324476413 0.00213300952205
157 -51.2255170781 9.20235862943 66.518181023 0.00324305796625
158 -52.0382548214 8.65920838854 66.6311520213 0.0048209386272
159 -52.7008212498 7.93266129029 66.5953854398 0.00153588373694
160 -53.4118018257 7.25344042675 66.5599397061 0.00607981572321
161 -54.2378727861 6.72338333198 66.4926650097 0.00372035529198
162 -54.9768386754 6.07406118794 66.485187902 0.00562051113349
163 -55.7507035757 5.49685729283 66.6736930267 0.00391610345432
164 -56.4490986859 4.81624038496 66.8018295813 0.00432831776174
165 -57.0095989731 4.02159033124 66.9489050025 0.00815971274271
166 -57.5916538736 3.23237418389 67.021724547 0.0032280918758
167 -57.9982463885 2.3701063927 67.2626402409 0.00547178691847
168 -58.3416814528 1.4928976228 67.5441172271 0.00535369728289
169 -58.7016134469 0.629666486972 67.8470351722 0.00503099129276
170 -59.0815792817 -0.143097534951 68.3211942583 0.00651758555956
171 -59.44043374 -0.836355295405 68.9185305307 0.00606217884055
172 -59.9112866423 -1.47493050793 69.4985881685 0.00339740997446
173 -60.3296988582 -2.21912808172 69.9852682328 0.00116721741186
174 -60.7558597369 -2.88865000893 70.5648342187 0.00303843046912
175 -61.0285652819 -3.53350016796 71.2544235411 0.00552053291682
176 -61.9894154001 -3.73673829856 71.2807313465 0.00289572941479
177 -62.9575797336 -3.82767948208 71.1410403977 0.00269254279425
178 -63.8461326205 -4.1954889468 70.9404910405 0.00364645316963
179 -64.6890243717 -4.5084569185 70.5448428772 0.00297910846659
180 -65.4838647655 -4.894595894 70.1159210975 0.00555367397312
181 -66.0998657034 -5.53401836349 69.696042641 0.00516972643259
182 -66.6889938054 -6.10108985373 69.5537414098 0.00676280710659
183 -67.3476045828 -6.76753133487 69.2685357316 0.00459996817361
184 -67.8596004311 -7.58576837359 69.1032298207 0.00258263424539
185 -68.4251092826 -8.27197744012 68.6930353579 0.00109371100128
186 -68.9920445824 -9.02341992153 68.4233394324 0.00309075334868
187 -69.8438830399 -9.50609311651 68.4228630944 0.00466658947003
188 -70.7795115251 -9.65772625601 68.6678200786 0.00521673900577
189 -71.5871594612 -9.96979525531 69.1244843399 0.00512254078381
190 -72.1805829658 -10.6231234847 69.5474929744 0.00570127859234
191 -72.611897973 -11.2570973044 70.1556029374 0.00453627281187
192 -72.8776055387 -11.8362424173 70.8983191369 0.00439610448731
193 -73.232544082 -12.2224602921 71.7243603578 0.00374182716521
194 -73.6775921185 -12.7861873184 72.3886229224 0.00330496154561
195 -73.9128463144 -13.4437616688 73.073594516 0.00196166607554
196 -74.1990167151 -14.2119164081 73.6071949083 0.00370603871856
197 -74.2955488694 -15.017782782 74.1528529136 0.00546177609575
198 -74.0558729321 -15.8219038528 74.6549239376 0.0066557803859
199 -73.708311318 -16.6089086311 75.1191824288 0.00579113154479
200 -73.3048467798 -17.2557932085 75.7309387865 0.00591471282176
201 -72.7820260919 -17.7739670144 76.373836943 0.00467397543667
202 -72.4079337306 -18.2694437909 77.1285284914 0.00358155539852
203 -72.3330915898 -18.5337306806 78.0663864485 0.0029982715835
204 -72.1310011535 -18.7631219765 78.9944851523 0.00490489781102
205 -72.1819850245 -18.9672964851 79.9485694232 0.00498601089553
206 -72.2172166131 -19.0716910171 80.9192071513 0.00310327269063
207 -72.1234133509 -19.2326778495 81.8780331041 0.00540905781383
208 -71.9901476916 -19.4851498372 82.8119380209 0.00415954863134
209 -72.0162693185 -19.9521301532 83.6689952327 0.00348882319217
210 -72.142293474 -20.2412608814 84.5929495649 0.00238027594093
211 -72.0662201074 -20.5982405177 85.4983583042 0.00385475776831
212 -71.9117700714 -20.8615099566 86.4255042693 0.00474749613898
213 -71.65146937 -20.9890334886 87.274471721 0.00711769870801
214 -71.3574677525 -21.0587692317 88.1966122788 0.00388272741364
215 -71.1538170935 -21.2763095454 89.1199125434 0.00590130825347
216 -71.3856692527 -21.4253635396 90.0498369847 0.00419293453571
217 -72.0951466987 -21.4322541288 90.7105024903 0.00356121263514
218 -72.7829482157 -21.3387820271 91.3870744021 0.00488136917449
219 -73.4598996833 -21.6818831157 91.9895630227 0.00670597962183
220 -74.0702679844 -22.2989544383 92.4194264337 0.00379671226238
221 -74.947485748 -22.6266378721 92.6657998139 0.0264377999935
222 -75.6463085534 -23.2888626176 92.5774788803 0.0133216903086
223 -76.1923834946 -24.0835532086 92.63621538 0.00449968606298
224 -76.2168574516 -25.0444156195 92.5423611799 0.00350291408178
225 -76.5172688167 -25.809609889 92.0356379585 0.00548135343112
226 -76.6005788817 -26.67631802 91.6189034756 0.00701430950553
227 -76.4687783251 -27.6140051103 91.4341041423 0.0026462068737
228 -76.3407048017 -28.567855692 91.3694127566 0.00413722636229
229 -76.0737197391 -29.4535079515 91.096782311 0.00531288021297
230 -75.5534102541 -30.1870848248 90.7496245825 0.00317336970289
231 -74.9953386717 -30.8720095515 90.3643461005 0.0050540706138
232 -74.0981196832 -30.9569034417 90.023602261 0.00247115785584
233 -73.1864199128 -30.8986883244 90.3291838874 0.00258502691938
234 -72.5539881009 -30.27791699 90.7064889517 0.002178513783
235 -71.783566865 -29.7768464479 90.9940726064 0.0012562486002
236 -71.099720007 -29.6449024981 91.6593135538 0.00260969922986
237 -70.5208127532 -29.556540544 92.4238319817 0.00934906908332
238 -69.7329745099 -29.3802064843 92.9472758778 0.0047799143463
239 -68.9799650954 -28.8784458457 93.2730265773 0.00270899486046
240 -68.1577124441 -28.4627321107 93.5479139841 0.00475754972548
241 -67.3978301504 -27.9114326392 93.7538466934 0.00407789797252
242 -66.8536927848 -27.1295673326 93.8792990808 0.00325968806964
243 -66.5955181059 -26.2059295795 93.9329950066 0.00505209577181
244 -66.4917342649 -25.3561939945 94.368103159 0.00331344013563
245 -66.7941393526 -24.6466135686 94.9398316437 0.00279886691583
246 -66.9422531435 -23.9985775843 95.6324493304 0.00484698281136
247 -66.9303926951 -23.4344464542 96.4087545738 0.00476719915843
248 -67.1520982448 -22.7446439348 97.037275302 0.00547192827558
249 -67.2825270755 -22.1821100183 97.8027572205 0.00346288272604
250 -67.3217105518 -21.7545421806 98.6599165206 0.00202200963982
251 -67.4141289795 -21.1717634099 99.4151314161 0.00628953167048
252 -67.7286455381 -20.606402238 100.12142104 0.00858236079999
253 -68.0066048447 -20.2159965131 100.950006456 0.00400677160495
254 -68.6052953808 -19.9027413861 101.627256463 0.00754374503605
255 -68.9946899718 -19.280999741 102.240122611 0.00405046104228
256 -68.6236213223 -20.0611400285 101.832124803 0.00387356289361
257 -68.1084425492 -20.717183929 101.366996242 0.00355624882384
258 -67.4408257745 -21.284755942 100.988128505 0.00870083969395
259 -66.60602443 -21.6949859725 100.777327998 0.00380309309568
260 -65.7719017068 -21.9651046631 100.402744956 0.00344881919079
261 -64.9299428358 -22.0660306212 99.9675840262 0.00411180013473
262 -64.3021504753 -21.350283358 99.9369879465 0.00671021612094
263 -63.7327697468 -20.5876451918 99.9228442187 0.00285781908582
264 -63.8840588925 -19.6587779042 99.7822090643 0.00527546847611
265 -63.7620844343 -18.9575094869 99.1510876548 0.00352364031529
266 -63.5125939941 -18.4567658542 98.3819634505 0.00310246728188
267 -63.1263972486 -17.9763013997 97.6582318435 0.00508074348434
268 -62.7666329019 -17.8741208909 96.7846126039 0.00344874327667
269 -62.4472130355 -17.5648356795 95.9452350221 0.00596893467571
270 -61.9452994794 -17.285882197 95.1896058062 0.00460156648931
271 -61.7872748427 -16.8993439136 94.337816695 0.00436223853633
272 -61.4555142281 -16.2546944443 93.7273206577 0.00810316416907
273 -60.7082123301 -15.6874025078 93.6026060729 0.00790951185683
274 -59.9399409071 -15.2330196875 93.2906047039 0.00667091546054
275 -59.5222992474 -14.6040102297 92.7225399747 0.00342812147043
276 -58.974780894 -13.8858800667 92.4468913751 0.00484241858685
277 -58.3781572158 -13.1677415851 92.3111383464 0.00676755619422
278 -57.7056213271 -12.511180233 92.2410462897 0.00319089768551
279 -56.8678196215 -12.1362346947 92.0289080126 0.00298592932181
280 -56.0887461761 -11.7545032842 91.6626180399 0.00309022409007
281 -55.4866612477 -11.0672683176 91.4367080569 0.00919924934097
282 -54.9223380522 -10.4409577736 91.0211142416 0.00489249964508
283 -54.3310970416 -9.92594400827 90.5040192963 0.00129184409962
284 -53.9719620638 -9.07473178487 90.3372387273 0.00871612886356
285 -54.0639954679 -8.1671593271 90.1213840176 0.00313631572242
286 -53.810607705 -7.3982245904 89.649522255 0.00329014597234
287 -53.8283227566 -6.96700543432 88.8178126281 0.0158629141197
288 -54.2009048185 -6.3027937729 88.2774051303 0.00392493170589
289 -54.6696668593 -5.80847393659 87.6395651372 0.00835166170811
290 -55.5179815463 -5.67549911734 87.2788586542 0.00619174566253
291 -56.2734033594 -5.33016434434 86.8600997661 0.00320756679038
292 -57.0878755171 -4.90748256815 86.7126634571 0.00292169537163
293 -57.9972075211 -4.87404640594 86.5264178627 0.00814139174447
294 -58.8590402324 -4.67575278471 86.2479138744 0.0079675917104
295 -59.7371366469 -4.5564999085 85.9811550774 0.00700934758038
296 -60.6535665971 -4.65983303294 86.0345447516 0.00476216127628
297 -61.495870728 -4.9386034139 86.2880964864 0.00301442000613
298 -62.287256435 -5.24819630878 86.6461103429 0.00281444446965
299 -62.7820332702 -5.58605110833 87.3467957301 0.00353957315042
300 -63.1460443606 -6.05829052092 88.0488085863 0.00427248315217
301 -63.3790961909 -6.69543165931 88.6700014772 0.00677814498049
302 -63.3293498611 -7.47881627179 89.1458415777 0.0106037050906
303 -63.095994195 -8.36111197867 89.0830034466 0.00301145009373
304 -62.6054181085 -9.08399628228 88.8141921918 0.00499816635791
305 -62.2183659405 -9.89520618687 88.6563816203 0.00203297206651
306 -61.6901109084 -10.451166026 88.1623109634 0.0107788759968
307 -61.0790598231 -11.0606649436 87.8775575306 0.010896837584
308 -60.2586206144 -11.4178564244 88.0146454195 0.00532049605611
309 -59.8954425988 -11.5665532263 88.82951402 0.00508066016809
310 -59.1106818831 -11.1499358014 88.9835885535 0.00363018606039
311 -58.2975533646 -10.7708279163 89.060451931 0.00513844988245
312 -57.4991112081 -10.5723925974 89.4222994337 0.00579916256719
313 -56.6072071177 -10.6299921914 89.4914505455 0.00341165290786
314 -55.7826383757 -10.9701865981 89.5663403617 0.00414448458448
315 -54.9552885568 -10.6815692338 89.3913725449 0.00395324121896
316 -54.745493672 -9.88712586846 89.0439632601 0.00241070431727
317 -55.0040862076 -9.11782736094 88.6759403301 0.00710465509807
318 -55.091543965 -8.4943832586 88.0488578014 0.00847650084578
319 -55.3958859743 -8.08844439931 87.323663843 0.00526486305173
320 -56.0829525925 -7.93641711417 86.7915951666 0.0116257229136
321 -56.6598749515 -8.58545795863 86.9068614687 0.00425718250676
322 -56.8216652085 -9.04233897543 87.6350384683 0.00666022285114
323 -57.161815416 -9.32442184728 88.3858698262 0.00733052243935
324 -57.2597803461 -9.52019652408 89.2251371659 0.00185869558462
325 -56.9405848889 -9.46533893733 90.0284591787 0.00547083264769
326 -56.5540842821 -9.98955758138 90.5934998193 0.00479288259642
327 -55.8522143521 -10.4441641679 90.3984034839 0.00621971273952
328 -55.0102437211 -10.5856811278 90.3618869817 0.00351919374298
329 -54.2290048769 -10.421591154 90.0631268644 0.00852389085805
330 -54.5793549431 -10.6329202884 90.8050838232 0.00166714338851
331 -54.872742821 -9.98910812334 91.2677427284 0.0036212978561
332 -55.1201943215 -9.26658687051 91.6233234256 0.00211656488473
333 -55.1010953952 -8.977549499 92.4138108476 0.00438592787356
334 -55.217854764 -9.78596200972 92.230420369 0.00890381442641
335 -55.0815897123 -10.4184763001 91.7101974289 0.00610895214595
336 -55.2120560092 -11.0844774819 91.2416699502 0.00403598209677
337 -55.8808143029 -11.169696451 90.773230801 0.00916304975898
338 -56.5919931833 -11.2661198383 90.3939287664 0.00912121977506
339 -56.8526364163 -10.9647622142 89.6968778543 0.0175898894294
340 -56.9015404093 -10.8403319285 88.929857121 0.00603041447109
341 -57.2252650942 -10.2881278006 88.5035452803 0.00681358938216
342 -56.9235511635 -10.9653621991 88.3433934065 0.00764930080483
343 -56.2642776397 -11.2110316644 88.3519368072 0.00793199060398
344 -56.0079232287 -11.3534503957 88.7060580483 0.0170512331955
345 -56.2233053933 -11.3055591976 88.9949841795 0.0102102760364
346 -56.4064698119 -11.1584878765 89.1782847164 0.0128185756955
347 -56.569639469 -11.294674574 89.2489301521 0.0129962882076
348 -56.578329356 -11.2273805839 89.1073449593 0.013818210801
349 -56.5433046595 -11.2246628775 89.1958203567 0.00953553146164
350 -56.5246811036 -11.1760469235 89.2243402604 0.00980848220993
351 -56.5533392855 -11.1774751818 89.2207106979 0.00814002915258
352 -56.5436743322 -11.1806815245 89.2229780153 0.00871168220515
