0 -0.539706098975 -0.798271839916 -0.24164562835 0.00365087968654
1 -0.913711817957 -1.69045505311 -0.467498100754 0.00477104770786
2 -1.25562550889 -2.5559289564 -0.815211975901 0.00533477971433
3 -1.48073446048 -3.41466176407 -1.26100362562 0.00315215655638
4 -1.68295414308 -4.28377363601 -1.69752288714 0.00317636325973
5 -1.86611224177 -5.17723692092 -2.09114511982 0.00410238298728
6 -1.94304082445 -6.06689369185 -2.52626212858 0.00369304559255
7 -1.96357206671 -6.93550015545 -3.00773126045 0.00876175968654
8 -1.93293313778 -7.85615393296 -3.37931089684 0.00454591786265
9 -1.81963632264 -8.81908777548 -3.59489175512 0.0082629801437
10 -1.64666652306 -9.76347003277 -3.84926736474 0.00556925338302
11 -1.44521667128 -10.6951147844 -4.12835944175 0.00361422586723
12 -1.19041377413 -11.6336290996 -4.3300069674 0.00446282556631
13 -0.922229271276 -12.5448066132 -4.62017495991 0.00386206899104
14 -0.569887163021 -13.4437062789 -4.85289223962 0.00442529734961
15 -0.138055772423 -14.2930638787 -5.13289466098 0.00357374693481
16 0.363658362993 -15.1002355903 -5.42101458756 0.0114532045094
17 0.925454400477 -15.8891406153 -5.64046057773 0.00591943567946
18 1.51887814766 -16.6486740053 -5.87930487444 0.0113720502769
19 2.14833097739 -17.3779770726 -6.11990544949 0.00602836319194
20 2.88357997137 -18.0154534292 -6.3172720008 0.00171301004683
21 3.72294464956 -18.5193091644 -6.48309731901 0.00313682438335
22 4.52339195803 -19.0524171947 -6.72999712817 0.00540199038849
23 5.4032511191 -19.4990891938 -6.84021556987 0.00756226362765
24 6.35587058052 -19.7788254873 -6.8421602964 0.0049754385999
25 7.30507152116 -20.0642053253 -6.78499202727 0.00161604091313
26 7.31388103921 -20.0672967848 -6.78334384301 0.000160316209196
27 8.29320476973 -20.0810232947 -6.8897693336 0.00404103096292
28 9.24290797144 -20.070297524 -7.15138666064 0.00205452737797
29 10.1721221605 -19.9877104688 -7.46791169505 0.00350758815972
30 11.0946747432 -19.74040753 -7.70885914397 0.00176299460538
31 11.9628346421 -19.4071092198 -8.03366341222 0.00430271532841
32 12.7248234974 -18.8849387361 -8.37552547515 0.00499702016428
33 13.4537292738 -18.2402708932 -8.52735652459 0.00427710083501
34 14.1946583258 -17.5998884597 -8.6310154058 0.00593259768791
35 14.7601266454 -16.798406664 -8.71756826962 0.014552365388
36 15.1694185506 -15.9054141374 -8.78227604716 0.00492101143528
37 15.2763570177 -14.9269184529 -8.77291552225 0.00242709915289
38 15.2614088586 -13.946533082 -8.68618990538 0.00603681463508
39 15.1252297486 -12.99030221 -8.49700642415 0.00343932171948
40 14.9499371827 -12.0925776421 -8.13367274221 0.0063110171774
41 14.7384027817 -11.2051628933 -7.76464212919 0.00279834531774
42 14.4920928517 -10.4340822112 -7.20499760091 0.00367380514446
43 14.0091672884 -9.72484654295 -6.72330007353 0.00264525687752
44 13.5138337501 -9.01425900068 -6.25652893114 0.0063326117357
45 12.8837578241 -8.34591487074 -5.90409132272 0.00269107841366
46 12.2206331638 -7.70567264472 -5.5603632465 0.00396716478934
47 11.7192012873 -6.96533438882 -5.15030743861 0.00369171485524
48 11.0746471397 -6.61115691327 -4.49700664081 0.00446289207297
49 10.4736708647 -6.43130818288 -3.73931356928 0.00300673034005
50 9.79698320776 -6.15115342568 -3.08278113737 0.00652989540747
51 9.22661730837 -5.79898909883 -2.36312653823 0.0121869001747
52 8.78482518923 -5.45268744516 -1.55580883084 0.00491933113218
53 8.26191941763 -4.91382417437 -0.921195489985 0.0037566824333
54 7.7857629664 -4.46201678158 -0.189335833289 0.00338474466899
55 7.26516047701 -4.09130361574 0.557592916977 0.0012950176887
56 6.75808943229 -3.59276747921 1.23626211053 0.00502406457643
57 6.02355157611 -3.22374717003 1.77499720792 0.00292439852289
58 5.25902145937 -2.80845099697 2.23196357335 0.00652648022895
59 4.42846850831 -2.61131225133 2.71866069616 0.00310792892273
60 3.54568918617 -2.4440604905 3.11629529767 0.0129348645924
61 2.72305065829 -2.34397640205 3.64372994869 0.00145328412265
62 1.90418475045 -2.31541448949 4.18551526685 0.00315577365734
63 1.12313899235 -2.29425837964 4.78076030087 0.00301493694594
64 0.333001841599 -2.45759108984 5.34080824766 0.00193556170847
65 -0.233681894531 -3.1264417202 5.78353180315 0.00444269087494
66 -0.732028785339 -3.86706043413 6.1927109381 0.00514211406372
67 -1.11609718999 -4.59829379252 6.72368902491 0.0022488609332
68 -1.34673314056 -5.29325110868 7.37789542452 0.00200555331749
69 -1.35388183777 -5.37954281282 7.43192342293 0.000397631526647
70 -1.19637666042 -6.19687290212 7.95041016943 0.00177098768478
71 -0.86715601238 -6.95510548946 8.47793745715 0.0111237880043
72 -0.571819634453 -7.72221869864 9.01214437586 0.015967834191
73 -0.30829737837 -8.34727242557 9.71945936655 0.00415932470872
74 -0.00176557580973 -9.00075730879 10.3821639125 0.0032483112288
75 0.425797813067 -9.74782612873 10.8500776419 0.00421381981185
76 0.348698379307 -9.06946505728 11.5527339625 0.00505481900078
77 0.0445054629971 -8.54421361145 12.3216504954 0.00578576343814
78 -0.416564363791 -8.14843744794 13.0898513478 0.00366724291075
79 -1.06264762785 -7.8592518757 13.7666233192 0.00402735160491
80 -1.81852957487 -7.67348922152 14.3606943367 0.00306918133033
81 -2.74334264864 -7.44097749919 14.5821980337 0.00480264278524
82 -3.68093519212 -7.36632589157 14.8533292208 0.00582468965925
83 -4.62212899102 -7.25740894063 15.0985442817 0.00160469268269
84 -5.58581177588 -7.09273938388 15.1422283083 0.00135619612526
85 -6.5621921536 -7.04085906096 15.1019294552 0.00516396658737
86 -7.53838005034 -7.08994192502 15.1466184498 0.00706621306356
87 -8.46192218296 -7.41161310082 15.1700683922 0.00679396171419
88 -9.32094954991 -7.85171663444 15.0120638745 0.00666061254575
89 -10.2345013411 -8.20032661771 15.0207917979 0.00338469055989
90 -11.1557433958 -8.51736296443 15.1031986374 0.00293264440751
91 -11.9693510242 -9.0592028026 15.1194798352 0.00303198231279
92 -12.6952779444 -9.71384695044 15.1092392558 0.00650056530985
93 -13.245973799 -10.5195431981 15.055988224 0.0051781085907
94 -13.6370574704 -11.4142750001 15.0939710087 0.00738173799813
95 -13.9625205371 -12.3215182097 15.2536093857 0.00402279578671
96 -14.0819457603 -13.281542431 15.3890233079 0.00330872028762
97 -14.1569109124 -14.2541847011 15.3403038414 0.00228654383093
98 -14.1891070723 -15.2260045212 15.4320477365 0.0110808823216
99 -14.1782150623 -16.192133821 15.2918179184 0.00219089316296
100 -13.7793212753 -17.0829501257 15.2728087481 0.00121423932372
101 -13.3484024153 -17.9505583421 15.3933438005 0.00439475892837
102 -12.6604099222 -18.5978015324 15.6392221479 0.00372261372126
103 -11.9707333413 -19.2852061276 15.7043598548 0.0190221058529
104 -11.099237441 -19.722224875 15.6790918448 0.00228654237483
105 -10.193644954 -20.0706900307 15.7763122945 0.00712926780096
106 -9.25310061482 -20.2618313258 15.9475873402 0.00599796627299
107 -8.33536441107 -20.5606739478 16.0836397474 0.00617252872437
108 -7.52311041915 -20.9476862022 16.4580472632 0.00227626272073
109 -6.66040824441 -21.2301175622 16.812327973 0.00466758852989
110 -5.92292496977 -21.368932447 17.4338353526 0.0143753792491
111 -5.20246810509 -21.049517467 18.0058576436 0.0108384461587
112 -4.61902098036 -20.5329610237 18.5891474953 0.00387341957321
113 -3.85579153121 -20.340161873 19.1613898431 0.0060506110602
114 -3.03421243961 -20.2662777786 19.6772996734 0.00484119221726
115 -2.24148759456 -19.9356012411 20.1338190495 0.00387675063874
116 -1.49510661362 -19.5491552058 20.6231622548 0.0115038689214
117 -0.840665486592 -19.3811592705 21.3221938286 0.00250649978303
118 -0.252782141777 -18.9395214911 21.9579755941 0.00254130190501
119 0.262219470953 -18.5133293951 22.6635791572 0.00321586727096
120 0.247726169701 -17.5488645118 22.7801994386 0.00403559891141
121 0.299412351269 -16.5801707971 22.7291859074 0.00365939860789
122 0.363269133045 -15.6865249192 23.1043839691 0.000663250987597
123 0.376153730258 -14.813793277 23.530540013 0.00148122914529
124 0.912902967411 -15.3296031792 22.9065627806 0.0124032243458
125 1.70891892079 -15.6684431349 22.4663942206 0.00870833314345
126 1.38738603641 -16.1784154699 21.7059140525 0.00256657931806
127 1.49379698226 -16.8366074592 21.0009855717 0.00774738521416
128 1.75318893479 -17.6691506992 20.5767263332 0.00417007258251
129 2.12951426089 -18.5007399877 20.2499706694 0.00656230703535
130 2.3217336924 -19.2265381274 19.6369158352 0.00256201087262
131 2.92621395542 -19.7941078589 19.3324823948 0.00399210761375
132 3.79546144346 -20.0152004359 18.9715811056 0.00356609103012
133 4.54869996429 -19.9978272241 18.3658428584 0.00236184359824
134 5.19342550379 -20.222716606 17.6815979567 0.00564518013383
135 5.33193334684 -20.3016854313 16.7282480086 0.00227703940059
136 5.59754835917 -20.5027565003 15.8210774063 0.000976749962862
137 5.35426929491 -21.1095084978 15.1096467565 0.0068148814949
138 5.24412280541 -21.8976199397 14.5626714989 0.00685692019377
139 5.12805078573 -22.6422958373 13.9596152635 0.00478209248854
140 4.88866618887 -23.413854495 13.4319745472 0.00547887139559
141 4.58640231633 -24.146481346 13.3901886946 0.00824060169847
142 4.93701940453 -24.8832562266 12.8829986901 0.00228832532136
143 5.50660009402 -25.5799670678 13.21864531 0.00354191765365
144 6.22060462416 -26.1497593616 13.5143857132 0.00738761473413
145 6.85338197108 -26.6934412806 13.9887254282 0.00507438486815
146 7.5321161089 -27.1870486067 14.4533488713 0.00367138471305
147 8.36209341036 -27.5448758781 14.7736223768 0.00278964501297
148 9.20668893971 -27.9101512465 14.5048682689 0.00414712566952
149 10.0722303453 -28.2460760336 14.2675806991 0.00630267558098
150 10.8376832221 -28.3338201312 13.6983331824 0.00677656698666
151 11.5585098686 -28.1248910128 13.1039098129 0.00219880416539
152 11.7640492723 -27.5308024591 12.3819253032 0.00546890708769
153 12.0752363797 -26.7852385811 11.8696233424 0.00246611357905
154 12.236031702 -26.0156843442 11.3249108595 0.00490672100094
155 12.447829122 -25.2462637165 10.798573223 0.00291838073936
156 12.4427057421 -24.4277169542 10.3053303801 0.00378893207167
157 12.6886033119 -23.8702182296 9.5692452323 0.00594235239772
158 12.9650066813 -23.2275925803 8.91926434948 0.00304374364526
159 12.6343725101 -22.682288689 8.20882184821 0.00373089706545
160 12.3784231758 -22.066777443 7.52596822808 0.00565456875069
161 12.1311147649 -21.8615366661 6.62774053993 0.00493452527908
162 11.9171570617 -21.5393796404 5.75623711223 0.00617875907129
163 11.8586934756 -21.483934383 4.80671064077 0.0125482997415
164 11.9379465189 -21.0166542197 3.9817363914 0.0020281927808
165 12.2670543608 -20.9829888015 3.0898115504 0.00320976058514
166 12.6582037672 -21.281932215 2.27634645116 0.00484670769669
167 13.0410099417 -21.4696633487 1.42701036702 0.00556083901841
168 13.6293751066 -21.7818528837 0.750337379988 0.00872702772991
169 14.3695990306 -22.0281542205 0.211170380537 0.00208385670485
170 14.9793035622 -22.0769754243 -0.513458497583 0.0183402878982
171 15.2954371728 -22.1638789308 -1.4010561841 0.00415561652158
172 15.5620927707 -22.4788872697 -2.25185166141 0.0053570980097
173 16.021693379 -22.3514029424 -3.06748402514 0.00173010522084
174 16.6940894743 -22.4590459724 -3.72183811012 0.00375811856995
175 17.3949960589 -22.5147957757 -4.35150289535 0.0100367371431
176 18.0545460068 -22.3625107199 -5.00728803026 0.00986802801591
177 18.8586628507 -22.4253017462 -5.49166012763 0.00136320292045
178 19.496465281 -22.3592051749 -6.18018034364 0.00633348396049
179 20.3697868229 -22.7012623598 -6.12704291863 0.00249080217895
180 21.2485030774 -23.0190424502 -6.22015145706 0.00400386548159
181 20.6315574378 -23.3505845533 -6.84528202655 0.00377778891301
182 19.8363128044 -23.4833184161 -7.32470888129 0.00574733092946
183 19.168172791 -24.1109126533 -7.51823244358 0.00367910259951
184 18.3948327952 -24.6365610502 -7.56456956375 0.00584533843401
185 17.6632334941 -25.2020068157 -7.42422954937 0.0227402451814
186 17.2717402734 -26.0467104061 -7.43068229774 0.00266895276931
187 16.9775900741 -26.5207813885 -7.8346960542 0.00549121886834
188 16.3830326634 -27.1140683807 -8.15759086599 0.00181471794903
189 15.7356329333 -27.5927670238 -8.5581483113 0.00993089524384
190 14.9148138706 -27.6798597603 -8.90545551965 0.00529031566373
191 14.298762959 -27.8510177642 -9.53012093799 0.00614118957359
192 13.8668566957 -28.1355796354 -10.2563928022 0.0078537462005
193 13.646145733 -28.4507654092 -11.0572518571 0.00230215822415
194 13.5075161922 -29.0358429341 -11.7095336847 0.00551659637096
195 13.170029331 -29.5891941069 -12.3114820268 0.00411414163425
196 13.0671196611 -29.9811056465 -13.0961238212 0.0095097425119
197 13.1736326395 -30.4880008339 -13.8054267039 0.00562400926618
198 12.9723200961 -30.9548509836 -14.5181055468 0.00263800814494
199 13.7730688765 -31.1303027695 -14.2170284631 0.0075435415397
200 14.3672874967 -31.3927161591 -14.7952069928 0.010654877601
201 15.1232944195 -30.9922829718 -14.9071795523 0.00414588129913
202 15.6357813651 -30.384155963 -15.2356545739 0.018670416481
203 15.5470423652 -30.1929503737 -16.0581823299 0.00350980033821
204 15.8453098969 -30.1771192196 -16.8501877374 0.00789933560965
205 15.9395051312 -30.6119378794 -17.5629100135 0.0133531286624
206 16.238780255 -30.9791913216 -18.2431882847 0.00719451851609
207 16.666989676 -31.4067853905 -18.7996687879 0.00266830733335
208 17.2558548034 -31.5299942475 -19.3562534939 0.0198999651198
209 17.6859196116 -31.0031703772 -19.7691432737 0.0108490343799
210 17.1051519407 -30.7995202149 -20.2520613367 0.00297743862679
211 17.3341522421 -31.3841890861 -20.7118711956 0.00677402122219
212 17.7357113226 -32.0133349055 -20.8942186302 0.00996607040118
213 17.8385515435 -32.4032652772 -21.5316628578 0.0109205404682
214 17.3446941469 -32.04939528 -21.1171629567 0.00410294932399
215 17.9320213773 -32.3618250232 -21.4126211242 0.00738509967372
216 18.3345237544 -32.5876716691 -20.8670724307 0.0103484726345
217 18.870787488 -32.9012379392 -21.1727368006 0.00870802486338
218 19.0613345096 -33.544559599 -21.2047971236 0.00845199829255
219 18.7543882575 -34.1156994187 -21.2491888394 0.00545919244126
220 18.8477848727 -34.2819108908 -20.6425572672 0.00386224348997
221 19.4474761684 -34.419985961 -20.543955367 0.0058718093776
222 19.3980915641 -34.7224905882 -20.0215104753 0.00338362812259
223 19.2226149095 -34.4216352378 -19.5399111165 0.0074542709871
224 19.2439945131 -34.3247180332 -20.0993874744 0.00780069395437
225 19.4566912445 -34.8167000388 -20.1285821481 0.00920889451041
226 19.4691840836 -34.9894461996 -20.5953594011 0.00525583124833
227 19.2777027239 -34.744437442 -20.2391717111 0.00920127628676
228 19.3187563027 -35.1624541349 -20.1657253037 0.00632715132007
229 19.0405890083 -35.3558169434 -19.9698777473 0.00782220992189
230 19.0332208665 -35.3447667216 -20.3095842638 0.0110865735444
231 19.1961937332 -35.3156150961 -20.0953526483 0.0107172342037
232 19.3887517678 -35.2675739266 -20.0235159566 0.00582069969943
233 19.43345224 -35.0926461025 -20.0311458635 0.00587194878828
234 19.5085778393 -35.0067847472 -20.1310588425 0.00985979856839
235 19.5547596665 -35.1026668676 -20.1361514935 0.00982716515621
236 19.5148620304 -35.0491606263 -20.1202699636 0.00926336016007
237 19.5114346158 -35.0860718684 -20.1170367442 0.011339566586
238 19.5026602992 -35.0828037121 -20.121270147 0.00862307976706
