0 0.357727168998 0.373337474627 -0.848355818904 0.00378989114208
1 0.756247980771 0.724983938673 -1.68772933633 0.0026844324597
2 1.22282543514 1.10751895163 -2.47700361796 0.00444468368383
3 1.62131903998 1.56663773285 -3.26272320202 0.00339692234166
4 2.01350723359 2.02071199995 -4.05450637266 0.00488511120093
5 2.42714723806 2.36009147742 -4.89153298843 0.0120540024149
6 2.74349153486 2.86735304034 -5.68486911343 0.00257278143854
7 3.09829572141 3.45239459154 -6.40498264593 0.019604003414
8 3.33487854797 4.07629330846 -7.14073690162 0.00469068352628
9 3.51307348059 4.7633141756 -7.83553838582 0.00499540416794
10 3.65051688932 5.55028040816 -8.42563853877 0.00325897194742
11 3.83785592388 6.32874551665 -9.01325300062 0.00169035803415
12 4.08811081134 7.12440194501 -9.55239133064 0.00422622690783
13 4.31279297454 7.98942012037 -9.9854804669 0.00893961661059
14 4.47653761462 8.82443979376 -10.4975055166 0.00335682514172
15 4.63187653315 9.68798317032 -10.962651628 0.00294749043038
16 4.72968049504 10.5027770634 -11.5218819318 0.00702656911218
17 4.61959384378 11.3826939932 -11.9687921182 0.00153547795648
18 4.39235223204 12.2719497954 -12.3478165558 0.00870931862832
19 4.12278245486 13.1675521498 -12.6813027554 0.0033402110069
20 3.81736983511 14.0739955985 -12.9478112179 0.00467783486189
21 3.58085547271 15.0151684748 -13.1579230596 0.00298802791129
22 3.22980578706 15.8822324436 -13.4908550859 0.00267178066872
23 2.85578159811 16.735464925 -13.8343020583 0.00340923434484
24 2.55771665901 17.5844090183 -14.2541684886 0.00387551716847
25 2.2819717998 18.4417398191 -14.6721965848 0.00397048436318
26 2.01629459058 19.3391346137 -15.003622358 0.00221432111771
27 1.61324691356 20.1871120514 -15.3264361813 0.00397643214805
28 1.26932610698 21.0211515246 -15.7409188748 0.00285637748443
29 0.863145317175 21.8514969061 -16.1031415304 0.00170902636701
30 0.25837891227 22.5896935853 -16.3769196858 0.00352556377497
31 -0.298633407155 23.3327631213 -16.7279083017 0.00133847929358
32 -0.914922604622 24.1049636799 -16.8251776353 0.00283764336892
33 -1.58192126045 24.8392822213 -16.7874103373 0.00471688799445
34 -2.26740286013 25.5542039799 -16.8544393197 0.00664560880606
35 -3.06418071898 26.1208337683 -17.0262130498 0.00431803730542
36 -3.79719122253 26.7685494055 -17.1951709455 0.00574659470092
37 -4.5514477339 27.4030750607 -17.3126406926 0.00629096985427
38 -5.29528265839 28.0482427431 -17.4380574402 0.00371096979023
39 -6.06476681727 28.653816675 -17.6005381763 0.00472727043341
40 -6.82610307544 29.2786872241 -17.7233307001 0.00351168584527
41 -7.58746684928 29.9116508993 -17.7927379705 0.00484033475294
42 -8.39504314098 30.4876347061 -17.8266065002 0.00408869847108
43 -9.14372636127 31.1297588361 -17.9370326385 0.00426479032937
44 -9.88573700023 31.7565015853 -18.1410429976 0.00428575601989
45 -10.6450068237 32.3900768315 -18.2249733423 0.00282602194648
46 -11.4213997527 32.9973184796 -18.340713645 0.00260757660806
47 -12.2309449843 33.5612535468 -18.4479973075 0.00479558064332
48 -13.0094053587 34.1720698228 -18.5238017036 0.00997938748208
49 -13.9672143237 34.3217870867 -18.7357751724 0.00730175202801
50 -14.9122549385 34.4574231319 -19.0062841591 0.00327963211866
51 -15.8442861649 34.7189805023 -19.2243142732 0.00253693425522
52 -16.7980681668 34.8792330115 -19.446177429 0.00633772117125
53 -17.7381330587 35.1322517933 -19.6379864805 0.018378598062
54 -18.6665601898 35.4134379367 -19.8460371555 0.00279097697782
55 -19.6526867107 35.3976596418 -19.953709314 0.00350410767668
56 -20.6145395687 35.2878977099 -20.1706166175 0.00550754382641
57 -21.5613974801 35.1452691265 -20.4300721398 0.00492530188065
58 -22.4759671073 35.0549932046 -20.8036701254 0.00121357972546
59 -23.3374091976 34.8659147998 -21.2579096678 0.00365077615327
60 -24.1775941742 34.5381957965 -21.6711948246 0.00459992580164
61 -24.9980841638 34.1118416982 -22.0304567009 0.00803444161902
62 -25.8523619686 33.6845751262 -22.2980276641 0.0048144484004
63 -26.6310924788 33.0976469628 -22.4796000788 0.00439597814938
64 -27.4404522149 32.5330525047 -22.5795304265 0.00350689992173
65 -28.2947592177 32.0304280883 -22.6155906157 0.00547675898231
66 -29.0195648338 31.5890587581 -23.1290382606 0.00588877834737
67 -29.6814114937 31.1805617664 -23.7445290917 0.00321356573963
68 -30.3289412647 30.8135465179 -24.4000595658 0.00300532095483
69 -30.9953326479 30.3395655079 -24.9612295512 0.0177874313768
70 -31.7383562209 29.8928036834 -25.4426092267 0.00339060390717
71 -32.2606841947 29.3614747946 -26.097042526 0.00105232066734
72 -32.7052287666 28.484032896 -26.2226072616 0.00198162597632
73 -33.0950069204 27.575775532 -26.3026374009 0.00492604114602
74 -33.4590833523 26.6576160637 -26.3900065563 0.00228202665526
75 -33.7172422154 25.7015815586 -26.4402425691 0.00115411327755
76 -33.652695719 24.7255148389 -26.2780965948 0.00604845254245
77 -33.4437258965 23.760128925 -26.1918212512 0.00319647043841
78 -33.23233122 22.7991938045 -26.0695135391 0.00426701644795
79 -32.8518823499 21.8850752071 -26.0182214325 0.00376034030779
80 -32.3492798723 21.031327445 -25.9802500832 0.00496607240056
81 -31.7636282856 20.2329822027 -26.0305442335 0.00301846220292
82 -31.0954058003 19.5185873575 -26.191661239 0.00189105682054
83 -30.3893512591 18.837345888 -26.333825648 0.00485488096045
84 -29.6865695773 18.1381990073 -26.3278385886 0.00357140909207
85 -28.8898106808 17.5869644611 -26.1180150611 0.00776511788222
86 -28.0325710856 17.2124698789 -25.7901123565 0.00328710311903
87 -27.1959337598 16.914921205 -25.3495324528 0.0025431599023
88 -26.3726440928 16.5406294898 -24.9437429455 0.0046524563798
89 -25.5790816657 16.1823360205 -24.4700287529 0.00456320565472
90 -24.6928090732 15.9698986123 -24.0803764354 0.00321830745902
91 -23.7251498842 15.8928569909 -23.8802237905 0.00775943198033
92 -22.7414007309 15.8589685653 -23.7647421346 0.00515254612237
93 -21.8550770943 15.7006375654 -23.3505135931 0.00880370284996
94 -20.9251589846 15.5273464551 -23.0550502333 0.00567807920409
95 -19.9584413161 15.4912137255 -22.8402585213 0.0046929838434
96 -18.9760473001 15.3805537618 -22.7727187356 0.0116062651756
97 -17.9932004961 15.2614646721 -22.7331085923 0.0136759000138
98 -17.01644486 15.0999347319 -22.7704929522 0.0066484767965
99 -16.0482556335 14.9418159931 -22.6324447747 0.00320882462063
100 -15.070121413 14.8897078233 -22.4843197843 0.00594299176712
101 -14.0888584707 14.8175956988 -22.3692769331 0.00519000512822
102 -13.1067822079 14.7209908207 -22.2831006022 0.00420203931167
103 -12.1228492598 14.8057153876 -22.2065059491 0.00718138138171
104 -11.1569780358 14.9630827031 -22.053553884 0.00646698772757
105 -10.2164497144 15.2699865671 -22.0068953003 0.0363299366058
106 -9.31680242038 15.683223663 -22.0230180156 0.00447532063691
107 -8.55510178602 16.3078350073 -22.1229885381 0.00219019960532
108 -7.82451837905 16.9714003392 -22.2018146394 0.00260293770681
109 -7.053768758 17.591912271 -22.1678931377 0.00318776241877
110 -6.33586980083 18.2719579323 -22.2163512944 0.00316277396055
111 -5.53565511715 18.8547295395 -22.2294081317 0.00585179062511
112 -4.75903882003 19.4677164228 -22.1954217239 0.0198767515555
113 -3.99439466752 20.0930603338 -22.1323842824 0.00743959351752
114 -3.27267450061 20.7613154195 -22.0221994063 0.00540038937283
115 -2.47293125752 21.3440615265 -22.00469425 0.00432646676591
116 -1.79285131145 22.0036248523 -21.7184950308 0.00228863969296
117 -1.13301404647 22.7022395527 -21.481965958 0.0037270020094
118 -0.546221936301 23.4272363112 -21.1512056877 0.00377071862317
119 -0.286985469354 24.3346451545 -20.8534137634 0.00289350080704
120 -0.436260720036 25.2559237099 -20.5244864455 0.00428444537857
121 -0.602260572519 26.1675193651 -20.1772161421 0.00495274579403
122 -0.724306506548 27.1141338159 -19.9162976912 0.00618829674514
123 -0.931649541491 28.0438740822 -19.6488375849 0.00344693976321
124 -1.14254652484 28.948993021 -19.3094575986 0.00328492176318
125 -1.34100427046 29.8363906578 -18.9195980886 0.00366129243066
126 -1.56534791602 30.6568834036 -18.4143427131 0.00223957618483
127 -1.93528951624 31.4415784277 -17.9387725238 0.00430902666794
128 -2.41117387859 32.180385106 -17.484478785 0.00371093051853
129 -2.95192076715 32.9143515128 -17.1004471103 0.00328297100542
130 -3.67135976476 33.3560157237 -16.5847755605 0.00393362772264
131 -4.47847129279 33.8473069132 -16.2921299192 0.00571968899924
132 -5.29493634732 34.3327924884 -16.0164211551 0.00208644137442
133 -6.13912693538 34.7540835109 -15.7195237836 0.00342416728459
134 -6.93793275657 35.3343597349 -15.6613482156 0.00335262108258
135 -7.86257852067 35.6835310727 -15.6965705103 0.0248061531549
136 -8.79876045426 35.988189463 -15.788216033 0.00693607063527
137 -9.77729685577 35.8857020583 -15.8855704213 0.00692281583075
138 -10.6068204583 35.364699547 -15.7520544057 0.00855186249306
139 -11.446131391 34.8901462007 -15.5339392796 0.0132019443236
140 -12.3081548301 34.4608787174 -15.311245926 0.00792230346947
141 -13.1454749794 33.9535718019 -15.1759528905 0.00372680956896
142 -13.9870632556 33.4939785783 -14.936767144 0.00446630310896
143 -14.7564863048 32.926823214 -14.6858940689 0.00298941005308
144 -15.378410578 32.2434733655 -14.3354401528 0.00271839794136
145 -15.9065706843 31.4927978402 -13.9693057188 0.00627114325328
146 -16.3757447022 30.6786911379 -13.6635670072 0.00308116684776
147 -16.6492203478 29.8311320512 -13.2355546725 0.00865715438568
148 -16.4825012005 29.4605957946 -12.7051853359 0.00166963338755
149 -16.3399345254 28.8867217531 -11.9137763824 0.018149389951
150 -15.9932056864 28.2851905273 -11.2113105215 0.00306044819665
151 -15.6778859285 27.6130315868 -10.5600079168 0.00386271561067
152 -15.6211570751 26.7503093507 -10.0827884046 0.00374443141345
153 -15.3162652839 25.9355243462 -9.61553981429 0.00231161167611
154 -14.8749115603 25.1713743067 -9.17240005457 0.00397044179279
155 -14.3312851464 24.4575360717 -8.76022102259 0.0036449602979
156 -13.7926770268 23.705865437 -8.41414194941 0.00496789644457
157 -13.2328629341 22.9929682682 -8.02278565234 0.00533937845467
158 -12.7061916222 22.3657005348 -7.47154737015 0.00740333626665
159 -12.3285484791 21.8121181124 -6.74659137961 0.00248830911131
160 -11.9577979419 21.1515027032 -6.11362626023 0.00529717169535
161 -11.408966748 20.6446204396 -5.46845557722 0.00260603120355
162 -10.785024761 20.2250647223 -4.82893042594 0.00450550770063
163 -10.2109195568 19.6591311234 -4.25946058083 0.00671776951264
164 -9.6774884436 19.2107266069 -3.56055895308 0.00262910682236
165 -9.12127063831 18.801042792 -2.85572041686 0.0113175382684
166 -8.3937647856 18.3282594056 -2.3858117583 0.00494400351284
167 -7.57644545587 18.1363404812 -1.86749411124 0.00760316828763
168 -6.67828653709 17.9726178345 -1.49367003759 0.00692667769998
169 -5.77584146512 17.9088371646 -1.10049399988 0.00783991623418
170 -4.85967365358 17.9164639864 -0.735225598369 0.00641881160354
171 -3.88987186798 18.044756159 -0.610170015493 0.00490787846945
172 -2.94394088696 18.300088781 -0.498379240406 0.00537349003451
173 -2.01647641332 18.5485562159 -0.273834046564 0.00560590928269
174 -1.30533445817 19.028849673 0.211835491397 0.00319645414653
175 -0.702589302356 19.4790853421 0.849219321937 0.00295558754875
176 -0.341736056548 20.1128200311 1.51282384064 0.00374568996531
177 0.0210343532151 20.819476325 2.09685020174 0.00497312765168
178 0.343932580575 21.6407105653 2.53633884589 0.00518445341728
179 0.502342319534 22.5369092007 2.9150213994 0.00913742076724
180 0.613214389467 23.4592903186 3.2441166962 0.00414179185402
181 0.694987388495 24.4103253217 3.48923547596 0.00448162834384
182 0.714207643655 25.1692846005 3.70708770797 0.00203210188675
183 0.683422395922 26.1064742971 4.00775329946 0.00362236861122
184 0.481166830203 27.0216093322 4.30970731841 0.00486842292748
185 0.414532167451 27.9907361214 4.1493449112 0.00300673035936
186 0.185704734756 28.9351548837 3.99130878716 0.00303713417775
187 0.11800062894 29.8610256185 3.66360827821 0.00374962280511
188 0.161044027038 30.843515456 3.70706936818 0.00825019149973
189 0.00771705886214 31.7666101991 3.40180223886 0.00387011714148
190 -0.287805638562 32.6787652748 3.17979730048 0.0039949249425
191 -0.512131320253 33.585332964 2.86939517877 0.00402128401875
192 -0.958833733362 34.442130502 2.68306162088 0.0038977054184
193 -1.57810433773 35.1910219117 2.52849614682 0.0108511802384
194 -2.30396847231 35.8168820036 2.30650459755 0.0030453504688
195 -2.57031651838 36.5434333494 1.69895869722 0.00643625110242
196 -3.01420723671 37.2233186411 1.14363448985 0.00795356596636
197 -3.58232027364 37.7118430091 0.506430587274 0.00469785135791
198 -4.12536911261 38.3063104307 -0.0583027494709 0.00396278652309
199 -4.77590879849 38.8989627394 -0.497120884382 0.00490361316271
200 -5.49300386342 39.3021488559 -1.03572110233 0.00616832092948
201 -5.49923734727 39.3084740451 -1.03981876741 3.92580334815e-05
202 -6.24416043896 39.8273855513 -1.41397029766 0.00601546872653
203 -6.92003689071 40.4585372179 -1.74371836039 0.00558352662449
204 -7.57958840595 41.1038896378 -2.07863729587 0.0329832810611
205 -8.05784377729 41.7017700785 -2.69197138586 0.0199151299877
206 -8.63928110827 42.2853658102 -3.22369131568 0.011756385751
207 -9.01593840247 42.9629002317 -3.82364419577 0.0054398156726
208 -9.21132795779 43.6576310172 -4.48683969168 0.00337211457001
209 -9.42928374409 44.3145697294 -5.18070263133 0.00427872095632
210 -9.84842160692 45.0397286834 -5.68925061247 0.00340261380934
211 -10.4491674574 45.7454746298 -6.00689862272 0.0029322052649
212 -11.1181574517 46.3040287771 -6.4544070265 0.00446893911607
213 -11.5544846146 47.0841802539 -6.85505809831 0.00276570334132
214 -12.1134049368 47.8025328996 -7.21693372933 0.001721126962
215 -12.7415614326 48.3810831526 -7.69657584321 0.00406587233289
216 -13.3582802208 48.8069358706 -8.32710984611 0.00513413492459
217 -14.1475708704 49.177444573 -8.77275552176 0.00601970525195
218 -15.0918739024 49.4063411514 -8.89235485886 0.00538137731508
219 -16.0051652488 49.6105454967 -9.17934917981 0.00724382444562
220 -16.9015840766 49.6649808326 -9.56831335782 0.00549822631289
221 -17.7813610202 49.7760526469 -9.98206562362 0.006155256549
222 -18.6591677353 49.9397778906 -10.3818578796 0.00474725570369
223 -19.4011082077 49.9564174335 -9.74440327378 0.00356770216813
224 -20.0448699169 49.9582194097 -9.00781061208 0.00557107152495
225 -20.8452715669 49.8334608663 -8.45982025925 0.00494304677549
226 -21.6508507302 49.6183383826 -7.94898805826 0.00182439930654
227 -22.5326662653 49.501659296 -7.54304130845 0.00774125645484
228 -23.4251218544 49.2427268567 -7.23977665071 0.00223386785086
229 -24.2552913631 48.941937644 -6.8205296689 0.00232938321585
230 -24.9928453342 48.4966685224 -6.35894291799 0.00616990105223
231 -25.7582833989 48.046512097 -5.95106182916 0.00480165516576
232 -26.5311651486 47.9106120268 -5.36888530704 0.00315037992188
233 -27.3741544953 47.4766687924 -5.13353627378 0.00431297266853
234 -28.1385561972 46.9110809677 -4.91025669321 0.00142801427241
235 -28.7762782369 46.1833486149 -4.77738739508 0.00311130071665
236 -29.1245589815 45.2765820612 -4.67634054648 0.00394190701841
237 -29.2308276227 44.3127799384 -4.79157681516 0.00563118116435
238 -29.2263085208 43.3894247191 -5.10873572507 0.00600835039857
239 -28.9759417964 42.6437330329 -5.6868832836 0.0132827903274
240 -28.7355343892 42.0435583138 -6.41782392773 0.00327654612201
241 -28.5600834629 41.4740095421 -7.19044444583 0.00685823456207
242 -28.4369492734 40.775105059 -7.85969015746 0.00512923589597
243 -28.298876266 40.1358812187 -8.58326286683 0.00293808824783
244 -28.1915132453 39.557315546 -9.36096975505 0.00506730592706
245 -27.8208641686 38.9979566391 -10.068348289 0.00348516712856
246 -27.4796014262 38.4215991689 -10.776693344 0.00129924471808
247 -27.1182907071 37.5167537548 -10.8008821289 0.0055458862614
248 -26.6882082661 36.748909352 -11.2192939049 0.00386329685977
249 -26.1479581244 35.9682047798 -11.4380637242 0.00598602182741
250 -25.424748734 35.3531588464 -11.6559437153 0.00325270304964
251 -24.6269987416 34.8031177121 -11.5581847455 0.0025891782865
252 -23.8257039968 34.2626008527 -11.6768583726 0.00393448986844
253 -22.9774036289 33.8134223582 -11.5136055835 0.00175036871101
254 -22.0916502752 33.4113890834 -11.5545907175 0.00260779646944
255 -21.2142259544 33.1546868331 -11.2199298235 0.00334783858615
256 -20.3136962599 33.1814926162 -10.851342262 0.00516075084115
257 -19.484057119 33.4434622164 -10.4151716473 0.0100803195206
258 -18.6023671982 33.4950723416 -10.0073644046 0.01176323956
259 -17.6985830995 33.7042643894 -9.71629882957 0.0017052405644
260 -16.7280292409 33.7286298105 -9.76647740187 0.00355869645883
261 -15.7879163482 33.9415994783 -9.89150127923 0.0109981416419
262 -14.8244409675 34.0656868434 -9.90413305102 0.00321745470703
263 -13.8977663082 34.2838930668 -10.0971546259 0.0038441711352
264 -13.0497470464 34.7276325504 -10.2621025674 0.00421960732783
265 -12.1813499917 35.1603529237 -10.2235208891 0.00412295106226
266 -11.2457065346 35.3477090186 -10.4023430011 0.00111490178866
267 -10.3827251817 35.7262827234 -10.6355268904 0.00137222886975
268 -9.72672560905 36.0875931753 -11.2533846104 0.00478799544337
269 -9.15897420153 36.643348106 -11.8109845407 0.00433998704634
270 -8.62220862636 37.3025067599 -12.2789840318 0.00299941031314
271 -8.00307720729 37.8722541483 -12.7621302475 0.00371980897567
272 -8.43113764127 38.4953557906 -13.370129605 0.00448508363619
273 -9.10002272862 38.7468989807 -14.0259573942 0.00527678809582
274 -9.68787645219 39.3462171413 -14.5110665655 0.00225543334882
275 -9.86705663535 40.184241473 -14.9643268938 0.00498628240922
276 -10.0307663768 41.0193090295 -15.4282422232 0.00550490717039
277 -10.1932918167 41.9477429968 -15.6523656461 0.00474794329888
278 -10.5758228866 42.8370290548 -15.6830821939 0.00099871036303
279 -11.0725271406 43.6546002935 -15.8343657795 0.00223837960046
280 -11.5084258557 44.5077292279 -15.9756299366 0.00663458461743
281 -12.0312671077 45.3059897179 -16.1385066368 0.00573879548045
282 -12.5566309073 46.1134993701 -16.2302026733 0.0058848444039
283 -13.030497714 46.9478270405 -16.1068667581 0.00606327937455
284 -13.4684086107 47.7850747738 -16.3129839494 0.00409762285505
285 -13.6832820168 48.7264730818 -16.3613134704 0.00441777134976
286 -13.6890167778 49.692231382 -16.4003055711 0.00445872678822
287 -13.67996371 50.657888277 -16.3662157561 0.00330612789125
288 -13.769453892 51.5752423773 -16.6558805199 0.00359557687982
289 -14.4269470802 52.1681302912 -17.0422726923 0.00469877411247
290 -15.2051768175 52.5974767881 -17.4198657548 0.0145348560189
291 -15.9959644966 53.0155161279 -17.7813864297 0.00422064721065
292 -16.8667879737 53.219718533 -18.1422830019 0.00462858878592
293 -17.7662064999 53.1842310368 -18.4879340458 0.00351765736102
294 -18.7044067237 53.3883176733 -18.5730069075 0.00867170797944
295 -19.6635213101 53.299362787 -18.560043 0.00621690490426
296 -20.5665926175 52.965753334 -18.5781925484 0.00285834779247
297 -21.4014593033 52.4865251327 -18.589063389 0.00866564168686
298 -22.1897446692 51.9390879557 -18.5217871201 0.00316215587773
299 -22.8956800346 51.3368288503 -18.7751329663 0.00105307527516
300 -23.4502707566 50.5742722548 -18.9648676546 0.00370245568207
301 -23.9112997495 49.7437062579 -19.1136563613 0.00294429579191
302 -24.55371732 49.2080200653 -18.6396233791 0.00428156775965
303 -25.1264408429 48.6354444517 -18.1219785512 0.00685197807997
304 -25.7159004376 48.2610441565 -17.4621332365 0.00586849726896
305 -26.399078829 47.7836611251 -16.9854096767 0.00279051515911
306 -27.0460427586 47.202110164 -16.5796677959 0.00756518879421
307 -27.5696142121 47.7952765745 -17.1222854791 0.00393815390166
308 -28.0910950316 48.2000372683 -17.8181864284 0.0061540095026
309 -28.8977977582 48.3983781874 -18.2963337502 0.00394933546808
310 -29.701936546 48.7717437057 -18.6595480089 0.00456836039529
311 -30.5018615815 48.9934393095 -19.1373813576 0.00558945079106
312 -30.6440824833 49.707325377 -18.5154573295 0.00368866844759
313 -30.8110026818 50.4263661089 -17.9062556795 0.00462989518162
314 -30.771454631 51.005579155 -17.1456876689 0.0123053200021
315 -30.8629450793 51.532814387 -16.3537964739 0.00706785095301
316 -31.2566102916 52.0570416592 -15.6594147128 0.00256124260055
317 -31.8627083327 52.6454676117 -15.2150485633 0.00640087284202
318 -32.4868857164 53.226068108 -14.7870911163 0.00796388767572
319 -33.0584714109 53.6574784616 -14.1579552316 0.00577214755676
320 -33.6572022377 54.065109239 -13.5392107522 0.00244683827113
321 -34.1655694247 54.5197672883 -12.8744252174 0.00828128954904
322 -34.9040568203 55.0150528229 -12.536447983 0.011463951499
323 -35.7681091058 55.4096430034 -12.5399600167 0.00439760409213
324 -36.594134232 55.8166924476 -12.3088236338 0.00852149682806
325 -37.1771630825 56.5285141729 -12.538871504 0.00378153123914
326 -37.7810667985 57.1900128298 -12.8494619295 0.00365749206016
327 -38.6018848201 57.4835419867 -13.2210411338 0.0101954061621
328 -39.446412778 57.8887160603 -13.3550663326 0.00507664438031
329 -39.0275189142 57.1795728486 -12.8901980307 0.00437211231339
330 -39.1973126266 56.3968628548 -12.3882289672 0.00705994299468
331 -39.2326131436 55.5651951136 -11.942539665 0.00929899807677
332 -38.8507516898 55.8728210139 -11.1366362851 0.0154882224574
333 -38.6811842671 56.2865177142 -10.3084644374 0.00444370726442
334 -38.6902107039 56.6688866917 -9.44921280162 0.0166787162198
335 -39.133426584 57.2568128649 -8.86889238753 0.00424168169775
336 -39.6959682778 57.43629934 -8.14139411044 0.00688882238241
337 -39.9407954447 57.8048307854 -7.31660868004 0.0221206424112
338 -40.2379207921 57.9773941246 -6.45022737205 0.0062253110447
339 -40.7499487647 58.1486194984 -5.69222172771 0.00668187403274
340 -41.5344255462 58.581297475 -5.44755483769 0.00420974465271
341 -42.3448969353 58.9325516902 -5.16354371559 0.00478746336194
342 -43.1162167709 59.368662062 -4.89171757568 0.00315047101083
343 -43.9571827773 59.7556691666 -4.86723504048 0.00494888687274
344 -44.4525702801 60.3817676652 -4.39962302181 0.00407844743593
345 -45.0314775141 60.4284636018 -3.68008432364 0.00320596344936
346 -45.4322135882 60.2520141406 -2.86626267038 0.00821945767271
347 -45.4113121123 59.537882117 -2.2837539275 0.00119672356123
348 -44.8067539304 59.021379097 -1.81828887821 0.00504236252918
349 -44.1097737732 58.7394795589 -1.28767227653 0.00587297405422
350 -43.4311637706 59.077658445 -0.768847975578 0.00530576056868
351 -42.9318045987 59.5926939037 -0.196967779873 0.00583748026723
352 -42.7123019101 60.2226568258 0.430677754171 0.00370523220811
353 -42.5644549545 61.0780090408 0.718542526589 0.00245470067334
354 -42.4397588413 61.9552157685 0.494989571196 0.00369051528074
355 -42.6079191434 62.8513577968 0.535378729594 0.00495496358698
356 -42.8784092686 63.7168388854 0.445149153548 0.00336283032134
357 -43.2364275599 64.5511382477 0.379601772526 0.00872757405024
358 -43.1302486898 65.3688346088 -7.7201556366e-06 0.00447299588994
359 -42.8810342419 66.0842253005 -0.497800053196 0.00561482262667
360 -42.4198643278 66.532144154 -1.13456376955 0.00683804486406
361 -42.2926529332 66.832390545 -1.97663463232 0.00516278886051
362 -42.430201464 66.073737989 -1.51151214492 0.00489309421086
363 -42.334860798 65.2229753931 -1.23884145116 0.00365903580965
364 -41.7950331352 64.5574742417 -0.973360265122 0.00653177672521
365 -41.3820352813 63.7897489971 -0.772734705699 0.00386922500979
366 -40.8744775163 63.0569842958 -0.719634914256 0.00258259226441
367 -41.353630587 62.3565521339 -0.444795723675 0.00949855076051
368 -41.8634384916 61.6317804878 -0.387903555658 0.00542933358294
369 -42.1679821535 61.0285351246 -0.96107531843 0.0114427863684
370 -42.5294030632 60.8406402663 -1.74258097895 0.00390569759463
371 -43.0743969974 60.4096401928 -2.28068229629 0.00614643958729
372 -43.0319011003 59.574345657 -2.53885426827 0.00709478849955
373 -43.4891433101 59.3983264787 -3.26066864807 0.005141276561
374 -43.7217396324 59.2879126081 -4.0915693218 0.00751740723195
375 -43.7052546784 59.0529109145 -4.27803804805 0.00271035827637
376 -43.7101119877 58.6222599295 -5.02250422488 0.00597947363767
377 -44.0887690238 58.1177516288 -5.60079489385 0.00850967236169
378 -44.544883606 57.4969004393 -5.95881724996 0.0051584735714
379 -44.4875899307 56.7615018987 -6.37284628598 0.000939219656297
380 -43.8993461668 56.162888575 -6.27595532929 0.00570594776687
381 -43.7422254173 55.3372547953 -6.26911642425 0.0083692544306
382 -43.7085018727 54.5063129088 -6.32849186783 0.00608540751063
383 -43.1425841874 53.902055196 -6.29566192908 0.00341516228832
384 -42.6143388976 53.7633024337 -6.91582966305 0.00754108513005
385 -43.2015986148 54.3123011257 -7.06978556182 0.0404399230359
386 -43.8758619173 54.6753078784 -7.12470967537 0.0113020616633
387 -44.1861226322 55.3324158553 -6.93688143387 0.00639805254463
388 -44.3253020304 54.6115382904 -7.02856340651 0.00755712609435
389 -43.8263743745 54.4516405156 -7.53299716355 0.00422548871067
390 -43.1613741242 54.4613145621 -7.80578533365 0.0135171850295
391 -42.8515984502 55.0680549185 -7.91961173927 0.0284813944373
392 -42.867246612 55.4067149392 -8.43397168794 0.0075103947013
393 -43.2542282181 55.5669239617 -8.85112910049 0.0106308150657
394 -43.5361092467 55.2764212925 -9.22671138506 0.00337301326014
395 -43.5601462875 54.9094327662 -9.6205445569 0.00438518707693
396 -43.2475280594 54.5290145822 -9.78814598241 0.0103941275752
397 -43.1424681413 54.091739046 -9.93374443882 0.00906703908054
398 -42.7673785434 53.8884224112 -9.90911547079 0.00809864021748
399 -43.0112500852 53.9216776109 -10.1997683987 0.00706321262425
400 -43.323956504 54.0397331747 -10.1972229069 0.0137947319536
401 -43.3870195424 54.2718973887 -10.1280963431 0.0142432447987
402 -43.3903889412 54.2564068789 -9.95428292745 0.0245526870759
403 -43.3383619007 54.2460641366 -9.99645907411 0.0100878717549
404 -43.3371761371 54.2577326845 -10.0286953393 0.00908808142493
405 -43.3283650687 54.264946256 -10.0237082926 0.00982007653127
