0 -0.672604960402 -0.303457225674 0.665216598077 0.0042919858126
1 -1.19048388265 -0.657859272776 1.43540750465 0.00390390060609
2 -1.58914980397 -1.29084125405 2.08910721355 0.00196470527014
3 -1.82664547582 -1.94407063697 2.79890381243 0.0033999843758
4 -1.93298388781 -2.67248845478 3.46597329818 0.0166862545081
5 -2.02972125486 -3.39720993227 4.13840190654 0.00820674637526
6 -2.08208486206 -4.10974430512 4.82849320318 0.00405472575414
7 -1.9569636268 -4.82627387334 5.50492751286 0.00450298105745
8 -1.93240272691 -5.01733946895 5.70723917015 0.00138588327087
9 -1.58010557703 -5.69269351942 6.34244391179 0.00202793365619
10 -1.24141150853 -6.31405296918 7.03735234247 0.00584052520305
11 -1.08301192097 -7.19412244962 7.46622592284 0.00903973888888
12 -0.828862704017 -8.06584267435 7.86489804111 0.00187666782309
13 -0.528795240495 -8.98475640412 8.08610045176 0.00548590298147
14 -0.0758859211853 -9.80651601573 8.40688817316 0.00323913417169
15 0.396131615904 -10.5797951111 8.81004543564 0.0065386116434
16 0.742724577922 -11.3738049214 9.29239030239 0.002209634348
17 1.04280653504 -12.199057356 9.75294478099 0.00351417992466
18 1.48596450711 -12.9652037166 10.1999168825 0.00315333472106
19 1.74716151201 -13.9210227267 10.1646644596 0.00342704291757
20 2.22937159027 -14.7868758032 10.1366544475 0.00221083502164
21 2.63081039494 -15.6860441075 10.0211937421 0.00239112452822
22 3.13255549471 -16.5262874719 9.86243747148 0.00433899433942
23 3.83240258167 -17.2246604913 9.78903380653 0.011334549233
24 4.39030832056 -17.9423069847 9.39340777646 0.00749088942702
25 5.0283506573 -18.5850636254 8.99033897759 0.00326505295281
26 5.61454724154 -19.2290146769 8.51665744753 0.00415801820178
27 6.19252307765 -19.8727136158 8.03269781208 0.00196643953444
28 6.63798189806 -20.6522160786 7.61255442398 0.00701852541901
29 7.17152854972 -21.4100808627 7.26121803225 0.00285969897722
30 7.69233281712 -22.1366427062 6.8330611134 0.00453935619783
31 8.03632413906 -22.8583569271 6.24720074252 0.00961863837784
32 8.39495354428 -23.637243974 5.75021602333 0.00204286929578
33 8.61271159659 -24.5482025315 5.42627318637 0.00234524119948
34 8.90756663266 -25.4192159452 5.05671083519 0.00610333451956
35 9.23845181312 -26.2978800558 4.73961626329 0.00432971921776
36 9.51265561384 -27.1941607055 4.41787369937 0.00284869096286
37 9.84897147092 -28.069017355 4.09615563051 0.00617688559067
38 10.2625054024 -28.9352118917 3.85002269523 0.0091961608101
39 10.8228522094 -29.7241777675 3.63720071106 0.00512616093312
40 11.4854107662 -30.4528055067 3.52865336193 0.00391184701347
41 12.2328689592 -31.1006702158 3.47223513144 0.00466517299132
42 12.995174678 -31.7302354087 3.40839559739 0.00645844957354
43 13.7203192278 -32.3935122256 3.28319150308 0.00601584997468
44 14.4980073428 -33.0032741531 3.21429944342 0.00404147433195
45 15.3189383266 -33.5088930301 2.98685446551 0.00507960844193
46 16.1464696064 -34.0216382143 2.80379154325 0.00389380480398
47 16.8276432073 -34.623107391 2.40952582739 0.00374765081138
48 17.5597304679 -35.2107480435 2.09351864348 0.00378248717813
49 18.247991725 -35.7937703002 1.68427576268 0.00668927343456
50 18.9166775075 -36.4135514846 1.29733752336 0.00752122920058
51 19.5551313567 -37.111816069 1.00466475657 0.00655672306717
52 20.2687966936 -37.4484517942 0.406167026652 0.00504187398697
53 21.0491056816 -37.7798261822 -0.105731549218 0.00714062759259
54 21.8132793482 -37.9028344435 -0.723441870664 0.00375553670331
55 22.5588800563 -37.9674595235 -1.37191331897 0.00281497969506
56 23.3967319049 -37.9535908509 -1.89948520897 0.00409220180112
57 24.2254218498 -37.7462296492 -2.40020460732 0.00513377179722
58 25.0990789255 -37.6705935456 -2.85993540994 0.0216486953074
59 25.9863759323 -37.5438106609 -3.28018995348 0.0053241150931
60 26.8835679503 -37.2792557868 -3.60411533183 0.00220511696293
61 27.8055594497 -36.9204642318 -3.63570756112 0.00418722698573
62 28.6807851847 -36.4831422137 -3.78558713392 0.00408058863433
63 29.524624321 -35.970437801 -3.85435399133 0.00528199605076
64 30.4023236531 -35.5141413779 -3.82264936232 0.00345397576566
65 31.2810181147 -35.0589308128 -3.8089555212 0.00430295513262
66 32.2563873113 -34.9390018447 -3.92604769161 0.00390144917192
67 33.2385903778 -34.8706829482 -4.02594398681 0.00269260155936
68 34.2197388802 -34.8374100638 -4.15070447115 0.00447110530982
69 35.1784222288 -34.6823744444 -4.34081976952 0.0037420196297
70 36.1391085713 -34.566772092 -4.54796228499 0.00571672223692
71 37.1121313809 -34.4995289603 -4.71466118264 0.00625961566843
72 38.0748090829 -34.4178956198 -4.92812260255 0.00406474974021
73 39.0455128842 -34.2353649668 -4.98562533734 0.00397631283915
74 39.9723461389 -33.9444048809 -5.17311343336 0.00483528396183
75 40.8239397782 -33.4741315947 -5.35303509876 0.000939365029934
76 41.5619501168 -32.8455781163 -5.5504863796 0.00304923779234
77 42.3317884673 -32.2248030596 -5.57584819413 0.00522422097082
78 43.0975861547 -31.6157627315 -5.72141956522 0.0019940553135
79 43.7965088053 -30.9601151665 -5.96673163158 0.00842271624734
80 44.4186173731 -30.2121583411 -6.14539002127 0.00418602239188
81 44.8204791385 -29.3299366586 -6.34158653803 0.00522947936544
82 45.1376965815 -28.4931514559 -6.76279600217 0.00442704032749
83 45.2415697142 -27.5879577772 -7.14749520725 0.0020585327881
84 45.411152869 -26.6879263707 -7.52072592263 0.00373069107185
85 45.5650773575 -25.763056826 -7.83529395506 0.00509817796693
86 45.5834634789 -24.811933711 -8.10538285378 0.00626656439022
87 45.4626473972 -23.918990386 -8.51267906341 0.0288302781522
88 45.2120524712 -23.0172910767 -8.83107441276 0.0207164649767
89 44.8133397003 -22.1774133113 -9.16640263272 0.00425519126124
90 44.098405496 -21.525706434 -9.36849362922 0.0077617932573
91 43.4202977365 -20.8248773627 -9.52827807381 0.00615510014954
92 42.8343724053 -20.0375156615 -9.41365435813 0.00386041713904
93 42.2531583654 -19.2385068244 -9.4051737937 0.0053088263732
94 41.756845889 -18.3858097883 -9.35259954399 0.00376171259254
95 41.3560968613 -17.4835619878 -9.31453984765 0.00539023019888
96 40.8848353528 -16.6155963951 -9.33752861178 0.00501564736032
97 40.4110621518 -15.749855401 -9.3811262219 0.00349077982622
98 39.9239958682 -14.8981335645 -9.49572207621 0.00767893478016
99 39.4118246346 -14.0756738043 -9.30369800378 0.00335018421848
100 38.820465092 -13.3567124645 -8.97358400509 0.00367796016164
101 38.3369058806 -12.5383967506 -8.70522373509 0.00516015170667
102 37.7171498135 -11.7765987259 -8.60077667455 0.00425122101284
103 37.0710713704 -11.0297895638 -8.6107107931 0.00514912159841
104 36.2285411826 -10.5156072684 -8.64036955872 0.00528433705569
105 35.3620325267 -10.0597404784 -8.51249924845 0.00475837695066
106 35.058494705 -9.22715890067 -8.07702568003 0.0027594172362
107 34.7573634046 -8.39837970355 -7.63278776953 0.00536240653814
108 34.3442359652 -7.58147752302 -7.26299794681 0.00352823745038
109 33.979690445 -6.79908678443 -6.78375395695 0.00587237673261
110 33.5470420634 -6.00910349437 -6.37968208896 0.00618125664523
111 33.0765031035 -5.26716946118 -5.92965385982 0.00074895294595
112 32.5860806028 -4.67633395224 -5.30928332003 0.00342751609807
113 32.1689141158 -3.91600197933 -4.83793242998 0.00208415188778
114 31.6054968112 -3.18900255863 -4.47982096646 0.0061710672665
115 31.0767810137 -2.3715264749 -4.31794426582 0.00612570254414
116 30.8515540035 -1.4111970031 -4.3477072727 0.00383002070263
117 30.5139343593 -0.486330245064 -4.41392190085 0.0021405383297
118 30.0993451344 0.402706106683 -4.52082635503 0.00405749143053
119 29.5875054059 1.22214695624 -4.72118626494 0.0043447113643
120 29.0245410205 2.01265878416 -4.89910032501 0.00330435889529
121 28.8843142241 2.83616905763 -5.42415669073 0.00382702159186
122 28.7167212792 3.69401763589 -5.88175410127 0.00415894549
123 28.4622806525 4.5665441412 -6.26542949932 0.00772810774961
124 28.258036812 5.44308744453 -6.66917241388 0.00417656460683
125 28.1961474191 6.32961099357 -7.09718591877 0.00301977817027
126 27.9851326087 7.25896072347 -7.35134160286 0.00400046833777
127 27.6192167951 8.15576981553 -7.53716395098 0.00187465303705
128 27.1601350519 8.97700703773 -7.83293100503 0.00316826832627
129 26.6239915457 9.77229087384 -8.06235553367 0.00336603966182
130 26.0110769508 10.5078348469 -8.29853702595 0.00228109673713
131 25.3165349626 11.1489937109 -8.57950991522 0.00325755786864
132 24.5328355188 11.7089160335 -8.7907317394 0.00170431183138
133 23.6645031066 12.064793038 -9.0934492583 0.00550563295057
134 22.7462897918 12.4156756265 -9.16998802483 0.00623944113605
135 21.7834036684 12.5375740664 -8.99701738149 0.00529100049584
136 20.8062180718 12.5589457518 -8.86886937849 0.00497221851209
137 19.8380128108 12.3856934746 -8.93355023337 0.00543252809818
138 18.9495158657 12.0005901064 -9.11725351958 0.00168019256028
139 18.1109536019 11.7022506656 -9.54070105423 0.0236182387457
140 17.3173545352 11.4356976065 -10.0603116982 0.00322008522063
141 17.0122316466 11.2785679529 -10.2509555532 0.000805239485589
142 16.1995514543 11.2863160019 -10.7942636321 0.00555880083148
143 15.492160948 11.2002903992 -11.4633506439 0.00323962064786
144 14.7971909724 11.2543573292 -12.1484746588 0.00391403151496
145 14.1537729667 11.2999955159 -12.8826744661 0.00322810512877
146 13.4851062444 11.0491868047 -13.549628837 0.00388631819403
147 12.7191502261 10.7846535804 -14.0953640456 0.00477461571939
148 12.0661782061 10.2760126472 -14.6140983359 0.0119726410361
149 11.4413126 9.67973522295 -15.0694663536 0.00413047763682
150 10.8435140947 9.03732563829 -15.4972791988 0.00388742390667
151 10.1853304199 8.43859195807 -15.8986736894 0.0036246852589
152 10.0305307028 7.4751402818 -15.91392629 0.00927544381223
153 9.8482850223 6.51949262011 -15.8408413543 0.00227077165939
154 9.52332054689 5.74854762907 -15.3389346263 0.00427697056232
155 9.53105021496 4.85742916181 -14.942265975 0.00488972826813
156 9.62587478533 4.04277453883 -14.4144316215 0.00824274083032
157 9.22885759108 3.44321364633 -13.7558547958 0.0119500798001
158 8.85655531782 2.75479332083 -13.1750349721 0.00327332249776
159 8.79976923633 1.96846586772 -12.6022335321 0.00388529369474
160 9.29698502689 1.41822390185 -11.9702330191 0.00686188464658
161 9.92096829547 0.875187060777 -11.4558969312 0.000935229423297
162 10.8127162676 0.713355520375 -11.0992599271 0.00395662736973
163 11.4467701051 0.276159711554 -10.5031616902 0.00456636400871
164 11.9788080699 -0.04735267408 -9.75442338613 0.00759803890079
165 12.5280528428 -0.263679822885 -8.98026828648 0.00355214073049
166 13.0763667679 -0.529468901643 -8.22119445335 0.00386370745843
167 13.531507834 -0.687771172933 -7.37556158085 0.00249001307182
168 14.2271273044 -0.891092952024 -6.72624297849 0.00461301121656
169 14.9729149898 -0.722346708347 -6.12479436839 0.0101757642796
170 15.663088543 -0.687479645452 -5.44059647858 0.00426595033408
171 16.1457000753 -0.662809088576 -4.59677468265 0.00467817540283
172 16.8027887796 -0.867447598118 -3.91026603081 0.00281663493003
173 17.6339973652 -0.858486045706 -3.40677699082 0.00543885268844
174 18.4583200589 -0.78957345552 -2.89710051282 0.00173478279638
175 19.3739839258 -0.831267633074 -3.21888703451 0.00663825120874
176 20.3287713755 -0.959347682274 -3.34148777794 0.00308289071439
177 21.2354367487 -0.979589785934 -3.68851924391 0.00457364571333
178 22.0358292249 -0.478015547433 -3.91256605893 0.00203002595284
179 22.9996038065 -0.363324015711 -3.9002277533 0.0053367158187
180 23.9313455466 -0.265100187952 -4.15311321082 0.00634122407782
181 24.6323669811 -0.491485336259 -4.78462531528 0.0164188901637
182 25.3509390583 -0.518303586972 -5.4349195061 0.00504171725031
183 26.0528245487 -0.231171702368 -6.03849560095 0.00440186352985
184 26.641112381 0.135554700595 -6.71560886887 0.00371620168769
185 27.0741948417 -0.297756159553 -7.46625679541 0.00650186269907
186 27.5706318895 -0.530086017119 -8.26486991822 0.00365882461412
187 28.062453944 -0.800233638792 -9.05414106211 0.00307942327207
188 28.6990302366 -0.823027645804 -9.78328481898 0.00173901985497
189 29.2339449453 -0.895708003937 -10.5869792742 0.00618637298638
190 29.7808279088 -1.16031885129 -11.340306685 0.000968014987013
191 30.3601149474 -1.57435797623 -11.9955516116 0.00432059441249
192 31.0596963371 -1.94061223102 -12.5542973535 0.00127780227837
193 31.7994598282 -2.20027936187 -13.1208188445 0.00587658864824
194 32.6039946924 -2.21258551699 -13.657020859 0.00391746339194
195 33.4160051346 -1.98249032687 -14.1283228793 0.00577807174684
196 34.3296942645 -1.95018402609 -14.4409959567 0.00506100457251
197 35.2080459413 -1.97583993716 -14.8422008636 0.00615856269973
198 35.9671681666 -1.57322406178 -15.2827431602 0.00349231747477
199 36.8621859767 -1.72239517984 -15.6123219848 0.00235758873716
200 37.7682578456 -1.87102575035 -15.9099267033 0.00628280014548
201 38.5560456382 -2.05069007712 -16.4373719334 0.00409525452122
202 39.4066629712 -2.36440751807 -16.7666379359 0.00656623882212
203 40.1285162643 -2.80388565847 -17.2308354542 0.00266878017032
204 40.7558495795 -3.29627566937 -17.772549283 0.00295969433828
205 41.3441588593 -3.74927525225 -18.3872504965 0.00916671843051
206 42.0929290977 -4.12007472586 -18.8664760248 0.00304061432446
207 42.7306321189 -4.60510344695 -19.400849838 0.0065257984472
208 43.2933053133 -5.17863522809 -19.9309952349 0.00360910087982
209 43.8106649293 -5.93409944347 -20.2267546347 0.0060021090635
210 44.5284078863 -6.54831252653 -20.4071650943 0.00238219777402
211 45.3750419506 -6.45551264656 -20.8537491885 0.00198285545553
212 46.2258140175 -6.42405230959 -21.3006905893 0.00618976779586
213 47.1166042129 -6.63678523715 -21.5918362356 0.00302009652865
214 48.0545009437 -6.43961886798 -21.6586312541 0.00412063655215
215 48.9682984444 -6.24166078183 -21.8782342636 0.0049961620768
216 49.9256196341 -6.17787685057 -21.9114187801 0.00779252366149
217 50.8839034527 -6.14351325567 -21.942416211 0.00556606277357
218 51.8401668868 -6.1807362928 -22.0037716205 0.0033847880767
219 52.7712489597 -6.05147635333 -21.8154151186 0.0043435172222
220 53.6854066608 -5.84771836198 -22.0184290004 0.00435088042225
221 53.6612083821 -5.54986465317 -22.9291959905 0.00434883365207
222 53.6944597323 -4.89074927706 -23.6235117826 0.00296910177693
223 53.2680324716 -4.33923390512 -24.280051015 0.00317125520128
224 52.9640901734 -3.79642903174 -25.00781864 0.00207458457846
225 52.4798277597 -3.36280890235 -25.710477151 0.00282830384063
226 52.2321472371 -3.32949253951 -26.6345125741 0.00345605318634
227 52.0117331961 -3.65930449925 -27.5052682551 0.00479182036133
228 52.213253273 -4.12025358649 -28.3186094328 0.00329973917561
229 52.4225927709 -4.56929069878 -29.1362789088 0.00582012897731
230 52.8095853759 -5.25382276657 -29.6785992704 0.00415865277974
231 53.048547968 -6.04076953628 -30.1636019309 0.00326495278489
232 52.8016943248 -6.86590130457 -30.5748647345 0.00371614113973
233 52.6246652976 -7.77039665099 -30.8210545008 0.00265122049059
234 52.6228835993 -8.45989453236 -30.8996840221 0.00292947694818
235 53.1090914075 -9.05157549756 -30.4527297103 0.00542469274765
236 53.8029687642 -9.03739833928 -29.904481521 0.00692458957431
237 54.0410623363 -8.93411695237 -29.7620826834 0.00141969613178
238 54.6762822809 -8.47390815647 -29.3702232134 0.00565802408849
239 55.0978086858 -7.71019801049 -29.3222383066 0.00619313294811
240 55.3797998021 -6.98856869466 -29.7192787609 0.0214620857684
241 55.6394834627 -6.54787009206 -29.029911434 0.00444841759262
242 55.6063237415 -7.08416641651 -28.3642763252 0.0207373389085
243 56.1606140725 -7.19631778252 -27.7426856799 0.00796695456552
244 56.9572853557 -7.14181929442 -27.9803936672 0.0138003654973
245 57.136895296 -6.38613870289 -27.7146863408 0.00530662548779
246 57.1457039577 -5.5757465549 -27.6225691595 0.00917419637356
247 57.3359298799 -4.87877692851 -27.9810859443 0.00420098976322
248 58.0958562637 -4.78907521175 -27.7417153085 0.00934310242463
249 58.8507921079 -4.98317267199 -27.8555548041 0.0371677463507
250 59.1636802067 -4.48906473629 -27.4147526269 0.0083719387085
251 59.4616476815 -3.85403517808 -27.2697217596 0.0175495074489
252 59.6243980136 -3.83644104445 -27.9296391411 0.01056622255
253 59.6307479389 -3.81245990653 -28.5823921956 0.00464727240199
254 59.1013050299 -3.72894280108 -28.9309770276 0.0112029721961
255 58.7614224755 -3.26701562475 -28.738199184 0.0084452884349
256 58.2019606039 -3.40007841305 -28.7057545075 0.00897228633797
257 58.5113524735 -3.01944893128 -28.4749975636 0.0130190721208
258 58.4811741161 -3.0329858364 -28.9600080089 0.0137524706776
259 58.7924912437 -2.78837893717 -29.0905825031 0.0107600090012
260 59.1332524548 -2.71552723718 -29.0623321791 0.0102547001828
261 59.1272136626 -2.85689676629 -29.3097428903 0.0123146913537
262 59.2585333576 -2.68771135212 -29.2884837856 0.0214328550773
263 59.2838583 -2.5918610463 -29.2401168604 0.00708526902475
264 59.2338153817 -2.65588002265 -29.2530498431 0.0101864237978
265 59.2370103538 -2.67476082761 -29.2946868663 0.00723112434471
266 59.2587750503 -2.68215689458 -29.284047213 0.00916025156934
267 59.2601504942 -2.6780627195 -29.2888539987 0.00629158440304
