0 -0.533402795339 0.654762683493 0.523189623022 0.0058456353239
1 -0.982545009861 1.32361137883 1.10442721878 0.00184015590881
2 -1.41452263296 2.02253041494 1.66282724575 0.00968736888528
3 -1.91020411748 2.6548169593 2.24707044972 0.00238250063012
4 -2.38408984874 3.2515492266 2.88437980146 0.00879945492468
5 -2.92043005372 3.69959766403 3.59032337725 0.00334339801112
6 -3.51711215383 4.13604983378 4.25380094903 0.00484965931801
7 -3.86422430681 4.71707650212 4.98086422126 0.00594038394353
8 -4.18983790881 5.24907328457 5.75392201048 0.00358644696134
9 -4.36362165761 5.53340228605 6.28931181329 0.00195830317128
10 -4.26795535222 6.27548172828 6.92489061494 0.00591886382459
11 -4.21612586477 6.92248336675 7.66132091093 0.00850177972669
12 -4.05026262839 7.61634034337 8.33530304383 0.00623436426484
13 -3.75031577963 8.42427138683 8.80440027824 0.00359014895531
14 -3.26359222904 9.19542583064 9.16630503778 0.0244677497847
15 -2.84472516264 10.0337701052 9.45461191357 0.00650166318228
16 -2.31729532506 10.745609267 9.87442985578 0.00166008980621
17 -1.8653863619 11.4555187686 10.3773445288 0.00174297824476
18 -1.47796017691 12.0342207971 11.0674085516 0.00988914091321
19 -1.09878285602 12.5105291517 11.8356123911 0.00594773702264
20 -0.841632480861 13.0832378961 12.588176006 0.00198743564626
21 -0.733477376155 13.5982845668 13.414907803 0.00360062421923
22 -0.582400800405 13.9957989675 14.2978018042 0.0157668722775
23 -0.559888952047 14.4519399758 15.164377653 0.0138709029261
24 -0.435392766455 14.7960312852 16.0726484754 0.0112956222385
25 -0.419341016699 15.1974597664 16.9652997054 0.00659341290225
26 -0.359866953513 15.5811529035 17.8636976389 0.00356860781772
27 -0.393880880729 15.9321123338 18.7765884189 0.00207628636789
28 -0.440049583052 16.4680632252 19.5939538512 0.00282391287223
29 -0.331627839552 17.1055469917 20.3281651876 0.00424688490176
30 -0.307354634299 17.7268833949 21.0833755358 0.00287847078087
31 -0.425656031803 18.4719061205 21.7059794214 0.00239478680903
32 -0.910141860617 19.1752206099 22.1824805786 0.00449810528161
33 -1.52769646622 19.8236923487 22.5751966824 0.00655613167451
34 -2.240046525 20.3670048818 22.9664745053 0.00596852811159
35 -2.99446577833 20.8079967141 23.4044036057 0.0015369278611
36 -3.69381399457 21.3929874214 23.7564795195 0.00579425066135
37 -4.38928745654 21.9986631871 24.0795385816 0.00412142217694
38 -5.14407588404 22.5046899952 24.4385538338 0.0021462858105
39 -5.87654425626 22.9692213525 24.8883169299 0.00172561938035
40 -6.69243037191 23.4287941877 25.1667121941 0.00451201805882
41 -7.33730430463 23.0874141532 25.8163045678 0.0091659339187
42 -7.8231056024 22.4786511128 26.4054912384 0.00638145496603
43 -7.91767261744 21.5191149518 26.2524790197 0.00390286565758
44 -7.99891172034 20.5497065452 26.1722007538 0.00264465373685
45 -7.75838991842 19.6340947583 25.9345698153 0.0044009325187
46 -7.56256662512 18.7297755969 25.6243026222 0.00424528836756
47 -7.28258616753 17.8040678596 25.4949480821 0.00638692495224
48 -7.01362931079 16.8737978547 25.3771271465 0.00678548238134
49 -6.54649482433 16.0703439834 25.6728715863 0.00405588214997
50 -6.21058106049 15.1738828179 25.8583712996 0.00349185463563
51 -5.8728763698 14.3517221722 26.2593210091 0.00317865647532
52 -5.24955485418 13.8400880853 26.807362098 0.00314353913784
53 -4.65282001842 13.2975404163 27.3550614076 0.00367258302422
54 -4.36585579645 12.5491100354 27.9097438564 0.00128514805756
55 -4.07876279988 12.1372422673 28.7454212392 0.00439631832193
56 -3.68935528996 11.7241398658 29.5377248088 0.00535733622588
57 -3.28401082208 11.3786555398 30.3538232517 0.00561943683821
58 -2.64779116594 10.9582609395 30.9600373198 0.00462783776211
59 -2.02565372456 10.6556677969 31.6456969271 0.0202625752684
60 -1.25165093507 10.2866351826 32.1057858915 0.0032090357741
61 -0.457789487166 10.0893509102 32.6326776899 0.00200365854961
62 0.216393211377 9.83348415167 33.2859301795 0.00312438660547
63 0.975045632333 9.92727637068 33.8876504481 0.00539224414959
64 1.51066047563 10.2580577417 34.6291722898 0.00539495598121
65 2.00423269446 10.8910871896 35.1779318249 0.00374028716246
66 2.14103589198 11.639135852 35.7836833361 0.00383938624392
67 1.86855555416 12.0750257022 36.6088843554 0.00366979868473
68 1.6687793323 12.3960059061 37.5044673803 0.00441744133061
69 2.60593892167 12.357747041 37.7578234351 0.00214251066245
70 3.56134551322 12.5147471915 37.8367409501 0.00587904544582
71 4.52957108121 12.4825939439 37.7684364429 0.00375241249425
72 5.47357459575 12.3815164647 37.5647142956 0.031567706279
73 6.43513977539 12.4604949909 37.4696235607 0.0124214588714
74 7.35211690376 12.7339112992 37.3177280914 0.00674800976247
75 8.2666430707 13.0526663054 37.3199981385 0.00537708129324
76 8.5686111782 13.03816138 38.2402825054 0.00594588212628
77 8.80252239729 12.9883088334 39.1786543445 0.00284547476084
78 9.02664116565 13.1020834475 40.1136751542 0.00500655874865
79 9.74112650797 12.6728791106 39.6222346476 0.00274109988851
80 10.4394821689 12.2343016886 39.1163797281 0.00258072175441
81 11.1665729965 11.9003823935 38.5727433403 0.008307681408
82 11.7458299949 11.4720015399 37.927859822 0.0010763063426
83 12.0601016425 11.2516179648 37.0402316781 0.00492046355364
84 11.5341926257 11.2102054865 36.2301533566 0.00383913269307
85 10.8489149531 11.2625764027 35.550801555 0.00348249687824
86 10.0695416751 11.3995456773 34.9966279854 0.00384091039945
87 9.35433901958 11.4968545086 34.3547700222 0.00426704457636
88 8.69163234876 11.4904340423 33.6523903366 0.0204495076651
89 8.12027600153 11.674316453 32.8974701468 0.0024966989249
90 7.35343157858 11.9557147411 32.3853687957 0.00502477368008
91 6.63253520173 12.0275418472 31.7496303718 0.0165844745486
92 5.85044699228 11.9017979153 31.2026103902 0.0232644272436
93 5.14975778725 11.5450475844 30.6501407226 0.00407887438611
94 4.3567645615 11.1410205417 30.2888093013 0.0047960527515
95 3.50733833444 10.6988110944 30.2203552526 0.00628731475504
96 2.89014188344 10.0355289343 29.9040297487 0.00590980492061
97 2.27862352366 9.44440102786 29.4604419113 0.00489389466575
98 1.84217704016 8.59178566666 29.5015452571 0.00319168313225
99 1.35302780838 7.8112423108 29.7664972302 0.00398147239204
100 0.99438557254 6.93741164029 29.6058412711 0.00401054699453
101 1.33853898116 6.07775391863 29.850701347 0.00467099316398
102 1.64951238316 5.17724446478 29.9452868202 0.00661590250381
103 2.20916182478 4.44461687138 29.6891906166 0.00267542837199
104 3.06896321361 4.07046124979 29.5000170431 0.0013711041533
105 4.01950013792 3.98873787426 29.4325003714 0.00398801101798
106 4.876131345 4.4120133584 29.399604243 0.000622901890461
107 5.11437251975 4.49565110273 29.4347342789 0.000573770071422
108 5.96633231999 4.8912026781 29.5936505958 0.00399463130839
109 6.72943787038 5.45445567238 29.6781915186 0.00333817406759
110 7.33633217586 6.18067150646 29.5764296738 0.00635082260408
111 7.61259774342 7.08961314608 29.6239429803 0.00532369514953
112 8.00181265223 7.94795653468 29.7481334897 0.00306607075728
113 8.40482761643 8.7903729332 29.9240700945 0.00743189133994
114 8.7197464567 9.60695510212 30.2923426271 0.00428434442326
115 8.91868938261 10.4810842922 30.6036594399 0.00566637289228
116 9.09044302807 11.3792617131 30.8547542189 0.00567108889914
117 9.17189044543 12.3232895272 30.8482289371 0.008045107642
118 8.96423306596 13.2407538964 30.7427500255 0.00459308167057
119 8.95485910879 14.076478907 30.2992715237 0.00669940210821
120 9.31816654053 14.8937838386 29.9936717542 0.00369100750572
121 9.8245717063 15.4456030729 29.4175561473 0.00730151174381
122 10.1184320427 16.1996573074 28.9318919981 0.00622238493432
123 10.369232029 16.9411740474 28.4060505976 0.00374928264264
124 9.76146618525 17.6584659455 28.3438332575 0.00678539052497
125 9.14300555027 18.3678466626 28.3307789699 0.00489457230392
126 9.09042189187 19.1571153635 27.8215869465 0.00695014652021
127 8.87862076275 19.9692701519 27.3992350421 0.0044481112854
128 8.53047244641 20.5522557168 26.7504621185 0.00407770769912
129 8.33590874881 21.0892657148 26.005621132 0.00396465595259
130 8.00932897758 21.9210622506 25.7221357357 0.00257689910837
131 7.60843495777 22.7521163482 25.8853367911 0.00455742021502
132 7.7427391017 23.6653838766 25.7289134575 0.0049190337259
133 6.89907748839 24.0437329624 25.8705558268 0.00711604869913
134 6.08247113364 24.3992854245 25.5886215246 0.00320791151382
135 5.34407588748 24.8004119602 25.1815403711 0.006436340202
136 4.81505302118 24.5119686094 25.893770141 0.00148887827739
137 4.20468831461 24.3835205566 26.5871093297 0.00333457635559
138 3.69539630113 23.8836194048 27.1863237435 0.0204830254919
139 3.42316410618 23.2692576647 27.826071917 0.00228590210297
140 2.87201831371 22.8951444391 28.4712280582 0.0011610872396
141 2.50903153216 22.7087759429 29.3040578512 0.00900622490873
142 2.00405670795 22.6088048605 30.0729846937 0.00433304151593
143 1.89096053518 22.3290952146 30.9469412635 0.00482060484432
144 2.67512589553 21.8482049973 31.0167912587 0.00663016006528
145 3.5761560854 21.9599401307 31.1711679419 0.00719102047848
146 4.30431961399 22.4118470156 31.5038201223 0.00570665329586
147 4.48609451624 23.1674706419 31.9924024904 0.00255652673366
148 4.67461765038 24.0474290814 32.1688390726 0.00459086459312
149 3.9436070183 24.4862157882 32.5035584899 0.00798111703677
150 3.22603995915 24.9964405467 32.7475992487 0.0046804046914
151 2.33106787691 25.0190641171 32.9230594153 0.00321601457266
152 1.51394333149 24.635849771 33.0494584765 0.00255121516389
153 0.724813911065 24.200906989 32.9181362359 0.00648211393711
154 0.0846497471417 23.6945692236 32.518465499 0.00510395206594
155 -0.0290325013046 23.096543186 31.845245847 0.00432057351365
156 0.317378150411 23.0263288276 31.0103913888 0.0105177277428
157 0.754486799297 22.5513832173 30.379422981 0.00405523391348
158 0.703608185862 21.9212603967 29.7370801283 0.00432605299681
159 0.861635586973 21.2994304858 29.1063822681 0.00292781693696
160 1.10905624753 20.7685645545 28.4247263458 0.00805699121994
161 1.53328833799 20.5092299688 27.6795580721 0.00405148216873
162 1.89539568357 20.2700389497 26.8975732782 0.00459039559135
163 2.25806157913 19.9029617116 26.1695343308 0.00740417882367
164 2.06165928726 19.5208774743 25.3907636734 0.0069936094848
165 1.90461237649 19.3159134756 24.5426488736 0.0051210616388
166 1.17749790216 19.7004706008 24.2210770315 0.00540644627893
167 0.364935283314 19.9711996511 24.4253768818 0.00730851887483
168 -0.415814274021 19.9229806278 24.8221346705 0.00738853469759
169 -0.929562492452 20.1555548664 25.4895906198 0.00451961375227
170 -1.40260057623 20.6085815559 26.0639594058 0.00585552924156
171 -1.32618780478 20.2505978072 26.851460897 0.00398551225966
172 -1.38205009328 19.960482859 27.6657129031 0.00545217325073
173 -2.09443944448 19.9587347486 28.151211621 0.003556403613
174 -2.8912727044 19.890201829 27.8360909701 0.00671241593413
175 -3.08770940047 20.3288737128 27.1276625191 0.00681471804729
176 -3.47498495325 20.8918410951 26.6204899436 0.00418095940384
177 -4.17119656379 21.3526121307 26.474753319 0.00577577875313
178 -3.80313951807 21.5853162093 25.7514037245 0.0051890916242
179 -3.57015940466 22.1037154417 25.1328593393 0.0271104480222
180 -3.4074492612 22.8906605476 24.995615525 0.00730705963897
181 -3.69620984305 22.7585480186 24.2514712644 0.00794295948219
182 -4.21698026344 22.5467311151 23.6865436215 0.00467881709631
183 -4.64216587572 21.9282675581 23.9355893252 0.023672735273
184 -5.22946012172 21.7951452162 24.3968840886 0.00715908644149
185 -5.51895096415 21.1500936144 24.6371691825 0.0167092362356
186 -5.62639474313 20.5485354168 25.0127922983 0.0102241280161
187 -6.01546390333 20.0226852212 25.2507682805 0.00386905846072
188 -6.34021878784 19.5808761446 25.6660701239 0.00851863453371
189 -6.10460256307 20.1842645363 25.5069406882 0.00265258377508
190 -5.66507183435 20.5568225767 25.1839859257 0.0100214197199
191 -5.25169803629 20.8899012556 24.8391304113 0.0133215584635
192 -5.26225474378 21.2813415284 24.3962276446 0.0127663603523
193 -4.88101385243 21.6456902225 24.5268701338 0.00601898210589
194 -4.62911960704 21.1934434608 24.5523956188 0.00922402982926
195 -5.05724345601 20.9941243852 24.4902860171 0.0108370319742
196 -4.87721308928 21.1730210606 24.8181774231 0.0134555717308
197 -4.8810533613 21.1288235749 24.9610618631 0.00689971137117
198 -4.96074198753 21.1349008205 24.8750639503 0.00682122877814
199 -4.87964048414 21.1040417528 24.8973685317 0.0159243288704
200 -4.88327970068 21.1246999957 24.9242711028 0.00586148992428
201 -4.87274877954 21.1179955808 24.9390072456 0.0129754731691
