0 0.330148988163 0.16013677583 -0.923278912608 0.00434855587062
1 0.505110171484 0.400972651342 -1.87114296747 0.0089941169211
2 0.453198028832 0.650879015711 -2.83126830227 0.0037051149455
3 0.355104689642 0.814199455922 -3.80629019609 0.00254774692966
4 0.229826718389 1.04403461167 -4.76463040323 0.00323439899852
5 0.0179561024369 1.23984889274 -5.71524672601 0.00699380516439
6 -0.298000910329 1.40044543446 -6.64326293669 0.0546862374545
7 -0.610433307523 1.44729256954 -7.58482818536 0.00583965820563
8 -0.893486722203 1.37682389293 -8.5341534967 0.00432180582095
9 -1.20588796703 1.2079160769 -9.46158534237 0.0022353076397
10 -1.62531631748 0.985065135918 -10.3337250418 0.00634571861058
11 -1.88541350592 0.799932335223 -11.274073624 0.0056511095487
12 -2.04995565526 0.513818882455 -12.2106581663 0.00536927865496
13 -2.20088008346 0.289110125367 -13.1660697511 0.00515908318131
14 -2.32129177764 0.0427609331836 -14.1204529791 0.00293295519309
15 -2.47217055602 0.0310915584082 -15.1018388407 0.00369093278125
16 -2.54363462235 0.0190503903944 -16.092159863 0.00275490383795
17 -2.66307585698 -0.032860446611 -17.0765367058 0.00191960877441
18 -2.7304378026 -0.0988161427412 -18.0649973579 0.00740069469797
19 -2.909509829 -0.0509784298737 -19.0404509127 0.00532454953741
20 -3.00809569996 -0.0540010418791 -20.0284240181 0.00294588314765
21 -3.16173605589 -0.0326374113029 -21.0090999354 0.00260151597699
22 -3.41055208666 -0.0570034010243 -21.9699585006 0.00294179706865
23 -3.57488519357 -0.179054467421 -22.9414658948 0.00633655714588
24 -3.73559329136 -0.310624827695 -23.9123046415 0.0108975718285
25 -3.96917436085 -0.377269650062 -24.8748802554 0.00377342685915
26 -4.0058310619 -0.397791241964 -25.0670935336 0.000417504671209
27 -4.244707772 -0.839729037792 -25.9152936155 0.00600245639806
28 -4.11939719378 -1.0006071025 -26.8797419238 0.00417619795767
29 -3.95120226653 -1.30749442502 -27.8012158351 0.00450537276972
30 -3.94879010451 -1.60815489453 -28.7398664338 0.00256153196643
31 -4.04409584985 -1.79337412409 -29.7032075878 0.00300112190516
32 -3.87065513833 -1.98394531867 -30.654478407 0.00466431279872
33 -3.76298207464 -2.16610714635 -31.6169807931 0.00316467077632
34 -3.58301863814 -2.53830601203 -32.5114693724 0.00539728066215
35 -3.20930798859 -2.77339170855 -33.3923372992 0.00542328447327
36 -2.7487427651 -2.98627474276 -34.2368585794 0.00356919139873
37 -2.29914136286 -3.01261477959 -35.1130655427 0.00283091497978
38 -1.8745527535 -3.13066811226 -35.9941323287 0.00433393152134
39 -1.42459714071 -3.29164669272 -36.8555057091 0.00256524098582
40 -1.29611356954 -2.99414470561 -37.7857242424 0.001814567784
41 -1.08977394528 -2.72480101081 -38.710460833 0.00311019635107
42 -0.758909110925 -2.42038638621 -39.5868036156 0.00168724547338
43 -0.532770848896 -2.2578646805 -40.5315662095 0.00305827636258
44 -0.274630344224 -2.13081308612 -41.4735055822 0.00137054470308
45 -0.0191833553525 -2.03029731819 -42.4193555045 0.00357703708897
46 0.118153077429 -1.9103903361 -43.3871661789 0.00257481550677
47 0.164208331758 -1.96767876737 -44.3692178281 0.00499149133865
48 0.265257811043 -1.912634642 -45.3441686509 0.00547429266541
49 0.444639884654 -1.74362367264 -46.2973813815 0.00452397207216
50 0.457768447493 -1.60408204467 -47.2718480861 0.00400323918778
51 0.459919543859 -1.64913603234 -48.2552458977 0.00602676702229
52 0.0950091090209 -1.60943422589 -49.1685339273 0.0392776385176
53 -0.287268517068 -1.65947849906 -50.0734127242 0.00549601650855
54 -0.828935506105 -1.69173444798 -50.8936069777 0.00655649778646
55 -1.21441120985 -1.68816070455 -51.7982614808 0.00291847524279
56 -1.60012219204 -1.86204808835 -52.6858808369 0.00382205943318
57 -2.37733243571 -2.24297870326 -53.1519699181 0.00419285213956
58 -3.18805269819 -2.56287985734 -53.6065389739 0.00459802739513
59 -3.91782052025 -3.07389210282 -54.0216846241 0.00488856300248
60 -4.51890244667 -3.49244954705 -54.6770572651 0.00808542245597
61 -4.90515592949 -4.01283053445 -55.4158189445 0.0105345825152
62 -5.11745370759 -4.76465203541 -56.0115692515 0.00191279277241
63 -5.47214927972 -5.5793384786 -56.4305154372 0.00769627704074
64 -5.69588657899 -6.42363819918 -56.8797829522 0.00462874779209
65 -5.74181171151 -7.31069933426 -57.2987680345 0.00341690424277
66 -5.95428018107 -8.15744929609 -57.7485251532 0.0036432738905
67 -6.10121479119 -9.03682944112 -58.160032303 0.00350948836337
68 -6.09659651996 -9.94645976147 -58.5296548251 0.00239479832877
69 -6.06178210274 -10.878762449 -58.8354994654 0.00455969245298
70 -5.97055572303 -11.8501726206 -58.9438310036 0.00358618147394
71 -5.7695496817 -12.6360221288 -59.4967900175 0.00821927973797
72 -5.46200704355 -13.3067233089 -60.1441078067 0.00133269027823
73 -5.11671615139 -13.876709278 -60.8647594919 0.00444074589248
74 -4.70291486076 -14.4122515107 -61.5755395822 0.00542724150041
75 -4.31952590639 -14.9133338705 -62.327186735 0.00492018950918
76 -3.92538201504 -15.4438596555 -63.0524401099 0.00485323679731
77 -3.39796112641 -15.9558456633 -63.702217607 0.00338780047525
78 -2.81579526702 -16.4615142824 -64.3086050019 0.0067145041062
79 -2.25691522296 -16.9511335848 -64.9488930292 0.00296001974391
80 -1.54252260314 -17.2183818658 -65.5654213809 0.00297531165689
81 -0.755080524886 -17.3627191004 -66.1318215194 0.0045922917902
82 -0.140274519446 -17.2197228068 -66.8823006431 0.00160846681761
83 0.815305676432 -17.4388897116 -66.876598229 0.00366635517988
84 1.77825989615 -17.6179487977 -66.8355767419 0.016565186947
85 2.68874489984 -17.8220996151 -66.5362167073 0.00629693185698
86 3.42714250846 -18.2180589829 -66.028216289 0.00255096290272
87 4.13206662783 -18.5040134228 -65.4106817934 0.00345320693218
88 4.84508504217 -18.8901911999 -64.8608826921 0.0047119172768
89 5.45887589267 -19.2271936262 -64.1757731031 0.00389708836441
90 6.24357368558 -19.2337624294 -63.5895965048 0.00279110392953
91 6.9151484234 -19.3584812334 -62.887605956 0.00913326267678
92 7.52799876717 -19.5009458914 -62.1372392187 0.00206200749042
93 7.99613968285 -19.4229993412 -61.2806680444 0.00419946771758
94 8.49399501836 -19.4693239322 -60.4388250276 0.0111088607067
95 8.88352119843 -19.6282304863 -59.5549815345 0.00326694149822
96 9.36847335389 -19.7152838334 -58.7092997053 0.00414261757741
97 9.82258962941 -19.7896632222 -57.845600903 0.00731339985793
98 10.17923327 -19.8354697198 -56.9356059377 0.00474957968732
99 10.6014515677 -19.6837233339 -56.0662574098 0.00560178867493
100 11.1857775441 -19.5124489592 -55.3008538233 0.0042206026856
101 11.7417697833 -19.2259581993 -54.5490888533 0.00339037222922
102 12.2641293215 -18.9247220869 -53.7792994993 0.00573410532926
103 12.8325361074 -18.7282844244 -53.008476348 0.00347244866811
104 13.1949929355 -18.2676989735 -52.2260850794 0.00489740361025
105 13.4982336589 -17.6728780856 -51.5122854726 0.00844159043414
106 13.6979002697 -17.049639 -50.7866945574 0.00206887703827
107 13.4504040129 -16.4332108921 -50.0701751106 0.00228140276125
108 13.2426932472 -15.7188565202 -49.4369595357 0.00397907323757
109 12.8315880333 -14.9556474174 -48.9869530717 0.00529131303995
110 12.3496853816 -14.3558179312 -48.3854811578 0.00293663050429
111 11.828860388 -13.9810818993 -47.6492297123 0.00409724562515
112 11.361958016 -13.6277623332 -46.8677486913 0.00336243134783
113 10.9198074055 -13.4339086272 -46.0190196794 0.00602776793306
114 10.5146647822 -12.9447773126 -45.277740261 0.00361486802873
115 9.83548311374 -12.729733031 -44.6106354114 0.00296957433767
116 9.31442403289 -12.43945076 -43.8381575721 0.00473661839465
117 8.67076576972 -12.2487225113 -43.1300484785 0.00261318571063
118 7.95000739494 -11.9472049184 -42.5457748306 0.00751524659795
119 7.26073123548 -11.5853238532 -41.9582299666 0.00327410686069
120 6.68854807629 -10.9605027859 -41.4753728619 0.00700653001329
121 6.02276925656 -10.3871989227 -41.0529198231 0.0115616278701
122 5.35984402363 -9.96298384091 -40.4782236386 0.00607734476633
123 4.72117319556 -9.45378420779 -39.9471578829 0.00450059687251
124 3.95528997281 -9.29674730295 -39.3660450084 0.00149948942789
125 3.14496863485 -9.0061681255 -38.9103635649 0.00193242831655
126 2.1893007462 -9.18698979718 -38.8616075998 0.00157915116845
127 1.30311735845 -9.58679931809 -38.9171670187 0.00578048302677
128 0.487194204986 -10.1146997983 -38.8588265004 0.00372188048486
129 -0.262665063199 -10.7212956624 -38.9903175573 0.00490772098691
130 -0.855382079984 -11.4777461146 -39.1440326751 0.00518791956937
131 -1.38202896714 -12.2700364503 -39.348198709 0.00264379260115
132 -1.88035262187 -13.0846817786 -39.5341377653 0.00260961502605
133 -2.47289074434 -13.8547530398 -39.580997084 0.00204200534896
134 -2.55000074235 -14.8119024358 -39.7361774631 0.00592681126453
135 -2.72970477025 -15.7307604557 -39.999095403 0.00534070405517
136 -2.47555807262 -16.6666807132 -39.9306902926 0.00507314119098
137 -1.93802758372 -17.4014265604 -40.2714328625 0.013249594311
138 -1.27785007384 -18.0083309569 -40.6450835419 0.00442668729593
139 -0.610746972805 -18.4295145145 -41.2117830844 0.00472871624882
140 0.200127410016 -18.7253410977 -41.6567562122 0.00431740215419
141 1.0552994743 -19.1071828414 -41.9124740126 0.00469287869546
142 1.9459882401 -19.2670915267 -42.2635403973 0.00496101195784
143 2.84961577475 -19.1839548603 -42.6073853007 0.00397101248832
144 3.67029304679 -19.0777387766 -43.1140021337 0.00460971794869
145 4.44937589318 -19.0223892846 -43.689382691 0.0026463737004
146 5.31537787483 -18.8372498377 -44.0848979482 0.00348893181277
147 6.1861470735 -18.5138556716 -44.3631622497 0.00766315139853
148 6.76730768043 -17.7769988988 -44.605616484 0.00366640319693
149 7.48806740356 -17.1296373556 -44.5833563692 0.0034366908
150 7.99651754475 -16.3189980968 -44.735311581 0.00627302293962
151 8.35266312325 -15.4184414221 -44.751066227 0.00439560461967
152 8.40740087615 -14.4517600468 -44.7641225203 0.00547915231192
153 8.3417922865 -13.4902034659 -44.6736601224 0.0138460470673
154 7.97547701377 -12.6091285891 -44.5151007048 0.00429473137443
155 7.58550810069 -11.7461434272 -44.3192771302 0.00820706448657
156 7.21228874638 -10.8571026514 -44.2519773231 0.00298931269503
157 6.93017119615 -9.95131908595 -44.0679219167 0.00196429660961
158 6.4697639046 -9.14137399076 -43.8115294267 0.00292068262042
159 5.70803659946 -8.54815588373 -43.8458698117 0.00266477116406
160 4.88003551186 -8.06924055772 -43.7114035497 0.00219665370729
161 4.15631898072 -7.56451921184 -43.3184431301 0.00288276644395
162 3.28469449945 -7.22437406671 -43.0795906705 0.00232198353777
163 2.48103226018 -7.05371485931 -42.5722072966 0.0039113186891
164 1.75066082389 -6.70771408186 -42.0441568029 0.00468466226955
165 1.1604014958 -6.541261502 -41.2987409902 0.0040158180129
166 0.534008972689 -6.36096022808 -40.5871673583 0.0176205109232
167 -0.0613649070795 -6.42752753648 -39.8320609702 0.0047935392688
168 -0.385466787544 -6.96345243287 -39.0998254525 0.00344891052809
169 -0.852732034597 -7.37053020426 -38.3623055199 0.00375618886265
170 -1.36807008867 -7.59981297936 -37.5816486263 0.00390297944527
171 -1.65487150972 -7.70392034676 -36.6682845872 0.00417544389137
172 -2.21929334034 -7.9737105684 -35.936826548 0.00365570642924
173 -2.57456388875 -8.30694709523 -35.1068754658 0.00690725598835
174 -3.03315734629 -8.61193938971 -34.3183902178 0.00512673433304
175 -3.14526792826 -9.09148184173 -33.4926429512 0.00215033797269
176 -3.03832972303 -9.80525597194 -32.8579692793 0.00382151334316
177 -2.72831678143 -10.4650801755 -32.2321299128 0.00389053404639
178 -2.16086705375 -10.6493411982 -31.4792305333 0.0054796378059
179 -1.588682401 -10.2011568626 -30.8519343475 0.00493924933293
180 -0.994237940427 -9.56432964317 -30.4496975838 0.00575850565218
181 -0.677262043602 -8.66059048174 -30.4008723421 0.000907677041267
182 -1.47323963472 -8.26940378779 -30.0361412237 0.0029004843054
183 -2.27804790799 -7.98857863837 -29.5971861567 0.00458573781062
184 -3.12328307275 -7.9602902424 -29.1462727431 0.00360228798073
185 -3.97311932116 -7.68908333338 -28.7968756502 0.00347309057483
186 -4.90172897791 -7.81712370417 -28.6007630083 0.0114553705254
187 -5.67797343637 -7.97867626883 -28.0650873603 0.007184722585
188 -6.57145102084 -8.28059430396 -28.2217217064 0.00428496039509
189 -7.439383349 -8.54108548932 -28.5253202203 0.00412328852331
190 -8.04205252391 -9.18170647419 -28.898229793 0.00242471679498
191 -8.55735996433 -9.68062954624 -29.5292151431 0.00625769383832
192 -9.03628638818 -10.0660911787 -30.2597748812 0.00321933007047
193 -9.40070812325 -10.765663357 -30.7969011661 0.00469530221352
194 -9.65191793141 -11.5014840484 -31.3494525209 0.0251058720832
195 -9.85713073454 -12.2404961814 -31.9121643541 0.0112916998799
196 -9.88580903265 -13.0451583735 -32.4162530952 0.00541444327969
197 -10.0689867909 -13.7703025723 -33.0010463798 0.00302263237378
198 -10.0000336441 -14.536137009 -33.5572771262 0.00553232842678
199 -9.47394537452 -15.1756621316 -34.0193225639 0.00162676943628
200 -9.535196023 -15.7244846798 -34.790393277 0.0090952589022
201 -9.66555275708 -16.2804904866 -35.546188942 0.00515932089893
202 -9.93651965136 -16.6774819434 -36.3618296253 0.00880304714378
203 -10.1061435875 -17.2723065294 -37.0768750762 0.00433420573085
204 -10.092627381 -17.5984785916 -37.9638374434 0.002478068182
205 -10.4410854325 -17.9818317911 -38.7537590932 0.00634733045017
206 -10.833923153 -18.8321851892 -38.864238186 0.00250742259218
207 -10.666116018 -19.7072124419 -39.1729127935 0.0281490029721
208 -10.2594930179 -20.5508195653 -39.23605337 0.00496965203228
209 -9.52153010888 -21.1103807346 -39.0882787789 0.00582044300823
210 -8.63715110543 -21.3112832011 -39.3234693007 0.00522015566465
211 -7.7252970924 -21.2814262188 -39.5326605222 0.00882688854758
212 -6.79939038439 -21.407170247 -39.5254131315 0.00615013123613
213 -5.93597933135 -21.1779305789 -39.7959977255 0.00721119698394
214 -5.31826624051 -20.7483461747 -40.3465521938 0.00349379920453
215 -4.78600753016 -20.213289775 -40.892805547 0.00354870470945
216 -4.4538379302 -19.5452898869 -41.4497319441 0.00759719425533
217 -3.8785714113 -19.1867750871 -42.08586624 0.0139463025026
218 -3.24098148702 -18.6863526604 -42.5345884696 0.00427864148055
219 -2.83034494445 -17.8857240936 -42.7504449267 0.00311653856292
220 -2.3566355728 -17.1162708431 -42.9465605124 0.00211309748786
221 -2.20794999414 -16.20493531 -42.9828269556 0.00667894581456
222 -1.85776159221 -15.3546239531 -42.9089632322 0.00291977228595
223 -2.13265800093 -14.5121982307 -43.1633846887 0.00519224540938
224 -2.6962599839 -13.796136055 -43.0323599134 0.00563678111233
225 -3.58409269769 -13.6586543678 -42.8377214846 0.00747531248926
226 -4.40404578155 -13.956848841 -42.5542408028 0.00398882453009
227 -4.95793113869 -14.4848329094 -42.0497296624 0.00359574586249
228 -5.47328592142 -15.1011973278 -41.6107950964 0.00354478700653
229 -5.35773037446 -15.8477367249 -41.0951602942 0.00405531906182
230 -5.32111686073 -16.5860415303 -40.5584178375 0.00515954762529
231 -5.46090351349 -16.9669844332 -39.7410356696 0.00188733135281
232 -5.99748256757 -17.4918005716 -40.2581474757 0.00623494743625
233 -6.65235334802 -17.9357294412 -40.7067537885 0.00388679580693
234 -7.42127566985 -17.9957098876 -41.1865763238 0.023463583786
235 -7.93661990048 -17.6291728425 -40.5451066715 0.00469634668348
236 -8.3574637634 -17.3235684841 -39.8114748243 0.0091432301792
237 -8.45949407928 -17.3815172436 -38.9229287474 0.0033907645164
238 -8.27534052106 -17.6377703231 -38.0856144751 0.00738334202949
239 -8.04543005349 -17.8444983109 -37.2490875451 0.00739712512334
240 -7.71939482939 -18.0984106967 -36.4624369132 0.00394449776313
241 -6.86781951499 -18.3131250545 -36.3465438095 0.0101355438732
242 -6.0659942112 -18.4188998417 -35.9962880234 0.0049296499785
243 -6.01511425453 -18.8625531663 -35.2382786434 0.00753967280465
244 -5.78833791495 -19.3733116696 -34.5639991614 0.0116851772209
245 -5.28376044041 -19.1955598843 -33.8785635817 0.00592393248413
246 -4.94263838089 -18.9803477625 -33.1118617636 0.00567975628117
247 -4.70596302029 -19.0375567634 -32.283799699 0.00411937951342
248 -4.35256001496 -18.4208408042 -31.8002605939 0.00452857394573
249 -4.57144951991 -17.5975178812 -31.8868552836 0.00764672402642
250 -5.20056328131 -17.0281192933 -31.9536537761 0.0085266882158
251 -6.04552078907 -17.022026548 -31.9449992272 0.00496740010804
252 -6.34931679617 -17.2845086292 -31.2043719739 0.00354299688706
253 -6.53849369224 -17.2599874351 -30.3863709436 0.0046018986702
254 -6.3409196334 -17.1284366339 -29.584580462 0.00220730819235
255 -5.65435267418 -16.9536956156 -29.1457548671 0.00345394779974
256 -5.22679417081 -16.6409139767 -28.5056266419 0.00477528198324
257 -5.60003676972 -16.0479803988 -28.0677525274 0.00900647985028
258 -5.82550147921 -15.4776930598 -27.5263493217 0.0102481415655
259 -6.06773133409 -15.3766202272 -28.2909071197 0.00622533914418
260 -5.9967589221 -14.7077557397 -28.7199237972 0.00739492158526
261 -6.14777682656 -14.2277453015 -29.3281575817 0.0137584099796
262 -6.54473267699 -13.9430462684 -29.9247414756 0.00547632367585
263 -7.03782473928 -13.6762602191 -30.4420195623 0.00646632334562
264 -7.58416042946 -13.7704546433 -30.951287077 0.00361502185852
265 -7.84768145064 -14.4636047674 -30.8678649107 0.00788671662306
266 -8.25270740831 -14.4736872329 -30.2559766133 0.0114099556221
267 -8.45130938684 -14.1478981036 -29.6543106695 0.00465196320153
268 -8.56446792766 -14.3349844781 -28.9859692692 0.00388924466041
269 -8.27887977441 -14.6516817298 -28.4379716601 0.00665038721707
270 -7.7765693899 -15.1057908052 -28.4757108247 0.0149038937227
271 -8.17242406316 -14.949774109 -27.9973067936 0.0074950212705
272 -7.94259743207 -15.0789226738 -27.4379900105 0.0102170653374
273 -7.67262382673 -15.5802038473 -27.5659418399 0.00889979828847
274 -7.17442302423 -15.4414892897 -27.3767656149 0.00750298464342
275 -7.07273314389 -15.05542885 -27.0431333543 0.0133781867036
276 -6.72923334902 -14.7978120774 -27.2023912625 0.00744477925914
277 -6.38987024862 -15.0410832904 -27.2489321969 0.0111381748469
278 -6.65887196867 -14.9253342255 -27.0547152693 0.0109391540879
279 -6.72023184954 -14.879606814 -27.3266121424 0.00482222310429
280 -6.96505055573 -14.8502213621 -27.3876919078 0.0469592712008
281 -7.0057342391 -14.8484741745 -27.3976231012 0.00768485555231
282 -6.99726412952 -14.8607603174 -27.4127967697 0.0103531402676
283 -6.99513327259 -14.8623250364 -27.411943711 0.00345315625371
