0 -0.454514265441 -0.548184557569 -0.692759308423 0.0063478714168
1 -0.92067426727 -1.04471202986 -1.41602690093 0.00378258097274
2 -1.30292697734 -1.58450541386 -2.15726927804 0.00348038575947
3 -1.48159550965 -2.21578832733 -2.90323548593 0.00423190466936
4 -1.60330608398 -2.92778274233 -3.58521807571 0.00158251675848
5 -1.68157463136 -3.61108304593 -4.30203160003 0.00585759112502
6 -1.69204446563 -4.31485282738 -5.00302365482 0.0061611386792
7 -1.40839928227 -4.94547717416 -5.71618565647 0.00561679901793
8 -1.0657730317 -5.68337924698 -6.28606226153 0.00498975249504
9 -0.676612401887 -6.44576394258 -6.78996233833 0.00230284681015
10 -0.346156248571 -7.20430674825 -7.33950182524 0.00688848039769
11 -0.0358147281362 -7.98058015251 -7.87579031964 0.00479425484736
12 0.333783879416 -8.79899114874 -8.30011409924 0.00325874542058
13 0.592752491947 -9.62536926126 -8.78639415649 0.00211794379764
14 0.768655487048 -10.459268365 -9.29638485011 0.0042679600161
15 0.983422677241 -11.3095310395 -9.76253950987 0.00324218122319
16 1.26039968086 -12.069385044 -10.3389717767 0.00493875828459
17 1.59801930195 -12.8618022259 -10.8333313617 0.00276290065592
18 1.84005170448 -13.8142339898 -10.9765819293 0.0122949597124
19 2.27172382046 -14.6842036916 -11.1837770279 0.00178103821084
20 2.6516726444 -15.5727255832 -11.4124059608 0.00344870182684
21 3.03357169503 -16.4453654874 -11.6929947022 0.00306759908153
22 3.27996678441 -17.0368522907 -11.8600955554 0.00227224090109
23 3.81121248088 -17.6887330041 -12.3776959307 0.00400405154107
24 4.50801044034 -18.2438611623 -12.8034353947 0.00286809868181
25 5.33683057825 -18.5469917548 -13.2462175265 0.00415014708143
26 6.16312524824 -18.761406497 -13.7422749795 0.00589173931165
27 6.98126488958 -18.9347383711 -14.2669503272 0.00461730415245
28 7.73358997904 -19.2249780956 -14.836474814 0.00261429306807
29 8.48750100347 -19.4578667576 -15.4297031 0.00210592552631
30 9.23195945327 -19.5035648422 -16.0763945508 0.00436250241708
31 10.0376187008 -19.2951823745 -16.6072798999 0.0100881805034
32 10.8384636301 -19.1913413643 -17.1747137035 0.00226038689356
33 11.6810583526 -18.8995347332 -17.5976546087 0.00561280601921
34 12.4951903225 -18.5175941709 -18.0040515718 0.00364366827339
35 13.2949127949 -18.0537683925 -18.3490790422 0.00245859623123
36 13.8971512341 -17.4714445776 -18.870565834 0.0037737371651
37 14.4361437944 -16.8819270706 -19.4499006994 0.00631246464251
38 14.9385860522 -16.208342245 -19.9669245909 0.00494329362984
39 15.3294164435 -15.3755440103 -20.3232722499 0.000914234823759
40 15.6753067526 -14.5111771224 -20.6495869262 0.00415317280998
41 15.934538043 -13.6514425114 -21.0580294684 0.00436929363788
42 16.1482614878 -12.7423107434 -21.3755588311 0.00354243815209
43 16.3154786958 -11.7881559275 -21.561366721 0.00241421035744
44 16.4513708898 -10.8358432119 -21.7792485735 0.00608165714569
45 16.6429823466 -9.89247211675 -21.9937466162 0.00269386343354
46 16.5719550702 -8.90933121119 -22.0248563185 0.0047705371919
47 16.876610563 -8.04734466945 -21.6551587377 0.00559354631651
48 17.0787495884 -7.22503962019 -21.149818846 0.00400852838645
49 17.0477846514 -6.315859889 -20.7694461743 0.00525043668324
50 17.0171580901 -5.38487239584 -20.4463242271 0.00548284818779
51 16.8224596846 -4.46019288661 -20.1652967368 0.00172463303631
52 16.8084801466 -4.248856215 -20.1117677022 6.10095634266e-05
53 16.6919511367 -3.36179574156 -19.6989703676 0.00353165594017
54 16.5130782283 -2.46787175092 -19.325287508 0.00325945929119
55 16.2079875212 -1.6127846507 -18.9426854263 0.00332274059779
56 15.9032579347 -0.780218525654 -18.5131160854 0.00675429243146
57 15.6206220361 0.0913538228591 -18.1514547284 0.00474609813719
58 15.3302139536 0.907834469956 -17.6832236345 0.00334219278151
59 14.983813305 1.72617511093 -17.2584669834 0.00531046946851
60 14.6574434923 2.39317104056 -16.6114367215 0.00119932968905
61 14.495573847 3.00365347851 -15.8556591036 0.00641580238579
62 14.3520861229 3.46037703598 -14.9949673275 0.00431927823846
63 14.1981770183 4.02069292276 -14.1998960341 0.0019954963517
64 13.9912518474 4.49485784866 -13.3619804458 0.00405274026505
65 13.5962498916 4.9025399522 -12.5573925195 0.00355969043672
66 13.1361814148 5.41054940017 -11.8505248312 0.00249574101245
67 12.3993972892 5.69943919281 -11.2649269331 0.00289130406735
68 11.6177844213 5.76245409374 -10.6697345347 0.00705164358521
69 10.881605139 5.86641374839 -10.0246187912 0.00315437929588
70 10.2331742237 6.07852003047 -9.31508980453 0.00305424761919
71 9.45452468623 6.43495394219 -8.83001832326 0.00601232880737
72 8.69909028927 6.45796856147 -8.19969539998 0.00374628670026
73 7.90649889569 6.6717237338 -7.65707186167 0.00942141390498
74 7.05886153383 6.81657908336 -7.17905923465 0.00307458672224
75 6.15645219473 6.7043125374 -6.80373965509 0.00768361096043
76 5.27695449079 6.67234855745 -6.36438914807 0.00543394183323
77 4.41004506076 6.81805036778 -5.92324170808 0.00293618551564
78 3.53418003323 6.88769327226 -5.48134098855 0.00224156359004
79 2.67505356847 6.82228156137 -5.00718483493 0.00205797879419
80 1.82142684944 6.54248815998 -4.6070273025 0.00472078641056
81 1.03402422751 6.23177935412 -4.10660351271 0.0095654961833
82 0.238544663834 5.66822512129 -3.97974154496 0.00222147857065
83 -0.426811675688 4.97329950043 -3.77778916962 0.00333246377907
84 -0.865731511024 4.17903967582 -3.39984863568 0.00434682503291
85 -1.1664491552 3.34703892274 -2.97143304565 0.00434503141594
86 -1.53203418937 2.53178938136 -2.56187750353 0.00988136090125
87 -1.87242806666 1.71666403507 -2.13135660075 0.00500543209228
88 -2.25330749418 0.981513132472 -1.6022171002 0.00552034972789
89 -2.56478657937 0.199503123152 -1.09554951313 0.00700160575947
90 -2.99842660926 -0.284743640759 -0.358919439045 0.00445722820337
91 -3.39953406648 -0.905110065365 0.288510041703 0.0119346172392
92 -3.67760622516 -1.2792839967 1.15296794764 0.00241789920219
93 -3.90394840727 -1.88131087154 1.89507858336 0.00362430853973
94 -4.08144944598 -2.6273540478 2.50830572053 0.00561602338052
95 -4.05179270769 -3.49869268207 2.95961236054 0.00419908918817
96 -3.97821154643 -4.18335323079 3.65933652778 0.0038728908428
97 -3.73815170827 -4.66209920624 4.48208411484 0.00376302222827
98 -3.42051454889 -5.15314084423 5.27045385491 0.00516947818794
99 -2.92009516984 -5.49833765576 6.04098501605 0.00575053298147
100 -2.55071368316 -6.34519828505 6.37131349649 0.00877537086003
101 -2.0050342478 -7.13798546113 6.56107980835 0.00532666117506
102 -1.45559333999 -7.92775691387 6.75192206296 0.00367504737353
103 -0.857846161541 -8.67612504278 6.96292905826 0.00278799471167
104 -0.0593150260584 -9.2022226159 7.18046538139 0.00365807935441
105 0.677974236069 -9.81380716609 7.39010345427 0.00668615813648
106 1.36355922294 -10.4173077791 7.74658482063 0.00433070843104
107 2.02031431479 -10.9787570036 8.2098541019 0.00560834680301
108 2.84139578302 -11.2666369702 8.6613449637 0.00569778978612
109 3.63985605658 -11.7768257772 8.91172163826 0.0067172872019
110 4.52641537765 -12.1938831514 8.89686684803 0.00965356633678
111 5.49286316392 -12.2970604519 8.77438093433 0.00338400821658
112 6.32066778202 -12.2721098953 8.25112648126 0.00314400888282
113 7.0156949155 -12.6785755099 7.69321342121 0.00595594516656
114 7.83181476695 -12.9463147697 7.22264172141 0.00618981621741
115 8.58216264723 -13.1463641419 6.62606441375 0.00366593355577
116 9.24670019286 -13.3061280938 5.92483992547 0.0165666202008
117 10.0231624934 -13.3891725971 5.33486828925 0.00462454170082
118 10.7659503456 -13.5845910145 4.72848997788 0.00425037164453
119 10.993330281 -13.5867519193 4.6355192191 0.0013373060311
120 11.8619145307 -13.7953063421 4.24318046845 0.00189889880903
121 12.7446378038 -13.9474134306 3.85666575047 0.00603008495171
122 13.6799773169 -13.9367627235 3.58047267951 0.00238607120179
123 14.4853058587 -13.5789427007 3.16263961319 0.00360311086017
124 15.3513862564 -13.1965547863 2.92917585109 0.00174996917145
125 16.1711567009 -12.6992395239 3.10618582112 0.0027579754041
126 16.8068360125 -12.0605326021 3.47839625289 0.010758645882
127 16.5101798904 -11.1609124329 3.70732710941 0.00453434497263
128 16.1408338489 -10.2637072474 3.61806704405 0.00288674036275
129 15.6147414027 -9.46683757233 3.42467747826 0.0193760956335
130 15.1642678047 -8.65182475663 3.14081964966 0.00235047420886
131 14.6034118124 -8.08987339727 2.57741014776 0.00339841095469
132 14.1620517472 -7.50435494384 1.93712269299 0.00547510852405
133 13.4585789876 -6.99783997653 1.49492200897 0.00588261416036
134 12.7710014181 -6.5687465788 0.956678976023 0.00703782731874
135 12.0829820201 -6.05149943043 0.503881967442 0.00286638032009
136 11.590425415 -5.90599428522 -0.322173475676 0.0049793053295
137 11.2047282039 -5.83642318141 -1.21225359217 0.00596682494673
138 11.1216147223 -5.78592539324 -2.17973847496 0.00340940374714
139 11.1356584843 -5.59224525785 -3.13234637625 0.00422538324451
140 10.9788786279 -5.13811090553 -3.97721810836 0.00341432575195
141 10.8742284747 -4.79921318735 -4.88200011753 0.0219430936681
142 10.7956151959 -4.18167967344 -5.62677973062 0.0046088726763
143 10.7363135303 -3.51085454842 -6.32549980918 0.00729419471925
144 10.7805424817 -2.80317924121 -6.98749526743 0.00205301298018
145 10.6551056087 -2.14907540257 -7.69267439812 0.00164909642119
146 10.2430831041 -1.64765859501 -8.41347124925 0.00418990345975
147 9.2869796374 -1.56720170082 -8.55205420309 0.00401171408154
148 8.33754236729 -1.76042622695 -8.5772295018 0.00541950803086
149 7.4674607262 -2.18674153288 -8.56850261856 0.0127428150578
150 6.85552252033 -2.60295844183 -8.8107222793 0.00456480203881
151 6.07212596301 -3.08968551929 -9.10495660039 0.00630806025344
152 5.25395866221 -3.60597203174 -9.08304914321 0.00347857310408
153 4.54469867564 -4.25650089891 -9.18219632766 0.00730266111994
154 4.00243678812 -5.05498204866 -9.24259854841 0.00432787012736
155 3.48764111327 -5.87155207414 -9.18792364741 0.00321889441844
156 2.71158243215 -6.44244434436 -9.10886423362 0.00379686282096
157 2.67504374572 -6.4793644648 -9.11146829891 3.6147919936e-05
158 2.05586220187 -7.21752462948 -9.10383399262 0.00420414796221
159 1.61015675625 -8.05877162528 -9.25030084479 0.00400745925083
160 1.12134546851 -8.80513830975 -9.6128046157 0.00573922927628
161 1.072467052 -9.69753620126 -9.97039930788 0.00450779051381
162 1.09485103531 -10.6590237831 -10.0005126416 0.00440308301387
163 0.882595420736 -11.5967535753 -9.97102707531 0.00420687303287
164 0.710042466436 -12.5426423766 -9.98481896687 0.00504584866562
165 1.06440780339 -13.4290089541 -9.87189927964 0.00288581476315
166 1.70688685404 -14.112974961 -10.0792818824 0.00534631492049
167 2.11491551952 -14.8759601746 -10.4968424377 0.00281865172591
168 2.53171939057 -15.4362950645 -11.1565520371 0.00257379037763
169 3.25117236709 -15.7168873105 -11.7275601987 0.00476294320699
170 4.09840123788 -15.7465922978 -12.1779394715 0.00459179224802
171 4.98368584771 -15.8523266583 -12.5326394005 0.00512845714202
172 5.88978989281 -15.6815000634 -12.7965465215 0.00222993520953
173 6.84298486096 -15.5787843863 -12.8132724816 0.00517710719877
174 7.67207751212 -15.7343254156 -13.2685584623 0.00446896694276
175 8.54037191157 -15.68070397 -13.670158663 0.00141912328304
176 9.33261604037 -15.7806287068 -14.1996787645 0.00467482124012
177 9.98705673406 -15.5444904674 -14.8580269874 0.0063077519937
178 10.5116465493 -14.9055160627 -15.3403808255 0.010476368128
179 10.095622778 -14.5035948967 -16.1021138177 0.00315252769745
180 9.58021371172 -14.2850227633 -16.8773004818 0.00272707080747
181 9.22785110516 -14.5687200633 -17.7195408501 0.00952572604097
182 9.09004350722 -14.8995922297 -18.6049497189 0.00342869085038
183 9.00162778092 -15.0256045932 -19.5474184322 0.00691959526624
184 8.80296793236 -15.005205767 -20.4805579911 0.00709378879826
185 9.03987848725 -15.440183899 -21.2951942325 0.00438812911531
186 9.49424824959 -16.0333705658 -21.8862143047 0.00474060226561
187 10.0042180742 -16.7748182793 -22.1968235265 0.00456316282959
188 10.722200539 -17.3669506122 -22.3947026589 0.00527364055466
189 11.2840806391 -18.0782918595 -22.6819959444 0.00544170882773
190 11.9763900547 -18.6732282308 -22.417715494 0.00497577594876
191 12.6444705432 -19.1787469237 -21.9701151412 0.00543286133261
192 13.1847630627 -19.900031421 -21.6723059579 0.00452307031688
193 13.3811989651 -20.4877332437 -20.9535773716 0.00700026714094
194 13.3930631539 -21.2378046358 -20.3739932517 0.00394532926298
195 13.3582530638 -21.9021682255 -19.6991888759 0.0102882105643
196 13.2338195837 -22.1952087796 -18.8077121174 0.00591723371203
197 12.8552517327 -22.2732412365 -17.9444885528 0.00361361123927
198 12.7347821334 -22.6839605011 -17.1016392569 0.00352021246776
199 12.7002675569 -22.9873601077 -16.2074222031 0.00344854697834
200 13.1636178903 -23.3414130281 -15.4647920512 0.00292747922215
201 13.3685630549 -23.9321760765 -14.7579039633 0.0065474216419
202 13.8491982528 -24.4877493636 -14.1671272796 0.00636433511861
203 14.4044893802 -25.1432125265 -13.7816280202 0.00266068145841
204 14.8590996441 -25.7602299918 -13.2350522022 0.00625378847926
205 15.4088723363 -26.42883771 -12.8679451209 0.00535733873392
206 16.2440681626 -26.7732766871 -12.6106885688 0.00325176454906
207 17.0747295954 -26.9317575009 -12.2026614793 0.00891935134626
208 17.9461086949 -27.0973337292 -11.8992799639 0.00299081843263
209 18.861686427 -27.06692153 -11.7030230145 0.00392430735795
210 19.7887331205 -27.135433104 -11.5920019677 0.00262709845062
211 20.5099805747 -27.1511097303 -10.995488465 0.00466007063092
212 21.112448348 -26.4949268659 -10.7114589764 0.0051662631773
213 21.3131898583 -25.6145071725 -10.4726725148 0.00425230466433
214 21.0322597214 -24.7421274833 -10.2966213775 0.0026628106219
215 20.6503702575 -24.0367112792 -10.7730619019 0.00376435286447
216 20.0544163488 -23.5917626453 -11.3353616236 0.00420922353612
217 19.2981466711 -23.2786331428 -11.7798744601 0.00740402772067
218 18.5203162277 -23.0381601449 -12.2293802513 0.00277264481728
219 17.7405404807 -23.2933990885 -12.6660152059 0.00462513840236
220 17.06927641 -23.6354729497 -13.2088881531 0.00414559191788
221 16.4102937002 -24.0531012364 -13.7108425892 0.00479751843435
222 15.6585945815 -24.5354446256 -13.957041279 0.00691102870956
223 15.1867792259 -25.1882857242 -13.5020341958 0.00394965676902
224 15.2589331712 -26.0294981547 -13.1262567057 0.00131050715778
225 15.5205441194 -26.6857689204 -12.5305623974 0.00387637473796
226 15.2511419781 -27.44500142 -12.0800323343 0.00406910249778
227 15.1947882828 -28.1077951178 -11.4411101957 0.00656282459483
228 15.1026805207 -28.9359421684 -11.0501284954 0.00967848565528
229 14.9416481645 -29.8154091462 -10.8427004271 0.00571211491179
230 14.7974236236 -30.7201009816 -10.8257699189 0.00646158739757
231 14.9919989882 -31.609088675 -10.9162732871 0.00554566695102
232 15.5334741067 -32.1798288376 -11.380030806 0.00185927769937
233 16.0584946911 -32.8012847645 -11.7936416421 0.00454220213831
234 16.7746972612 -32.9562796915 -12.3357223499 0.0120648101729
235 17.5196277848 -32.9326466349 -12.8539712444 0.00353748167944
236 18.2242318456 -32.7645649975 -13.399292426 0.00283045796445
237 18.3479356893 -32.096390504 -13.9983197721 0.00538871168777
238 17.7085544893 -31.7094022813 -14.5067739059 0.00426049420398
239 17.2125243396 -31.4063423189 -15.197549334 0.0090201617957
240 17.0353636953 -31.5899750061 -16.0606574721 0.0384175210998
241 16.6672494232 -32.0501675485 -16.719368563 0.00674595185501
242 16.8771058327 -32.8546393067 -17.0079225088 0.00434817257926
243 17.5382742023 -33.3290431271 -17.3374546741 0.00403024542886
244 17.6685528822 -33.32807821 -18.2047937124 0.0065110109886
245 17.040356475 -33.5079530606 -18.7835640157 0.00708361384241
246 16.519770529 -33.9758397507 -19.2983646385 0.00775116785937
247 16.8482568828 -34.6451844261 -18.8613533321 0.013853617808
248 17.4071379247 -34.9381288175 -18.2832064945 0.00505611109769
249 17.3832294772 -35.5419582737 -17.6819496328 0.00825083995438
250 17.9766864861 -35.9084037999 -17.2025786776 0.00598367875025
251 18.0574768451 -35.233737282 -16.705551202 0.00608240793093
252 18.1722783693 -34.5100350792 -16.3012667862 0.00329275012091
253 18.9353423776 -34.1791136191 -16.2422434107 0.0118105505047
254 18.8991245536 -33.6713650212 -16.8907816549 0.00413921994374
255 18.7687615073 -33.6142468722 -17.1301082505 0.00323823187407
256 18.4073523264 -33.5264396163 -17.8101623119 0.00870683471383
257 18.3518583375 -33.0464158711 -18.3996193468 0.00374549034651
258 18.4668043324 -32.7893336023 -19.1021554034 0.0145027625421
259 18.2151768719 -32.7404395783 -19.788524796 0.00471862813839
260 17.8428955645 -33.0515658554 -20.3252687628 0.00847058349804
261 17.4462706057 -33.5440459584 -20.6400494032 0.00732103139488
262 16.9058728459 -33.3019719914 -20.9957023614 0.00669772220575
263 16.6670444288 -32.8981923326 -21.4817477818 0.00768641489161
264 16.2298559711 -33.3637556594 -21.6287637417 0.00681174730106
265 15.9764389472 -32.9816870105 -21.1862567165 0.0130181098947
266 16.228893248 -33.1058892848 -21.7128655875 0.00987406509862
267 16.464312226 -32.6327789906 -21.901139564 0.00908071759023
268 16.5663460468 -32.1220579178 -21.9640479675 0.0115159495318
269 16.1165473319 -32.0854875056 -22.1038951019 0.0256684587229
270 16.0165948442 -32.3828028323 -22.1879774301 0.0150940384531
271 15.8083208831 -32.2817379165 -22.2272787412 0.00731043806275
272 15.7345126534 -32.1574621575 -22.3592829832 0.0121365481563
273 15.6824825334 -32.0331900923 -22.3430993054 0.00963089567033
274 15.6455432233 -31.9534678956 -22.3093434322 0.00806230154377
275 15.6470260611 -31.9900653995 -22.3614102475 0.00762000009955
276 15.6434361886 -32.0278271056 -22.3641587325 0.00868180365408
277 15.6361559374 -32.041632791 -22.3681430436 0.00883627145322
278 15.6369401453 -32.0398410395 -22.3686629466 0.00272503113062
