0 0.168881498885 0.978959588019 -0.00420339366567 0.00162475152346
1 0.245952336952 1.96803378494 0.0475611055887 0.00540890557868
2 0.426438179499 2.94082733572 0.136666247682 0.00533341042937
3 0.532149778737 3.91287900971 0.312000008723 0.00109485515161
4 0.485487830353 4.88963094795 0.486843269643 0.00407286428981
5 0.396339243273 5.87558934813 0.568635406674 0.00414953903108
6 0.233306466939 6.84534410017 0.709042943845 0.00246913268957
7 0.0145956507274 7.80708619077 0.826997094408 0.00380348097711
8 -0.107741024489 8.79277465075 0.816454447611 0.00535144393938
9 -0.24813181862 9.775895946 0.835823342001 0.00592674881428
10 -0.431430332049 10.743565499 0.964589692622 0.00226938509247
11 -0.389050376196 11.7198501457 1.14240688352 0.00528619951151
12 -0.506676149131 12.6913178718 1.31244717369 0.00540573195138
13 -0.54673008057 13.6120449948 1.68276103922 0.00403370388337
14 -0.595979742937 14.5482010077 2.01081378977 0.0104276715275
15 -0.700784229523 15.4458019263 2.42273685248 0.00707902834333
16 -0.992253077153 16.3372500671 2.74929326291 0.0059894106502
17 -1.38896093812 17.1840450317 3.08362876997 0.00513160813456
18 -1.72179306164 18.0784346082 3.35831637143 0.00323045206459
19 -2.39122804415 18.8093641291 3.41927057123 0.00415065453228
20 -2.98939503572 19.5988314142 3.49009252717 0.00316084192861
21 -3.5223594939 20.408948665 3.70390750609 0.00280618928805
22 -4.09965686287 21.186777173 3.92240822871 0.00205285383259
23 -4.10145206004 21.1894820931 3.92295536447 6.88837074828e-05
24 -4.66430782062 21.9905117002 4.08875063211 0.00375648043609
25 -5.33725477044 22.7029926977 4.24818733601 0.00443030445513
26 -6.04818245517 23.3537923425 4.48675288137 0.00951027858681
27 -6.56935294234 24.1988244847 4.49504265568 0.00662433821167
28 -7.05986941855 25.053536686 4.3743514264 0.00399744002848
29 -7.537261728 25.8921105921 4.14075648049 0.00611218440522
30 -8.03027731329 26.7213891074 3.90655788123 0.00677022795871
31 -8.56284695194 27.5194881096 3.65168691095 0.00321098550114
32 -9.06323183038 28.2956796447 3.28743728433 0.00839767568994
33 -9.61132035354 29.0532761576 2.9541305503 0.00444793677349
34 -10.2444217585 29.7407398642 2.61949857125 0.00374051135439
35 -10.8617748653 30.4691147901 2.34802081374 0.00194659710346
36 -11.6410965434 30.9962881295 2.03165430286 0.00284994075229
37 -12.4277326553 31.5125996924 1.71552342465 0.00554570419906
38 -13.1514493754 32.0838152027 1.34781198648 0.00265625558701
39 -13.9318249366 32.5758743808 0.981575766079 0.0167232097344
40 -14.719715309 33.090099993 0.665575884955 0.00174196167219
41 -15.0426522756 32.3069127989 1.18269141871 0.00575917967998
42 -15.3136074241 31.5270501935 1.73353185329 0.000959992852023
43 -15.4795265748 30.704600866 2.26368253687 0.00366017742058
44 -15.6900722353 29.7981651202 2.60861283431 0.00375253048099
45 -15.7723222745 28.8597936056 2.92099183434 0.00256567535006
46 -15.6797037041 27.8950851309 3.13454642408 0.0081148741935
47 -15.462602979 27.0064365168 3.51919698393 0.00141857039897
48 -15.1792748856 26.1011230351 3.81054965644 0.00437514532531
49 -14.6686275288 25.2515333311 3.85661090519 0.00272510603309
50 -14.143147759 24.4097939175 3.85736228236 0.00258015421745
51 -13.4493614758 23.7005486585 3.8734378088 0.00404819940574
52 -12.7834381996 22.975217139 3.99602029128 0.00401039248382
53 -12.1100185602 22.2659983904 4.16353164479 0.00464013840193
54 -11.4920398672 21.4977854956 4.27507163826 0.00529730134907
55 -10.8766583551 20.7269023267 4.38219496809 0.00362151396456
56 -10.7222611548 20.4605436166 4.44044424695 0.00143601592039
57 -10.3057556717 19.5686339677 4.55534459922 0.00462168532181
58 -9.87109698539 18.7264125976 4.84495487191 0.00483268946444
59 -9.34702652808 17.9452496408 5.15674094607 0.00284393604602
60 -8.66689229451 17.316586043 5.50922352906 0.00239282256032
61 -7.90872003305 16.7204728004 5.73684755153 0.00618209105542
62 -7.05257226018 16.241273927 5.8756682072 0.0104607861862
63 -6.12377739087 15.8973233498 5.84782881755 0.0126350163642
64 -5.13676036196 15.8116922744 5.84350691694 0.00535269352544
65 -4.15086639962 15.7196055292 5.87527371895 0.00257687536749
66 -3.16535336067 15.7599076603 5.96790362068 0.00371931579552
67 -2.17610526059 15.7324179491 6.01280441397 0.0049585331112
68 -1.18648373273 15.7527715511 5.97350020539 0.00404879127184
69 -0.198214436209 15.8198300526 5.96478582091 0.00586777496232
70 0.773458672833 16.0045168312 6.01867419167 0.00346359902612
71 1.72032140071 16.2951345557 6.02871931423 0.00566230055674
72 2.6279938905 16.6881313522 5.97668477625 0.00348815904813
73 3.52155362544 17.1107047611 5.91380988475 0.00528532792645
74 4.3208938296 17.6568255417 5.70474156904 0.00448839899626
75 5.0497833676 18.2848593645 5.46994341659 0.00366289858878
76 5.78997646424 18.8808400979 5.19118139777 0.0047693296333
77 6.58489778582 19.4347345256 4.98623734566 0.00655222080006
78 7.21750363126 20.1618487857 4.75882610874 0.00427365415716
79 7.35312062129 21.1185835588 4.54249651842 0.0218405861558
80 7.31783408753 22.104098345 4.45484685928 0.00328874763669
81 7.19640376571 23.0784741716 4.32850465629 0.00300096418454
82 7.03388516412 24.0549052238 4.34371498428 0.00169512421154
83 6.92147078274 25.0369607448 4.28927080051 0.00437429242314
84 7.06755029502 26.0155952718 4.3192088555 0.00549411813118
85 7.19417755226 26.9973224494 4.32602394328 0.00156688674724
86 7.33203459044 27.9742964681 4.24626003111 0.00369068644857
87 7.39531182513 28.9620541997 4.25682217932 0.0039140959005
88 7.52697365209 29.9370653402 4.36516069603 0.00561932037363
89 7.76152631394 30.8986268093 4.36320745939 0.00119699401713
90 7.84541062777 31.8845756688 4.34159230979 0.00571192829652
91 7.93533718738 32.8637231932 4.22894878507 0.00417123318518
92 7.98080834901 33.833478882 4.036730206 0.00313213258973
93 7.81809117912 34.7530406379 3.70910023745 0.0043306786303
94 7.61714190938 35.637410683 3.31304066998 0.025573576127
95 7.38021228542 36.4986360166 2.88752402657 0.00437557946897
96 7.05407215673 37.2161982361 2.28950153313 0.00306434665564
97 6.69509798301 38.1013312487 2.0318007022 0.00885274850245
98 6.39403605113 39.0134753683 1.7953246013 0.00522859808539
99 5.97072396387 39.8633474671 1.51783379736 0.00209977522564
100 5.73170527995 40.6291875443 0.939135541511 0.00584139197243
101 5.55018950317 41.417504486 0.36990093168 0.00545841104064
102 5.38888551487 42.2314186298 -0.168456788449 0.00402614270944
103 5.20880577614 42.9642218509 -0.807865203284 0.00449476495603
104 5.11318478277 43.6978078301 -1.4642975558 0.00961056371296
105 4.83446642492 44.5010838484 -1.96928068483 0.00644952420492
106 4.46219423923 45.2361460385 -2.51602776271 0.0110432151432
107 4.41286848112 45.4038882226 -2.63425250944 0.000528631534948
108 4.20544670131 46.2409959632 -3.11706022628 0.00646508723968
109 3.88054619419 47.0283868955 -3.61826196374 0.00661001149948
110 3.54060578853 47.8194439899 -4.10330918277 0.00210253834117
111 3.09134993874 48.6407047566 -4.41985673141 0.00685895453246
112 2.68703987068 49.4616797032 -4.792555105 0.00814360549174
113 2.27698708555 50.1467722649 -5.37460332115 0.00312646938649
114 1.70403794044 50.832522373 -5.79604969116 0.00556372379757
115 1.06399370404 51.4586724562 -6.21353798287 0.00278565298174
116 0.42937405795 51.9913810335 -6.7515735715 0.008540998163
117 -0.122439744038 52.6188215593 -7.2784770323 0.00129234119498
118 -0.680445017813 53.2949825072 -7.73365329371 0.00451502544584
119 -1.18952556687 53.9141856591 -8.31082229668 0.0049911934102
120 -1.79155598583 54.4517705249 -8.88015907679 0.00347676814133
121 -2.36481659143 55.1347621576 -9.30482016889 0.00337272910498
122 -2.97283935779 55.8512679072 -9.60855556852 0.00438286984776
123 -3.56292593326 56.4937859409 -10.0714226647 0.00137463553425
124 -4.4570747685 56.6799491561 -10.4469962753 0.00337767981332
125 -5.3506916202 56.851871103 -10.8304409511 0.00769782007122
126 -6.23876270769 57.0200769419 -11.2279305407 0.00927734641199
127 -7.1886001547 56.9383520797 -11.4845040504 0.00440209848753
128 -8.09912193936 56.9771850801 -11.864069612 0.0123635471396
129 -8.95979744993 56.7740416529 -12.3026100846 0.00471549930931
130 -9.84776514963 56.6392379291 -12.7119523798 0.00527876073881
131 -10.7025774504 56.4293666178 -13.1584413387 0.00621312733217
132 -11.4476540904 56.0971608459 -13.7138649661 0.00415088567379
133 -12.1462901451 55.6011032456 -14.2034503778 0.00738629673208
134 -12.336862875 55.5027714032 -14.3671495478 0.000283148666725
135 -12.9695053287 55.1214213335 -15.0201598268 0.00397529350866
136 -13.3245775257 54.7393941887 -15.8568712431 0.00612074435707
137 -13.7596243643 54.2542776668 -16.5966377774 0.00570031519948
138 -14.1159284563 53.892371845 -17.4415328628 0.00638927570092
139 -14.5288856977 53.6063247664 -18.2896112898 0.00401605270826
140 -14.9640003556 53.2523273556 -19.1000471618 0.00795304860556
141 -15.2092101244 52.7536680686 -19.9139415861 0.00347955397579
142 -15.556387689 52.5103206174 -20.8035616773 0.00358752872235
143 -15.8313779237 52.2139213439 -21.7022289011 0.00358507705369
144 -16.0314351507 51.9941158132 -22.6417328649 0.0045108288156
145 -16.1620553983 51.7250661401 -23.5805717935 0.00388798072384
146 -16.2444162405 51.4538723841 -24.524194947 0.00306423382351
147 -16.2481026989 51.2431099384 -25.4866106962 0.00348121398327
148 -16.1945096465 50.8003333765 -26.3650003058 0.00680904826011
149 -16.2569749714 50.4175250076 -27.2704617173 0.00303152764921
150 -16.1748203233 50.0184260376 -28.1672180094 0.00476060369652
151 -15.9218095001 49.5990987784 -29.0217133205 0.00313485575893
152 -15.7881022588 49.1267766332 -29.8754965046 0.00378059384896
153 -15.5616410906 48.6868779319 -30.7269615956 0.0183350057538
154 -15.3797803729 48.2962232292 -31.6121376039 0.00308645195151
155 -15.1388071599 47.7344749169 -32.3837512758 0.0059010248963
156 -14.920809851 47.2477194789 -33.2110440171 0.00508761175691
157 -14.6747985495 46.6530034853 -33.9556344956 0.0051408414106
158 -14.4337401065 46.1182855279 -34.7458582353 0.00396678760606
159 -14.1831763192 45.5395084124 -35.5012087127 0.00425364787697
160 -13.8639015566 45.0979104169 -36.3205268915 0.00898289418689
161 -13.5063369407 44.8063604619 -37.1894947434 0.00872840915478
162 -12.9899480822 44.6156978261 -38.0047169514 0.00340537751726
163 -12.382970161 44.5192579918 -38.7726419649 0.00271388752965
164 -11.8229019064 44.4915793192 -39.5806806821 0.00406874645092
165 -11.2246142645 44.4172705716 -40.3576766031 0.00487378665928
166 -10.5869766476 44.4227092781 -41.1062598819 0.00213515336813
167 -9.84288809518 44.4365146388 -41.7488840026 0.00304313916194
168 -9.19066975692 44.4395489234 -42.4846739194 0.00136873597132
169 -8.57708776165 44.0108028078 -43.1221292142 0.00316820714213
170 -7.95723244866 43.8943570834 -43.8763508889 0.00404242550933
171 -7.28700655507 44.0478023114 -44.5789786128 0.0035301152837
172 -6.64651444511 44.1373623769 -45.3193029809 0.00259291489774
173 -5.97812975192 44.3189191464 -46.0167948434 0.00334532689669
174 -5.28639825974 44.6724318248 -46.618899586 0.00292072113911
175 -4.83155183377 44.8813248962 -47.464812081 0.00372175497274
176 -4.43457260193 45.1283363615 -48.3293100753 0.00453957993502
177 -4.10780705089 45.4618611707 -49.1940482974 0.00312148470892
178 -3.87731632929 45.9130426088 -50.0360398897 0.00435649308913
179 -3.33245152012 46.0487291684 -50.8423547643 0.00606487735043
180 -2.90839111428 46.1639729156 -51.6490617427 0.00679204902932
181 -2.59238103592 46.0299953197 -52.5686685212 0.0033646563182
182 -2.31247676436 46.061663503 -53.5088903249 0.00416813638728
183 -1.96770863022 46.011994714 -54.4263996386 0.00666796612877
184 -1.61129301264 45.656338512 -55.2685685828 0.00387344504478
185 -1.21859301924 45.1960150407 -56.0408459901 0.00779821441491
186 -0.808545148161 44.5838582474 -56.6882828758 0.00198308179981
187 -0.380759533332 43.8623727594 -57.1965245398 0.00228008589414
188 0.217435643805 43.322611281 -57.7556320113 0.00422706358539
189 0.739103748021 42.6682615719 -58.2667459103 0.00461402044884
190 1.2148256664 42.0900477055 -58.8998185978 0.00510714105499
191 1.72847376528 41.5034286055 -59.4941178285 0.00454770067485
192 2.18708085155 40.963263761 -60.1715408366 0.00608637241582
193 2.52761511956 40.4791912751 -60.9528976072 0.012408840478
194 3.04021576867 40.2097832413 -61.7433815498 0.0040801242884
195 3.43355726682 40.0338036035 -62.6233918107 0.00744039996266
196 3.90203712073 39.8111509092 -63.4544276797 0.00311287171868
197 4.59290088264 39.5511440253 -64.09817978 0.00307310486
198 5.32957053461 39.4525551174 -64.7359463663 0.00339866712489
199 6.24954668561 39.3564827509 -65.0571442287 0.00830199754757
200 7.19169450104 39.3950744249 -65.3201203067 0.00220272250892
201 8.00599596831 39.3098257174 -65.8567521543 0.00203559626541
202 8.7938685245 39.3728925978 -66.4342734528 0.00817048115026
203 9.6035292035 39.2704545788 -66.9743964631 0.00259544052012
204 10.4213223775 38.8301629586 -67.2823689039 0.00426442716521
205 11.2195416756 38.6060037735 -67.8019652698 0.00800701668772
206 12.0815266526 38.53480872 -68.2589113528 0.00439623958803
207 12.9816196113 38.6866275811 -68.6101317236 0.00349232283264
208 13.8175629356 38.8791565517 -69.0797867931 0.00384143856883
209 14.6083700582 39.2181815994 -69.5444423623 0.00395851466878
210 15.4349964883 39.3061202833 -70.0592050184 0.00536934688346
211 16.1786236347 39.4010747884 -70.6867478228 0.00518186810471
212 16.9914185249 39.4587434355 -71.2266175411 0.00588876540931
213 17.7759215821 39.2925316845 -71.7851962616 0.00775882871956
214 18.5611579023 39.2146507085 -72.3613570182 0.00343740649172
215 19.3333371347 39.4537408513 -72.9099557848 0.00640494432618
216 20.1556728003 39.7651932604 -73.3349851827 0.00361613746591
217 20.8378553191 40.3991506756 -73.6287683599 0.00686454447024
218 21.4269745515 41.1335747786 -73.8870049601 0.00310014256517
219 21.9674044323 41.9260101127 -74.0683309116 0.00407442657188
220 22.0757087877 42.7869313171 -74.5153781745 0.00500714992403
221 22.0824303424 42.9505695999 -73.5529800822 0.00484467820617
222 21.801314833 43.1747370826 -72.6455932586 0.00668583150423
223 21.4318171773 43.1283884772 -71.7436537091 0.00608924053257
224 21.1440534389 42.7578381076 -70.8883332793 0.00523247135903
225 20.8841364225 42.3264083019 -70.0531026263 0.00440701521837
226 20.383109842 41.8306757146 -69.3793039017 0.00372768428319
227 19.948587299 41.311436071 -68.6777823737 0.00370609679794
228 19.5332386185 40.7694107359 -67.9820994653 0.00361224589009
229 18.6923182844 40.4514127575 -67.6059956931 0.0138994318519
230 17.9911023626 40.1223482914 -67.0153240204 0.00257303434503
231 17.2954102371 39.9797737152 -66.348648086 0.00775739982424
232 16.6717643555 39.6088522445 -65.6993055778 0.00305253916764
233 15.9397943055 39.2596120435 -65.1607330746 0.00698000981746
234 15.1489741892 39.0354264889 -64.6395880502 0.00561926768009
235 14.4209008893 38.590856966 -64.1715908869 0.00289326532232
236 13.4996761455 38.2797655063 -64.1417876528 0.00845846694252
237 12.6127065076 37.9714538274 -63.8889660911 0.00191039825254
238 12.3024700058 38.8911258112 -63.9475531483 0.00939080932775
239 12.0009858547 39.8106529572 -63.8566104875 0.00651527715472
240 11.4270656892 40.594639291 -63.8670930356 0.00429784210774
241 10.8407309532 41.3389940712 -64.0814482851 0.00642664079215
242 10.5295217339 42.2586952282 -64.1036067777 0.00862667089423
243 10.202705273 43.131237007 -63.8309260269 0.00519491239753
244 10.1734221068 44.0200881046 -63.4421037912 0.00252997005959
245 10.2452118603 44.9389821468 -63.1383185772 0.00446970881315
246 10.0068546991 45.7832917427 -62.7238333007 0.00638376573446
247 9.56702104482 46.5991910509 -62.4381157845 0.00443745194249
248 9.1226559033 47.3971831171 -62.1123401416 0.00361491163762
249 8.64438173656 48.1493679716 -61.7308361165 0.00274731679651
250 8.2306818211 48.877034131 -61.2416963758 0.00351994506591
251 7.72160797885 49.5176118339 -60.7219895976 0.00405026663771
252 7.28272403992 50.257422309 -60.2756953114 0.00705353323512
253 6.77873657795 50.9073503364 -59.7637713328 0.0018048212878
254 6.05798189839 51.3825243049 -59.3245194718 0.00475824274044
255 5.18456471906 51.5886303003 -58.9607467963 0.00530689498285
256 4.58227311192 52.1792146024 -59.4357957513 0.00434958645495
257 4.04839418982 52.7833735705 -59.9713239736 0.00357064503662
258 3.58149620255 53.3822185041 -60.5712544853 0.00526108871519
259 3.09936582391 54.2080714263 -60.7165341288 0.00360647529881
260 2.37037052792 54.8396671018 -60.7860291587 0.00528928793317
261 1.81426481603 55.4889459638 -61.2376887998 0.0058368157292
262 1.21090480217 56.0898692128 -61.6948676883 0.00741758135919
263 0.951253412534 56.9931575037 -61.9180002595 0.00823137265056
264 0.493810734804 57.8346746423 -62.0393597174 0.00839394577476
265 -0.113729165304 58.5618418478 -62.2217636879 0.00617711520581
266 -0.766531166843 59.1945281397 -62.5443049924 0.00794595162112
267 -1.50422684593 59.6737566873 -62.9388808305 0.00395839923601
268 -2.26327807927 60.1015607357 -63.3510512926 0.00624621262816
269 -2.85566201946 60.715385106 -63.7989273355 0.00526981725799
270 -3.63051612728 61.023066055 -64.2811869584 0.00625237949787
271 -4.54605477742 61.0555261007 -64.5767590862 0.00453800747072
272 -5.41683061296 61.1753642726 -64.9685274681 0.0234230175227
273 -6.36083329237 61.3120568652 -65.0815297236 0.00486805013956
274 -7.29667604421 61.449223562 -65.2466865057 0.0112697148386
275 -8.25017885329 61.4399925027 -65.3511175923 0.00301784993618
276 -9.16796071335 61.4409003346 -65.6294244509 0.00632832576694
277 -10.1131702355 61.3146143481 -65.7259620835 0.00340297975118
278 -11.0120198849 61.1238702475 -65.4540839623 0.0059141174076
279 -11.7949958903 60.6560815084 -65.161836636 0.00319187794235
280 -12.5543430313 60.1095676245 -64.9583348302 0.00631366315504
281 -13.0809770555 59.3249483179 -64.8078596555 0.0022775582918
282 -12.7594866768 58.6119909058 -64.2565342453 0.00750699545832
283 -12.3231592602 58.0463695888 -63.6207933214 0.00437715368321
284 -11.8967473555 57.7554308828 -62.8160650298 0.00490148134483
285 -11.0201419756 57.5102309855 -62.526567897 0.00451314346203
286 -10.1639956076 57.2021835033 -62.2373134141 0.0020404854478
287 -9.2382171778 57.3106901636 -62.0317107164 0.00261554462498
288 -8.80723515084 57.164929894 -61.9939307979 0.0104782033816
289 -7.89200611859 56.9478275462 -61.9002726853 0.00359954952376
290 -6.98386348975 56.8242581923 -62.1299088585 0.00336698727711
291 -6.05432892167 56.9529373426 -62.0240504919 0.00265509111853
292 -5.71052339137 57.0781584744 -62.1516668052 0.000924687586622
293 -5.10663494179 57.5302388014 -62.6912788779 0.00462098254799
294 -4.86830282603 58.0411100204 -63.4269205869 0.0247763569226
295 -4.67785070571 58.6452458136 -64.0955012206 0.0130316816873
296 -5.02439068151 59.4258027757 -64.4302116046 0.00745377794935
297 -5.78912633718 59.865725088 -64.6736153437 0.00427271772599
298 -6.56751808069 60.0319078136 -65.1233651542 0.00867049510216
299 -7.4400986327 60.2946577885 -65.105837686 0.00424890763776
300 -8.30266963127 60.0143997048 -65.1825177388 0.00211499781525
301 -9.18659645258 59.8050910837 -65.1362381952 0.00237857630475
302 -9.81833874989 59.4335691067 -65.6743508366 0.0101622197164
303 -9.59400009032 60.3104463343 -65.7036149465 0.00875894722507
304 -9.63879502376 61.1922498639 -65.5157105712 0.00746383038578
305 -9.48071812095 61.8044404143 -64.8742683153 0.00699026419292
306 -9.88437619616 62.1327529193 -64.1419670149 0.00519251036058
307 -10.0138179264 61.9860285988 -63.2668352246 0.00682323102131
308 -10.2425056491 61.5433552616 -62.5248721648 0.0115506932173
309 -10.7189215561 61.1123037384 -61.9108931609 0.005221078713
310 -10.9325733219 60.2527554268 -61.9009437267 0.0196998661786
311 -11.1723615254 59.4111620255 -61.9482570681 0.00601011766216
312 -10.7840755642 58.6301209946 -61.9900982958 0.00801286792025
313 -10.2640160362 57.9983111442 -61.6976294628 0.00754472901558
314 -9.70256107467 57.3733558591 -61.90179664 0.00568571975632
315 -9.18256302914 57.5714577743 -61.2436020575 0.00642496069976
316 -8.32673488943 57.6092183973 -61.2205371091 0.00627369827337
317 -7.63714736476 57.600889359 -60.7179996724 0.0036400914223
318 -6.79388516199 57.6993239059 -60.6710335865 0.00826841769307
319 -6.18175107422 58.2793367041 -60.6295909456 0.00302031770341
320 -5.63829309652 58.8806889067 -60.858056936 0.00778321525251
321 -5.62377935258 59.6930731837 -61.0545587531 0.00830916026561
322 -6.04180058799 60.3813302553 -60.8579176924 0.00569478391053
323 -6.65823130943 60.497083302 -60.3229022298 0.00638479428259
324 -6.68830745678 60.0172580889 -59.6601650454 0.00330409719902
325 -6.29727284296 59.4061611833 -59.2892988331 0.00482796265841
326 -5.73248560468 58.8264071235 -59.2729500248 0.00863677282728
327 -5.26194621497 58.4786484171 -58.7300519101 0.00428040663948
328 -5.01826578648 58.0075123483 -58.1402036443 0.00612538832831
329 -5.43049264723 57.4394142385 -57.7884985052 0.00848085568059
330 -5.34459289299 56.6859438015 -57.6362379787 0.0074425341296
331 -5.15956103946 56.0122226893 -57.942692093 0.0121964745547
332 -5.12973218608 55.9639413324 -57.9070428633 0.000134659221807
333 -5.08159948073 55.7838001926 -57.3683411648 0.010460801325
334 -4.74475093451 56.0470404207 -57.0579189294 0.011232362466
335 -4.3719516638 55.9308060698 -56.782431405 0.00931549048855
336 -4.21748480195 56.2398066584 -56.5236045776 0.00654698453145
337 -4.51304204327 56.4944861416 -56.593289228 0.0126409182128
338 -4.61321896747 56.4796539681 -56.8904383838 0.00592582489289
339 -4.40356221167 56.2995879491 -56.8698119591 0.0109446970586
340 -4.47136669403 56.5002254339 -56.8287627721 0.0161758666543
341 -4.3813620859 56.5908885467 -56.870889816 0.00806006548624
342 -4.28409995554 56.6094732575 -56.8636192411 0.0146879138669
343 -4.28921370339 56.6496812108 -56.8431414482 0.00721515244815
344 -4.28300577384 56.6733114712 -56.8375947696 0.00325165721742
345 -4.27004109112 56.683386468 -56.8430077136 0.0120903503267
