0 -0.453816605411 -0.823011442418 -0.321909483693 0.0067650280024
1 -1.11204611634 -1.48640431245 -0.658823958546 0.00518219715592
2 -1.70346132786 -2.21835345268 -0.97709889493 0.00408117645829
3 -2.36264143532 -2.85805653189 -1.35532635054 0.00262995530541
4 -3.00558843673 -3.43345809502 -1.84759234862 0.0184678682608
5 -3.61874794911 -3.96501861586 -2.42041916764 0.00425082480758
6 -4.08917082787 -4.61348231211 -3.00762882329 0.005790301765
7 -4.62890388671 -5.27916797622 -3.50972117827 0.00306411584143
8 -5.11294098984 -5.98574246706 -4.01269174027 0.00474723328247
9 -5.59562324787 -6.71865626957 -4.47779738275 0.0061358713125
10 -6.04444317257 -7.47400075749 -4.94086086019 0.00737920649948
11 -6.47431025069 -8.26312723407 -5.36374510432 0.0021816154339
12 -6.99159337499 -9.01431187098 -5.75674858046 0.00344306544304
13 -7.49107949224 -9.82015809883 -6.05236747328 0.00120162353233
14 -7.99762513989 -10.6347094692 -6.30959640859 0.00680619752261
15 -8.47557758041 -11.4664548998 -6.56639854962 0.00743989716426
16 -8.9667221999 -12.2996936052 -6.79135160337 0.00721949917453
17 -9.48941703934 -13.0778643651 -7.11891780927 0.00682936526209
18 -10.3022436692 -13.0294823519 -6.55057158913 0.00479005001191
19 -11.1282747215 -13.1677561619 -6.01714480558 0.00228985257749
20 -11.9831633721 -13.251066624 -5.51896255575 0.00471364118814
21 -12.9061834768 -13.250449209 -5.15300847594 0.00770483088034
22 -13.8369976234 -13.3691019336 -4.82848641569 0.00316103929044
23 -14.7654702234 -13.454292366 -4.48722214651 0.00269882652363
24 -15.6727734899 -13.5416754822 -4.09361315768 0.00144267614701
25 -16.5942089402 -13.7782096305 -3.80946593874 0.00523317705704
26 -17.5246832969 -14.0912727403 -3.66156366391 0.00256226647456
27 -18.4852855316 -14.3189144757 -3.55639257451 0.00388041921683
28 -19.4282944862 -14.6276616941 -3.52465960184 0.00559562030718
29 -20.3652743532 -14.9540783251 -3.49205268643 0.0108337603375
30 -21.2662845535 -15.3687546064 -3.5327757863 0.0036228614952
31 -22.1462170549 -15.822838366 -3.60295561932 0.00570522982115
32 -22.9576788603 -16.3840284354 -3.71221625361 0.00494314496585
33 -23.5410130148 -17.1724769914 -3.86507261932 0.00286412266221
34 -24.0601209782 -18.0115346292 -3.973571449 0.00299911593498
35 -24.7343474362 -18.7294965653 -4.09678758392 0.00380163098523
36 -25.3521053403 -19.5007862242 -4.18995174315 0.00190035802983
37 -25.8928866343 -20.3308449288 -4.2510206384 0.00335652873146
38 -26.4483043107 -21.1508434611 -4.31621453044 0.00299398474223
39 -26.9663632087 -21.9900323153 -4.42794907777 0.00367980060856
40 -27.3282139858 -22.914169933 -4.4179610754 0.00235600904451
41 -27.5819646074 -23.8732567573 -4.38959419436 0.00138831176073
42 -27.6162906678 -24.8618442447 -4.30869319146 0.00416135745461
43 -27.5918888728 -25.8459375318 -4.18239192138 0.00316240441239
44 -27.6904991445 -26.8332489882 -4.16137176348 0.0027818756381
45 -27.7745006342 -27.8208637225 -4.11155549992 0.00488854256124
46 -27.8647990378 -28.8080751627 -4.0654206957 0.00375934712736
47 -27.9110405823 -29.7984979316 -4.10728720555 0.00580581261087
48 -27.8951388684 -30.7894366867 -4.15782078711 0.0034242481138
49 -27.9145516333 -31.7815693447 -4.15288103931 0.00274783488701
50 -27.8398086894 -32.7710057278 -4.16418718559 0.00182419091979
51 -27.6790232628 -33.7489793407 -4.21312693919 0.00224155716726
52 -27.4502531912 -34.7134078603 -4.16625640385 0.00498704006151
53 -27.3035762147 -35.6944293917 -4.14012932527 0.00291313394498
54 -27.0837363056 -36.6600426019 -4.07823954011 0.00625978368672
55 -26.7816503584 -37.6051413199 -4.08382160141 0.00514992171298
56 -26.5558557643 -38.5711907697 -4.06944403993 0.00325375215804
57 -26.2891767914 -39.5241298998 -3.99736248736 0.00479591800583
58 -26.0335467663 -40.4811112831 -3.94086477771 0.00489944776857
59 -25.6743327474 -41.4055600467 -3.91525440018 0.00656401058067
60 -25.114334699 -42.2216995239 -3.84786641705 0.00399958231976
61 -24.4483669886 -42.953440967 -3.77562684406 0.00369924132813
62 -23.8226081706 -43.719671228 -3.70179060451 0.00853237827585
63 -23.2401437513 -44.515975999 -3.59848802747 0.00686962427295
64 -22.6236845568 -45.2848869197 -3.48574032003 0.00545576706795
65 -21.9558281198 -46.0097499676 -3.37422703598 0.00579093125775
66 -21.6405536903 -46.3066888874 -3.30363999416 0.00203190985873
67 -20.8365150683 -46.8711267058 -3.16896458055 0.014330804208
68 -20.2026056903 -47.5735385405 -2.87261964772 0.00334380012942
69 -19.5716997392 -48.2586694783 -2.53267517866 0.0105531292183
70 -18.9231050749 -48.8886893957 -2.12612004652 0.00680032067636
71 -18.2400944998 -49.4601859912 -1.69058136387 0.00415795627035
72 -17.5177994837 -50.0117937946 -1.29465158811 0.00318322456282
73 -16.6785419963 -50.3471472116 -0.887358875576 0.00610528465306
74 -15.8288927852 -50.7344514741 -0.554647366155 0.0044599116456
75 -15.0629394443 -51.2216884522 -0.156557490043 0.00497859663109
76 -14.2686564816 -51.6087140548 0.29269948091 0.00428237453381
77 -13.4336335343 -51.9859306046 0.670687849982 0.00431796809643
78 -12.7838845795 -52.6573431932 1.00143514532 0.0165721094152
79 -12.0109928394 -53.2220032949 1.25818193659 0.00373087409464
80 -11.2935350025 -53.8813358595 1.4387210667 0.00449148560286
81 -10.5251993916 -54.4670865629 1.65908001466 0.00455341289242
82 -9.74038153216 -55.0041471494 1.93759972726 0.00412684088686
83 -9.06085418203 -55.6097765355 2.32922061141 0.00544303913141
84 -8.62642526874 -56.2584628136 2.93944935073 0.00357697355577
85 -8.18584531604 -56.9907658266 3.44088212373 0.00440532796048
86 -7.77644441214 -57.7876301933 3.86411464357 0.0032730411265
87 -7.39015475945 -58.6006170016 4.27825338452 0.0052763712738
88 -6.89582626696 -59.2783274227 4.80549418988 0.0082416584995
89 -6.36818254949 -59.9291299273 5.33423176962 0.00895300360108
90 -5.88687223236 -60.3425118177 6.09510881217 0.00211319768132
91 -5.32797239596 -60.7195436362 6.82099333654 0.0051516833401
92 -4.76954167818 -61.0377403804 7.57483219141 0.0222763496918
93 -4.10470062821 -61.1287604 8.30333769647 0.00337557065211
94 -3.5722830468 -61.1816066021 9.13685970439 0.00471378066677
95 -3.02285492582 -61.2066283398 9.96053738002 0.0216899851327
96 -2.46064173134 -61.3344732912 10.7656240534 0.0033844167448
97 -2.18778516172 -61.6823725265 11.6516826539 0.0185564870859
98 -1.99824557149 -62.1106534309 12.5239942293 0.00495107752053
99 -1.80831220874 -62.5684845703 13.381025851 0.0230672727392
100 -1.44233855527 -63.0128329246 14.1862527543 0.00824499487164
101 -0.884970047271 -63.655992225 14.6914068021 0.00310569264604
102 -0.317331836564 -64.3046387906 15.1776971805 0.0066428984506
103 0.183318710171 -65.1257513842 15.4108856799 0.0032174174743
104 0.813982564227 -65.7579577947 15.8372897732 0.00497984619052
105 1.39047747812 -66.3752451201 16.3528421469 0.00423728949262
106 2.03587076105 -66.9137155249 16.8749807306 0.00350465556697
107 2.63488125759 -67.4659748893 17.4364612651 0.00420376078442
108 3.24500833851 -67.9144634542 18.0733478805 0.00448495048564
109 3.81352244289 -68.4036461761 18.718667057 0.00304138208895
110 4.40041258491 -68.7572229266 19.1560990988 0.00336736362767
111 5.19080430386 -69.0155112171 19.6911054008 0.00641289971537
112 5.71806026697 -69.1769212683 20.5118571921 0.00480171494425
113 6.42539964748 -68.974148025 21.1721995811 0.00443624931084
114 7.17041650112 -68.9104287266 21.8189543221 0.0140353737136
115 7.85467526293 -68.8477359014 22.5295946318 0.00911270857077
116 8.72881919697 -68.7624236471 22.9828459778 0.00422806822634
117 9.60603515934 -68.6497852822 23.4239289868 0.0040688868601
118 10.4972142805 -68.4621725443 23.8076551923 0.00475021121183
119 11.4515735406 -68.5154119653 24.0584011252 0.00368535837198
120 11.9075336374 -68.527678759 24.2324259328 0.00283166559006
121 12.8217179989 -68.669975076 24.5779527362 0.00604610631782
122 13.7723179464 -68.6669737759 24.845460396 0.00996005494666
123 14.6849761677 -68.6235891026 25.2198639764 0.00547541753562
124 15.6535987539 -68.7353372346 25.375131403 0.0055535424459
125 16.6103764502 -68.8359084412 25.5968632166 0.00272048920331
126 17.5748622814 -68.9498782258 25.7740856544 0.00763017119365
127 18.5145832746 -69.024268434 26.0671024249 0.00199856888166
128 19.4841061246 -68.9325531275 26.2283688104 0.00432129159382
129 20.4493662809 -68.7614586859 26.3436107398 0.00389847089053
130 21.3892155894 -68.5497425307 26.5582236823 0.00431746762075
131 22.3146874295 -68.2450842434 26.715600235 0.00719830724956
132 23.2387022608 -68.0558503443 27.0059707904 0.00292017840092
133 24.1977641029 -67.8827005181 27.1610400748 0.00415150555876
134 25.1204827937 -67.5585918812 27.2924248982 0.00404172767063
135 25.9259841529 -66.9958585384 27.3824757238 0.00538560901183
136 26.6537425108 -66.3559297956 27.5677923031 0.00316010860013
137 27.1772078129 -65.558626537 27.8201930611 0.00458865778827
138 27.6886327085 -64.7273965744 27.9643327745 0.0178756489495
139 28.0058064571 -63.8610118667 28.3130799819 0.00364134817381
140 28.1488987408 -62.9841123475 28.7412722879 0.00761080562108
141 28.0799296815 -62.2055976203 29.3427803944 0.00432160865524
142 27.725265435 -61.4823001387 29.911613689 0.00452429175389
143 27.3101179504 -60.6778887504 30.3026197573 0.00384882380948
144 26.8521738428 -59.8411110471 30.5521199541 0.0031784653618
145 26.2323667473 -59.1482470704 30.8805577374 0.00411590998044
146 25.5667045708 -58.5465110549 31.2889846706 0.00318240140351
147 24.8146832716 -58.0289223363 31.6610959105 0.00303653191467
148 24.0557840482 -57.6215415412 32.1406494129 0.00498257442963
149 23.3709781293 -57.4155677788 32.8192096964 0.0135327737275
150 22.7743520357 -57.1426236256 33.5547467587 0.00482731993804
151 22.1899584199 -56.7680665997 34.2543892405 0.0192054526851
152 21.5089043774 -56.4663196952 34.8992217531 0.00352558032846
153 20.8056915303 -56.5523340126 35.583843579 0.00471204840168
154 20.1343776299 -56.7592983396 36.2744783234 0.00401559017084
155 19.4408056262 -57.0493041347 36.9110047762 0.00412894511327
156 18.9464379745 -57.3837389544 37.6946145475 0.00101011033206
157 18.5448820204 -57.8416421806 38.4687776596 0.00996938776172
158 18.1773372925 -58.2174312684 39.3016515592 0.00351766485308
159 17.6784846663 -58.5970149723 40.0611739137 0.00600357425547
160 17.4246347086 -58.7723097235 40.9963786016 0.00405220735079
161 17.2250767817 -59.0616607339 41.916205934 0.00838031057223
162 17.0987599472 -59.2725775758 42.8695933289 0.00522910142922
163 16.874795429 -59.4592365503 43.8099132629 0.0035447096331
164 16.7287570486 -59.6436804202 44.765818291 0.00319946487942
165 16.405360972 -59.7929192703 45.6834771978 0.0046987695156
166 15.9607120888 -60.0272539643 46.5297055064 0.00278097747019
167 15.6370820406 -60.5391759267 47.305443814 0.0044401961537
168 15.1679469738 -60.9739535335 48.0532909125 0.00641500158912
169 14.6638757722 -61.4794297756 48.7304335501 0.00356083626368
170 14.3229691311 -61.9991251741 49.4931649648 0.00208944350669
171 14.1786163208 -62.3407780614 49.9673338484 0.0030661684964
172 13.9423350493 -62.8911452121 50.7455453601 0.00437412525068
173 14.2944007656 -63.5346573011 51.3982256969 0.00519954463165
174 14.7086887993 -64.1957949646 51.9940831199 0.00198624123714
175 14.9017367801 -64.9060466846 52.6437103841 0.00127631956779
176 15.1869174133 -65.6535334045 53.2125329832 0.00564626434902
177 15.4688491459 -66.3035828557 53.891809433 0.00383835496394
178 15.6192346222 -66.9912599847 54.575759089 0.00310900369442
179 15.5668534914 -67.1985755323 55.5337418843 0.00322277854031
180 15.5189783788 -67.4445551452 56.4826908177 0.00397103554409
181 15.7033757408 -67.8687643925 57.3481807298 0.00584578898998
182 16.3459998609 -68.0576886358 58.065087911 0.00472359007758
183 16.9614452239 -68.0940743513 58.8282049012 0.00325073885578
184 17.5081736703 -68.3290080651 59.6080812436 0.0011892612048
185 17.7547289692 -68.7850090438 60.4409006884 0.00586045229956
186 18.1676043666 -69.1970302042 61.2294241397 0.00153174314891
187 18.5306956069 -69.5311132078 62.077093373 0.00378545185957
188 19.0723490887 -69.7721392323 62.85828402 0.00728967205745
189 19.540428318 -70.0651903465 63.6685001783 0.00322041389417
190 19.9730412595 -70.159400056 64.5433246255 0.0063193878105
191 20.5341516952 -70.002634691 65.3316931739 0.00213963376561
192 20.9217902966 -69.9382099046 65.5950026717 0.00677098888794
193 21.7450711185 -69.8755650416 66.1195044845 0.004922978025
194 22.4256554531 -69.7393244646 66.8086564488 0.00437803729339
195 23.0581433615 -69.6722323667 67.5515905631 0.00595745190719
196 23.5149377437 -69.8260320101 68.4024508059 0.0048755743093
197 23.7498610679 -69.7217136193 69.3458749716 0.00936624044997
198 24.2828271242 -69.5391070547 70.1446053983 0.00194680225761
199 24.8929390557 -69.2531942848 70.8525328895 0.00347299134392
200 25.4252982314 -69.0028968188 71.6328930771 0.0117034254319
201 26.0522400444 -68.8100514336 72.3567584545 0.0150125064914
202 26.7797708559 -68.2495648526 72.687645994 0.00303632467491
203 27.1130169436 -67.5274591775 73.25369947 0.00419312042989
204 27.5576287263 -66.9231784628 73.8780810622 0.00715949462321
205 28.0532379533 -66.3622926661 74.5041728885 0.00210048901703
206 28.6530954848 -65.8260843889 75.0561240535 0.0020224522501
207 29.2324915023 -65.4198550688 75.7278842384 0.00475074591467
208 29.8606252215 -65.0809730577 76.3929105007 0.0228925531786
209 30.6313182149 -64.6332404527 76.7870721198 0.00329141928493
210 31.3952918088 -64.0285430068 76.7973764579 0.00514716682846
211 32.1818030776 -63.4543255349 76.8241385737 0.00658852693153
212 32.8671377992 -62.7660082445 76.8954747341 0.0390203600018
213 33.6292981159 -62.1632041925 76.8607496737 0.00300989127774
214 34.061994533 -62.2491322862 75.9939671368 0.0115426416777
215 34.4449877343 -62.3479914111 75.10597205 0.00183861517841
216 34.8335416593 -62.3602426824 74.3568286029 0.00209046554911
217 35.3443044581 -62.4087916433 73.5333701811 0.00524916180966
218 35.696322423 -61.899123319 72.7870326597 0.0057068493391
219 35.6449612358 -61.1128047755 72.2222602774 0.00159500942537
220 35.5868052509 -60.3158314147 71.6734617049 0.00334599561763
221 35.5254405826 -59.5273100197 71.1132106843 0.00225010529771
222 35.5170367892 -58.8843724337 70.3879713477 0.00703582714402
223 35.6488970576 -58.1814681619 69.7546983985 0.0054183613305
224 35.7423644043 -57.4864182562 69.0893645737 0.00232591606975
225 35.8303303351 -56.6420504301 68.6275377559 0.00437131465254
226 35.5593581176 -55.8093492365 68.219359318 0.00480653325707
227 35.569224674 -55.2234045613 67.4512930274 0.00453106025893
228 35.548607039 -54.8115515459 66.5778071439 0.0054702390108
229 34.9887477162 -55.5378201837 66.8789560215 0.0182247620086
230 34.4168632732 -56.2979185177 66.722525865 0.00155998436989
231 34.2118749764 -57.1822408542 67.0467542733 0.0149947322404
232 33.8487170934 -58.0266745931 67.3335276498 0.00535109535597
233 33.5140094044 -58.778102617 67.8335357512 0.00721175587837
234 33.5538107316 -59.5123721874 68.4541255946 0.00737307859972
235 33.8642419048 -60.2303518899 69.0134887234 0.00469330725686
236 34.5755102557 -60.7366962688 69.4154858423 0.00310090368583
237 35.4420195368 -61.1391848443 69.3134474859 0.00157555033039
238 35.8277326919 -62.0179338867 69.2683610361 0.0151041669012
239 36.5169934337 -62.6849856889 69.2416634943 0.00649770318004
240 37.3111696793 -63.1843811139 69.0424433834 0.00522554709528
241 38.0852941659 -63.7019347637 68.8147049306 0.00421017551496
242 38.9608354309 -64.0777286397 68.7123659932 0.00447430637756
243 39.8573929624 -64.2562468067 68.4260852782 0.00522485000899
244 40.7423054731 -64.5095412444 68.1623871439 0.0018117600787
245 41.6918776366 -64.591114773 68.0727415913 0.00139940986592
246 42.5700843746 -64.2300840941 67.9520656685 0.00471346252567
247 43.22814811 -63.5666771013 67.7465445467 0.00325956048455
248 43.8021421333 -62.8800806828 67.4088225824 0.00436693952446
249 44.3079260133 -62.0710112192 67.348696229 0.00314279138763
250 44.2929163391 -61.1153757603 67.3508243483 0.00998139637354
251 44.2873542805 -60.1884431716 67.5799954937 0.00250391576736
252 44.0456773202 -59.3402934257 67.9455765514 0.00615264691444
253 43.7175115482 -58.4759173334 68.1807728241 0.0120671687449
254 43.0989044308 -57.7524746119 68.1393576012 0.00244256483959
255 42.3931028614 -57.1456359302 68.3416678356 0.00558430658744
256 41.5948503971 -56.6363951544 68.2434726309 0.0059973196194
257 40.6793683007 -56.5421352332 68.4843800932 0.00225410526507
258 39.7466588979 -56.6629938884 68.6256222101 0.00447577491528
259 38.8365404584 -56.8689879038 68.8068330021 0.00260741206392
260 38.3355741177 -57.5306355814 68.3436068424 0.00276966249914
261 37.7441124579 -57.9497842948 67.7292123746 0.00236277591586
262 37.2709898196 -58.6126545289 67.2403154794 0.00417507828028
263 37.0861907892 -59.4960760192 66.9461725606 0.00259490875969
264 37.0043540748 -60.4394678127 66.8852653753 0.00413094138153
265 37.0736736403 -61.3769084289 66.7592164576 0.00882241687422
266 37.4609039596 -62.21856299 66.5613007431 0.00562607452252
267 38.1628545755 -62.848183643 66.4778671104 0.0083219547456
268 38.8917374941 -63.4453966794 66.5563842894 0.00515797181681
269 39.7815053376 -63.3075896992 66.2695571296 0.00400433653775
270 40.4659408364 -62.9770135463 65.7086571472 0.00567918624362
271 40.9488771087 -62.6405083152 64.9705335673 0.0025175937583
272 41.0750980307 -62.1710687304 64.1615068119 0.00619496449588
273 41.3224600167 -61.9562810433 63.2771431097 0.00520148916799
274 41.4123828899 -61.2524662729 62.6575888512 0.00477632314352
275 41.6470430362 -60.7158327609 61.9205559263 0.00742718284991
276 41.9093852522 -59.911662366 61.5107554618 0.00395079041401
277 42.387654739 -59.1547596158 61.2270502381 0.00237037039206
278 42.7108950617 -58.3219815731 60.9382032239 0.00492504966133
279 42.7996205374 -57.4112202805 60.7320005632 0.00747225347078
280 42.8572953772 -56.4762587677 60.7351554872 0.00332429520542
281 42.6923369615 -55.5548931856 60.7528787802 0.000958256828899
282 42.073254757 -54.8535381077 60.7216689125 0.0050905995054
283 41.2156754742 -54.5053867458 60.5879754179 0.00784191995778
284 40.2888869403 -54.3915993485 60.5867147327 0.0233138833753
285 39.8995631203 -55.0032076523 61.1686727978 0.00513764953852
286 39.8371392053 -55.6801719913 61.8013884577 0.00197805084101
287 39.639902889 -55.7873210464 62.7026405913 0.00580279404228
288 39.2695495916 -55.6284932345 63.5379530683 0.00563300886068
289 38.9442752701 -55.4585702519 64.388402685 0.00784915464541
290 38.6304135454 -55.667139092 65.2326018289 0.00197844246483
291 38.0754603715 -55.9769525215 65.9028948088 0.00754333227922
292 37.7102334745 -56.1229206277 66.36665563 0.00275827524191
293 37.3601988374 -56.3453296272 67.1896348841 0.00756514586128
294 36.9782642786 -56.7008494888 67.9468211216 0.00759742870922
295 36.1821989418 -56.9725755936 68.3120509837 0.00367749903738
296 35.29514072 -57.200415037 68.3055491136 0.00238658542979
297 34.8351219904 -56.7342864796 68.9456619925 0.00515377999002
298 34.4120727954 -56.4802879198 69.71572832 0.00619133686825
299 34.052732657 -56.0857681925 70.4562641252 0.0071846690192
300 33.4426729012 -55.9354329727 71.1152328872 0.00616963241007
301 32.601801935 -55.7553670429 71.4071004997 0.0043493443344
302 31.9248498854 -55.2622615384 71.7547384063 0.00437228756011
303 31.1507545141 -55.14356328 72.2092873001 0.0041912173316
304 30.423918479 -54.8338912277 72.6488200281 0.00712047441242
305 29.934783956 -55.0546333818 71.9236316242 0.010023127556
306 29.4361135072 -54.9222840397 71.1879231828 0.00905061856979
307 28.8761380259 -54.8126356041 70.4983427363 0.004515824152
308 28.2463808767 -54.703384766 69.8745267833 0.00796625739378
309 27.889113747 -55.1964174036 69.2255225948 0.00602622133301
310 27.9689771706 -55.3736644623 68.3592026537 0.0104045743291
311 27.6506037567 -55.3126065204 67.5378329879 0.00450813344247
312 27.3171859061 -55.478415234 66.7395990403 0.0137333647349
313 26.9422080077 -55.4231332413 65.952261959 0.00712073885812
314 27.0586209764 -54.5935193242 65.7217665899 0.0051309109604
315 26.2316579094 -54.5510152668 65.4683895765 0.0076436927768
316 25.4604010186 -54.4977502025 65.8485820042 0.00458656763795
317 24.8939565689 -54.6172217136 66.4834220984 0.0147649329621
318 24.6756972552 -55.3547838117 66.8419659671 0.00309181278098
319 25.3044582896 -55.7284932864 67.2680964637 0.00570403616319
320 25.3087678503 -56.0004736095 66.4699531279 0.00671818018896
321 25.6185213686 -55.7803341827 65.7233161265 0.00712624870586
322 25.6767712344 -55.2006146263 65.1302283005 0.00813840994921
323 25.0779657853 -54.7359425651 64.8079953424 0.00466727300011
324 24.5177730509 -54.4073993644 64.3080575596 0.00376610463862
325 23.8666071565 -54.5474990303 64.7791796511 0.00677328132226
326 23.6881146286 -55.2435891005 64.4081463922 0.0032399768639
327 23.9183745525 -55.9672933084 64.6754762085 0.023446638274
328 23.5231785629 -56.1025644883 65.3273395616 0.00442923319658
329 23.8820256576 -56.7729565384 65.426012671 0.00372331679086
330 24.3818492365 -57.2587986341 65.1194580438 0.00874812456284
331 23.9112759249 -57.4823971694 65.6565702452 0.00802787253705
332 23.3208349701 -57.8062310886 65.9488272453 0.0075365395323
333 23.017082994 -58.3964532028 66.2285169955 0.0178597762814
334 23.1227944114 -59.0618941648 66.3374040738 0.00758392080199
335 23.3819955869 -59.6708619452 66.283494748 0.0103688941982
336 22.8480989288 -59.8562407968 66.5757531747 0.00900778676769
337 22.3727561147 -60.1945389736 66.4021580249 0.00774059444606
338 21.8746147761 -60.46243657 66.2622791957 0.0100874361317
339 22.3191174166 -60.6772626969 66.4931878794 0.0154042962534
340 22.5778132597 -60.791375012 66.8786049044 0.0109536174054
341 22.5516741786 -60.8446481519 66.459315724 0.0147245863526
342 22.487015617 -61.103552982 66.2625615843 0.016263073857
343 22.6906066388 -61.1641797 66.1640267486 0.00939742111091
344 22.5821563708 -61.0916313641 66.2942251728 0.00633823125255
345 22.6380372767 -61.2068804532 66.2109689165 0.012099800179
346 22.7042562026 -61.2795870128 66.2165856367 0.00656333175602
347 22.7035571569 -61.2338581119 66.1593614689 0.0102586727738
348 22.7144234048 -61.1977419542 66.1637791355 0.00461634423655
349 22.7090335279 -61.2132039766 66.1439421655 0.00603754603133
350 22.7117640351 -61.2047155229 66.1359644041 0.00956958335321
