0 -0.663020812363 -0.0240841432214 0.73948827828 0.00864874126891
1 -1.40243105226 -0.0852979410069 1.40013002919 0.00356503165364
2 -2.10857808791 -0.219302279142 2.08591305421 0.00105675218985
3 -2.73228066287 -0.311506310036 2.85364334893 0.0027819206257
4 -3.29855427362 -0.554289916469 3.63292940661 0.00592381848414
5 -3.55471542492 -0.700285241441 3.99142801276 0.00200915079665
6 -4.09935291907 -1.05254082759 4.74353233682 0.00482293453227
7 -4.61173583127 -1.31609465164 5.55245412976 0.00341159344521
8 -5.12383475588 -1.65452783353 6.33317653408 0.00418725307151
9 -5.71429940989 -2.05217909752 7.02561151921 0.00376009933748
10 -6.17786053927 -2.62717618496 7.68945404968 0.00303442938908
11 -6.46167661668 -3.49884973278 8.07120580591 0.00455758181841
12 -6.680244737 -4.37738715463 8.47920437044 0.00388896083503
13 -6.83196533943 -5.32250834276 8.74326957001 0.0063734876814
14 -6.97615859276 -6.25672081657 9.04724965992 0.0034646573097
15 -6.90221229939 -7.1971031873 9.3572969973 0.0104559240564
16 -6.62412180174 -8.09262200617 9.68368673381 0.00425904545989
17 -6.26576406931 -8.95916349143 10.0099733088 0.00310216190769
18 -5.81508366917 -9.80796488068 10.2592924521 0.00345553885252
19 -5.28901654872 -10.639185464 10.3935241098 0.00469492043155
20 -4.92923675067 -11.5457074528 10.57906849 0.00504679445656
21 -4.54470058815 -12.4077480798 10.8866933022 0.00311069524875
22 -3.97426909418 -13.160938803 11.1914811212 0.00305733664376
23 -3.31045019486 -13.8321716709 11.498637291 0.00754226215429
24 -2.56608162203 -14.4196516548 11.7923370152 0.00379376069018
25 -1.86176858756 -15.0293231688 12.1353971014 0.005920606961
26 -1.07714820714 -15.5216062486 12.4923527678 0.00502567854303
27 -0.245220995246 -15.9186598466 12.8605724309 0.00394882729249
28 0.591669604475 -16.2376769186 13.2885372571 0.00223811042241
29 1.44190880916 -16.4950813106 13.7314009803 0.00569702908331
30 2.28942730201 -16.6266559036 14.2310482307 0.00335147638834
31 3.1216708699 -16.6831404251 14.769009528 0.00619650997466
32 3.86980439755 -16.7672271677 15.4158603448 0.00300802086349
33 4.5961340185 -16.8260305088 16.0897709669 0.00390248775267
34 5.39058680001 -16.8271612662 16.6847044204 0.00304591603082
35 6.19473639852 -16.6760174447 17.2464514737 0.00637376897338
36 6.91000776195 -16.7563316015 17.9298023908 0.00416782598549
37 7.59717978109 -17.1167677653 18.5485487133 0.00346448348695
38 8.36445462178 -17.3713022875 19.1242380848 0.00545943678638
39 9.09848821368 -17.5914249243 19.7548061167 0.00296775774991
40 9.76876085358 -17.6998394978 20.4785855581 0.00453394760321
41 10.5453103172 -17.6514272832 21.0945540842 0.00481012612105
42 11.2859616983 -17.547758293 21.7468102418 0.00230922292681
43 12.0317385409 -17.3086013056 22.3561800972 0.00357905759714
44 12.7563051799 -16.9721997354 22.9448247242 0.00485830356614
45 13.4109022521 -16.7492682733 23.6564832426 0.00651739628853
46 14.011522429 -16.4227018804 24.3756456084 0.00437988733594
47 14.7699173898 -16.2967727939 25.002927681 0.00504780273104
48 15.4960012806 -16.1542040878 25.6639385242 0.00421527483466
49 16.2849549188 -15.9841610005 26.2410190037 0.00274553403548
50 17.0546602947 -15.7775421952 26.8319674187 0.00698286533762
51 17.8063850414 -15.7080566195 27.4756891121 0.00397333314042
52 18.5450382774 -15.6025389714 28.1295328678 0.00270048370591
53 19.366860573 -15.30618301 28.5995855178 0.00240649296766
54 20.20625648 -14.8481064479 28.8635561143 0.0104090582198
55 21.0317250175 -14.3139908267 28.995037227 0.00792316538363
56 21.8014914014 -13.7001343111 29.1154994604 0.00416234712255
57 22.4593092893 -12.9630694784 29.203993858 0.000853626659436
58 22.9740373223 -12.1153136399 29.2171496886 0.00323028156163
59 23.4052981572 -11.237736804 29.3834327374 0.00256478863501
60 23.88931391 -10.3776048841 29.28523206 0.0048749406919
61 24.3097397786 -9.48363135469 29.1972774543 0.00204193499374
62 24.6658009402 -8.55798517427 29.1898269218 0.0034918777179
63 24.8485380455 -7.58432612412 29.2368328068 0.00263241007557
64 25.051322684 -6.61872578808 29.3372270871 0.00615564190048
65 25.2868858905 -5.666131621 29.4807085322 0.00230634310982
66 25.4408043844 -4.72477473188 29.7521039032 0.00256538196099
67 25.4560263097 -3.74387091129 29.8971867195 0.00204341447504
68 25.2115000205 -2.78463050279 29.9562437128 0.00390111847715
69 24.9919762283 -1.83206177362 30.1229882881 0.0065033448046
70 24.7433384807 -0.878484366673 30.233287286 0.00383915171825
71 24.4887631624 0.0793877134868 30.2635824907 0.00361606973436
72 24.1172316095 0.991081235934 30.3818315486 0.00977011794494
73 23.6147899578 1.82440594428 30.5721172913 0.00546245088992
74 23.0006578515 2.54109031716 30.8758243223 0.00875605842843
75 22.3462725432 3.26601185189 31.0466182453 0.00437296643953
76 21.7387116216 4.00775322258 31.2986988301 0.00101144742942
77 21.2635181989 4.30016131507 32.1182761274 0.0015589096188
78 20.8377330318 4.57457248 32.9705786085 0.00534793594106
79 20.180614766 4.83641953574 33.6652047856 0.00176292665058
80 19.4611460921 5.04958884743 34.3130907331 0.00470856051274
81 18.7548829789 5.1380545337 35.0031295647 0.00160952469381
82 17.967333163 5.29758237089 35.5836823744 0.00341988127769
83 17.0870061215 5.43861525049 36.017007145 0.00402168519012
84 16.1824694499 5.59329409932 36.3917827062 0.00524924723841
85 15.2864264646 5.79392813309 36.7650804215 0.00591707297573
86 14.3653749156 5.95902789406 37.0919058761 0.00311364766642
87 13.4881933693 6.1067958937 37.5290658442 0.00590118140637
88 12.6098788959 6.15555378029 37.9856870077 0.00552098613554
89 11.7654538731 6.19252359901 38.5032179993 0.0040408863753
90 10.9512717096 6.06694725289 39.0541733771 0.00236709980585
91 10.0664353568 6.01288934826 39.4972208041 0.00307058680545
92 9.2135770245 5.83097664521 39.9680223794 0.00798036895078
93 8.35072696037 5.69002436008 40.4345232934 0.00404447173935
94 7.48146553879 5.57829308169 40.8969554033 0.00543423327725
95 6.63842367582 5.25596217188 41.305898681 0.00344217485093
96 5.76730691051 4.91973963279 41.6374022252 0.00478342897892
97 5.01387839751 4.42839278837 42.0529250293 0.0113615842741
98 4.30145615324 3.84646901854 42.4208633312 0.00359605063953
99 3.61765692173 3.26946358405 42.8463094592 0.00312375223925
100 2.96706052295 2.60935315994 43.1962171151 0.00475311951574
101 2.43303317384 1.86793836604 43.5789875041 0.00968253459448
102 2.05396959082 0.993320570867 43.8483963286 0.00190721751145
103 1.76449979753 0.0844319154035 44.115466016 0.00710737573503
104 1.49410616617 -0.78777655375 44.4992032728 0.00780061815503
105 1.14101110427 -1.63618828955 44.8686810138 0.00453641831924
106 0.963708502197 -2.51598606337 45.2875545947 0.00243079967105
107 0.774036541363 -3.45944418163 45.5215846893 0.00433158282959
108 0.660889129716 -4.43079509247 45.6779713725 0.00509667882928
109 0.743592476713 -5.41298263369 45.7737052462 0.00324962496648
110 0.790198751434 -6.39525703859 45.8903778634 0.00495611260911
111 0.83692053174 -7.37500882967 46.0262990931 0.0259045634125
112 0.749357346165 -8.35713422201 46.1152547139 0.00508906738191
113 0.749099808377 -9.34243513411 46.2114297508 0.00205637635236
114 0.594820732498 -10.3184604732 46.2714652223 0.00703288658756
115 0.432373901029 -11.2869064392 46.396535528 0.0030708737984
116 0.149414132791 -12.2267693913 46.524830232 0.00456364149779
117 -0.0460530909223 -13.1844568255 46.6811043508 0.00338941374813
118 -0.143467163974 -14.1583360369 46.8287727215 0.00453700076816
119 -0.203097400446 -15.0920043634 47.1518756155 0.0042697787044
120 -0.387528809303 -15.9664195126 47.5773457852 0.00500027344769
121 -0.686893367646 -16.9086522537 47.622864666 0.00286768845643
122 -0.864082444416 -17.8627351833 47.8172519787 0.00224854994922
123 -1.0315999541 -18.7962986074 48.0997934079 0.00348805944066
124 -1.2582891388 -19.7036055556 48.423501246 0.00898900214189
125 -1.53236780393 -20.6251401788 48.6577243596 0.00501044726588
126 -1.8163696198 -21.5157415032 48.9822351457 0.00312307170888
127 -2.13893994363 -22.4106132928 49.2546710092 0.00329248306247
128 -2.29480145311 -23.3253286296 49.5982236014 0.0147417385737
129 -2.1758672606 -24.2798719206 49.8293891738 0.00507730468772
130 -1.83838859859 -25.1602086762 50.129007805 0.00456930649916
131 -1.4207125192 -25.9727979263 50.5082662165 0.00358112127749
132 -0.745829566925 -26.5894551321 50.8861441648 0.0043129127835
133 0.038418797168 -27.1801059918 51.0064910294 0.00869065255585
134 0.846691586511 -27.7173863781 50.8160529348 0.00395650282056
135 1.70202883398 -28.1800403825 50.6357344813 0.00570470989331
136 2.57828777461 -28.6281207561 50.538565248 0.00220784965928
137 3.46497305841 -29.0659453938 50.5285424754 0.00316148658561
138 4.34661705688 -29.5119803953 50.4873370708 0.00490983775892
139 5.25864131989 -29.894083763 50.4946922389 0.00437241699044
140 6.18749743237 -30.2197562556 50.4002092006 0.00900177939109
141 7.13001269008 -30.4806014092 50.2545543882 0.00320391616152
142 8.06225852161 -30.7294454267 50.0388441247 0.00295916919054
143 8.96096438345 -30.9027406518 50.4127557947 0.00313807352014
144 9.91128934927 -31.0023202245 50.6665034258 0.00442417228999
145 10.8657646149 -30.9079958207 50.9061063072 0.00330336637703
146 11.8054584288 -30.7311340098 51.1570253066 0.00420453985636
147 12.7737470217 -30.5707567632 51.2747387976 0.00158580844604
148 13.7321620271 -30.363145155 51.3991027793 0.00611589110946
149 14.6658986116 -30.0408171977 51.4342815079 0.00643772721821
150 15.5744742571 -29.6539784794 51.4756271354 0.00460625995844
151 16.3736256851 -29.0860718032 51.3506812827 0.00427451050905
152 17.0948985863 -28.428966048 51.1936351763 0.00325705070696
153 17.6728018963 -27.6668410467 50.9449884257 0.00845667935707
154 18.2689294083 -26.8937370122 51.0978876099 0.00435671975836
155 18.539347606 -25.943452046 51.0850340302 0.00599038428883
156 18.5942918779 -24.9644021268 50.9639931584 0.0019320877761
157 18.7665618705 -23.9915891158 50.9531176041 0.00497313206175
158 18.7555136821 -23.0098786502 50.842760791 0.00257359012416
159 18.6020588702 -22.0459659589 50.6900262441 0.00516275376309
160 18.3768042783 -21.0983876063 50.524960922 0.00641148421823
161 18.1558640335 -20.1447309849 50.3927950786 0.00329423094661
162 18.0737335008 -19.1623425391 50.3309007308 0.00447807405264
163 17.9615444972 -18.1827474541 50.2728600576 0.00117920083636
164 17.6324243124 -17.2623471793 50.1311384819 0.00874879265854
165 17.3559783863 -16.3346321234 49.9355082753 0.00557981807542
166 16.9341590464 -15.4648572859 49.7335660466 0.002468115493
167 16.6462285236 -14.5204678852 49.7143201966 0.00423285563255
168 16.3605623783 -13.5782082338 49.7890884959 0.00199964210364
169 15.8821640698 -12.7145279826 49.7752770699 0.00816190590158
170 15.2485744323 -11.9585590732 49.7319019064 0.00665613855983
171 14.5472989637 -11.2653721639 49.6834121523 0.00421429300004
172 13.8233695287 -10.6014233316 49.5851984833 0.00214145192643
173 12.9972948725 -10.0851233259 49.4253934723 0.00542515122194
174 12.1063764929 -9.69420766042 49.258598991 0.00557215868769
175 11.2902223263 -9.24688966073 48.9298618865 0.00610777275524
176 10.4478369542 -8.88229101987 48.5671188195 0.00735547875919
177 9.53759470591 -8.54513850677 48.3891140095 0.00375150080692
178 8.57599580557 -8.5522996305 48.6106709313 0.00306048589727
179 7.6042221987 -8.5211395042 48.7792206021 0.00318281152705
180 6.62920085073 -8.65533288193 48.8496284369 0.00625701450401
181 5.65475887435 -8.74665021588 48.9745247196 0.0066334279864
182 4.72684594808 -8.98369098369 49.2114003058 0.00535776334831
183 3.89367846649 -9.42092198229 49.5078046442 0.00867432011911
184 3.12263168417 -10.015247983 49.6665446066 0.00362662896469
185 2.67850261005 -10.30535181 49.8150512516 0.00211517763727
186 1.85360626289 -10.7490878227 50.1220518131 0.00393161776362
187 0.982131479322 -11.1806859053 50.282401424 0.00309241391874
188 0.0317681511011 -11.4398909091 50.2511453321 0.00695503137265
189 -0.886942527667 -11.7552231787 50.0847148367 0.00765573921544
190 -1.81450468079 -12.0542435971 49.9392964247 0.00396235317657
191 -2.73937308315 -12.3891019792 49.8819266799 0.00189037863674
192 -3.61140320224 -12.8321772936 49.7636097483 0.0039326657552
193 -4.37724731318 -13.4300541824 49.9269008996 0.00467984647276
194 -5.25491477391 -13.8381763417 50.11029761 0.0019798123257
195 -6.07004845251 -14.3911834962 50.1229624741 0.0059117655213
196 -6.91931040327 -14.870516276 50.2616741033 0.00181827801387
197 -7.68974659934 -15.474988559 50.3676324705 0.00550483940747
198 -8.59770390258 -15.8231206829 50.5239571475 0.00300870396923
199 -9.37168829913 -16.4198289891 50.4022727578 0.00217762359464
200 -10.1383512811 -17.0150042454 50.2353846364 0.00580047813145
201 -10.8188796223 -17.7177688137 50.1228362029 0.00679914883224
202 -11.3030344906 -18.5411934503 49.884019173 0.00375268827832
203 -11.6485500719 -19.4488225763 49.7222866752 0.00399135139942
204 -11.8941546463 -20.382169128 49.5280012507 0.00774587222093
205 -12.1221579722 -21.335164359 49.434478237 0.00494776950654
206 -12.4513392825 -22.2611663104 49.3804131199 0.00290807959931
207 -12.6045216298 -23.2333194483 49.3696076747 0.00360032367709
208 -12.6212871662 -24.2117847599 49.2653412912 0.00584271135772
209 -12.5286154975 -25.1903965346 49.3108731915 0.00842272450161
210 -12.3176623396 -26.1506159665 49.2717906949 0.00543607093734
211 -11.8597358722 -27.0121843353 49.1458120875 0.00456659261878
212 -11.441771971 -27.9006551193 49.2060183245 0.0166223339902
213 -10.7267889365 -28.5724135522 49.1379000169 0.00456637712675
214 -9.999136569 -29.2270141676 49.0432691157 0.00911658225518
215 -9.1854399088 -29.7713542771 48.9527867163 0.0025592807811
216 -8.31429264372 -30.2269731064 48.9498722892 0.0049847890264
217 -7.45207475716 -30.698768954 48.932694026 0.00355420433539
218 -6.66310678829 -31.2629629655 48.7733206624 0.00443769881048
219 -5.87411951565 -31.7226464379 48.4096344075 0.00606141712897
220 -5.18610753735 -32.1919156969 47.8877612498 0.0037439392058
221 -4.49831975269 -32.4527672183 47.2360137741 0.0121197968991
222 -3.60280900459 -32.2385119058 46.8934311608 0.00488656493443
223 -2.71477956868 -31.9148175313 46.625832629 0.00439378326897
224 -1.89960096589 -31.5049129658 46.2620967773 0.0028232022708
225 -1.08088267291 -31.1036500047 45.8968360782 0.00213808979498
226 -0.3634949031 -30.5113447774 45.5819590354 0.00909118871168
227 0.243750919252 -29.7876790684 45.3140329708 0.00716751942511
228 0.61823974765 -28.9311267128 45.0140176575 0.00541611720637
229 1.04329912657 -28.0970058914 44.7186074525 0.00622759124004
230 1.81955007838 -28.6922542825 44.6380203339 0.00802758532045
231 2.62299702088 -29.2545924732 44.6023224715 0.00429219830094
232 3.49188351423 -29.710519585 44.6012044687 0.00497260449421
233 4.42955155557 -29.9820213881 44.6996108438 0.00354200797604
234 5.38131080851 -30.2004139553 44.7940419593 0.00270890890436
235 6.22085042782 -30.6130699694 44.4986192773 0.00438341977192
236 7.0711690711 -30.8728375417 44.0842274035 0.00676454652848
237 8.0112275015 -30.9194356273 43.808572136 0.0309732279547
238 8.9511610834 -30.8508053933 43.5398782608 0.00388527057649
239 9.79490012984 -30.5593111472 43.1356662461 0.00358924509109
240 10.3580988518 -29.9041850954 42.6733625431 0.00492675596366
241 10.9167377698 -29.2982324562 42.143597879 0.00290149348226
242 11.4926702343 -28.6805408147 41.6471154112 0.00407387724273
243 12.118604115 -27.9937493442 41.3373623842 0.00407608408015
244 12.7460175705 -27.2605063991 41.1704141098 0.00445347308833
245 13.3177878257 -26.4673951879 41.1159303397 0.00367269277016
246 13.8468016856 -25.6680497793 41.3157798541 0.00558117842666
247 14.5828466099 -25.0248364668 41.2615506002 0.00445019625166
248 15.3241063953 -24.4419930573 40.9987519826 0.00801089217735
249 16.1202047684 -23.927375933 40.7554604964 0.00318687975931
250 16.6827077121 -23.2782150695 40.2865067548 0.00305054734871
251 17.1438958452 -22.4884301394 39.9385964026 0.00816203723989
252 17.5611367352 -21.6924786347 39.5520306231 0.00615346396373
253 17.8184593289 -20.8065356363 39.2271143834 0.00295283023767
254 18.0031632878 -19.8464318591 39.2498671556 0.00282688043413
255 17.9210990752 -18.8813689525 39.3847812173 0.00146690101941
256 17.945225854 -17.9224117384 39.5745974299 0.00183694093387
257 17.9191696799 -16.9877336856 39.8606694063 0.00400664859323
258 17.7678644512 -16.0468010145 40.0789154891 0.0311778790735
259 17.6139061268 -15.1143751346 40.3256408633 0.00120957527303
260 17.3729327237 -14.2193031654 40.633412472 0.00853927691028
261 16.9394194118 -13.3504420498 40.7357896542 0.00442648169116
262 16.6359138794 -12.4806182252 40.4126559183 0.00353354377141
263 16.2907522279 -11.6336858018 40.0713742117 0.00378487702649
264 16.0532318308 -11.1740972377 39.2434349414 0.00596995656383
265 15.8081795277 -10.6802526521 38.4379752092 0.00798754627214
266 15.251106534 -10.3357779912 37.7147414577 0.00573610561319
267 14.6609928243 -10.2028030227 36.9493616559 0.00333609208318
268 14.1499179885 -10.3018945521 36.1244028176 0.00199659112235
269 14.1117408769 -10.7925864605 35.2822482984 0.00721933636198
270 14.051946526 -11.2098199756 34.402843405 0.00786679340373
271 13.8413714589 -11.7221948236 33.6006757694 0.00309393407481
272 13.4447571228 -12.2480702035 32.8822316241 0.00801477332487
273 12.8915998554 -12.7711018255 32.2741599242 0.00978270524959
274 12.7859486488 -13.6785918482 31.9370594008 0.00461331560674
275 12.8123683349 -14.5865099696 31.5863746176 0.00581325401995
276 13.0076019403 -15.358256941 31.0260116584 0.00368597804495
277 13.4873401939 -15.9927474257 30.4650281632 0.00240959743927
278 13.9534002969 -16.7116212686 30.0033399176 0.003856280602
279 14.5940792915 -17.3793163824 29.7026022404 0.00244299546363
280 15.5123318202 -17.6869700536 29.6097572736 0.00778533913081
281 16.3776208759 -17.9988203918 29.925883604 0.00821569082992
282 17.2583019423 -18.2064681031 30.2816093571 0.00395577842012
283 18.1547373082 -17.9811358233 30.5824757415 0.00441521440793
284 18.985928665 -17.5352634066 30.8165735182 0.00285955051598
285 19.8041722519 -17.1933764296 31.2139745402 0.00412427789506
286 20.5652921871 -17.0509336539 31.8009731208 0.00389377806533
287 21.189707462 -16.9561885098 32.5393130152 0.00118256211921
288 21.9606223541 -16.6261932942 33.0296308299 0.00499948197269
289 22.8079619192 -16.1585167499 33.1086390827 0.00331724748034
290 23.4389243033 -15.6256790745 33.6193949596 0.00445572672924
291 24.0551212484 -15.1490391468 34.1987821113 0.00159552378019
292 24.555387532 -14.5682746319 34.7945122388 0.00842134023299
293 25.0674813076 -13.9151395843 35.2972517392 0.00655158919281
294 25.413650275 -13.116448468 35.7252085764 0.00483977257906
295 25.7708857745 -12.2533566281 35.9855232713 0.00362161276057
296 26.1553551653 -11.3998610847 36.2378788186 0.00716853071678
297 26.1172659162 -10.4377624095 36.3479446224 0.00468803777122
298 25.9630323317 -9.55571872378 36.7181797908 0.00374392284433
299 25.9225115043 -8.64965331682 36.3777856775 0.00229851804788
300 25.6591338291 -7.85952603914 35.8831152305 0.00511861453992
301 25.1942085347 -7.13548666612 35.438811243 0.00246410054696
302 24.5765117404 -6.54257479182 34.986645556 0.00559096584416
303 24.0738525394 -5.86358377001 34.5141107368 0.00486273434043
304 23.5360856575 -5.12965861747 34.8435122148 0.00355075417523
305 23.1135931759 -4.26258367475 34.9178916909 0.00466106568383
306 23.5985036895 -3.73225752022 34.2702682561 0.00664723082873
307 24.2355975293 -3.42370413126 33.6114864427 0.00662462747079
308 24.7352610145 -2.63868906852 33.8722992291 0.00648645053702
309 24.9792857723 -2.00671014682 34.0882169386 0.0018895866749
310 25.4770147651 -1.29089243597 34.4971032098 0.00339079481513
311 26.0837643847 -0.556260372796 34.6344030627 0.0272835643965
312 26.510416457 0.211104698001 35.0244604588 0.00347223030346
313 26.8707580976 0.904913839967 35.5825887248 0.00308866952036
314 27.358862449 1.63052979583 35.9792003366 0.00708081935464
315 27.2933742888 2.00514214124 35.0976113394 0.0036383078994
316 27.1312930504 2.45387406721 34.2648283303 0.0078022062962
317 26.9842095133 2.58222018507 33.3256264134 0.00532022314464
318 27.1435179432 2.85898277224 32.4215784329 0.00549121469882
319 27.3199090457 3.26861986723 31.573435628 0.00421859605139
320 27.5538577261 3.69906941739 30.750333854 0.00349072796881
321 27.3225283162 4.24938283864 30.0017249065 0.00413295019823
322 27.2585461573 4.66348188753 29.1410491811 0.00567309929804
323 27.4874348797 5.05948148208 28.3007432825 0.00279863073876
324 27.4791162613 5.21031117254 27.3561350008 0.0151572156674
325 27.0838464328 5.52115514884 26.5442189061 0.00240034991966
326 26.691864512 5.90350343764 25.7620941124 0.00374816783573
327 26.4064649212 6.49497565984 25.0697256965 0.00356815133683
328 25.9108003763 6.65410145686 24.2702068729 0.00586332375687
329 25.3309953424 6.94306469682 23.5707686481 0.00437405832383
330 24.5714098171 6.89975801223 22.9972319487 0.00131781256545
331 23.7691010548 7.20471222893 22.5842058448 0.002544867362
332 22.9395348872 7.41147727691 22.1648530166 0.00437623038804
333 22.062868122 7.48673711955 21.8020452609 0.00409423174695
334 21.2403175542 7.67373132978 21.3621123401 0.00359867415002
335 20.4926567257 7.55517077037 20.7863383708 0.00493590589172
336 19.9154435219 7.49543118272 20.0332357665 0.0053072355629
337 19.7759314141 7.30558525213 19.1125176386 0.00345242631293
338 20.1765377682 6.99490780237 18.309307024 0.0050593057737
339 20.3696203364 6.63166365946 17.4537631785 0.0045201047954
340 20.2486806067 6.26224653405 16.5882549485 0.00531934106484
341 20.2381390316 5.71694796815 15.8128324069 0.00304066659827
342 20.692756121 5.33945689935 15.072040644 0.00526271557563
343 21.4515825169 4.84319583368 14.8003612432 0.00562061697849
344 22.1787820116 4.45897946508 14.3330848516 0.00321870003565
345 22.8755826522 4.21847856766 13.7407555014 0.00687825180578
346 23.7826827748 4.28100665737 13.4852882209 0.00360666680298
347 24.7155338878 4.42092118942 13.4509598734 0.00599962277623
348 25.6195764696 4.45857260248 13.7170607824 0.00529295834364
349 26.5207882379 4.52561011262 13.9843244899 0.00312878319102
350 27.4181193343 4.72449416267 14.190347301 0.00704984354358
351 27.7871258573 4.71858405848 14.2299884554 0.00173854796405
352 28.6335255847 5.02572254486 14.4760866434 0.00183087374695
353 29.3551522098 5.57002324966 14.7076949641 0.00551240817999
354 29.374010014 6.33137327901 15.2454784822 0.00624755368209
355 29.0865840222 6.76025475831 16.0207833964 0.00483306765314
356 28.6469134459 7.54566945124 16.2543511151 0.00238189446705
357 28.2448621331 8.31753338633 16.5807654413 0.00472271128003
358 27.7489461714 8.90518681222 17.1015987052 0.00637963196566
359 27.0798876954 9.17823400047 17.6829958388 0.00595157596513
360 26.6754373456 9.62934532363 18.3837871296 0.00491959998487
361 26.4382623861 9.91704955115 19.2309403765 0.00272744198693
362 26.1083532198 10.2051578312 20.0455566038 0.00369202320168
363 25.6583374373 9.95788361289 20.8137171992 0.00394383884799
364 25.288084762 9.8438967866 21.6517015239 0.00486901493249
365 24.4783439659 9.47106947442 21.8840638911 0.00528592385588
366 24.0959209823 9.90658853852 22.5992097533 0.00608868251874
367 24.1236059403 10.799303523 22.8130659401 0.00258704269113
368 23.730024696 11.6186314471 22.6868208763 0.00700585336697
369 23.2797042901 12.1430462647 22.0853435517 0.00411694281556
370 23.207470407 11.2533687669 21.8853689628 0.00962538878409
371 23.6937998248 10.481986416 21.8754393189 0.00926745592535
372 24.3974803901 9.98663585022 21.5816974834 0.00425283799651
373 25.1081410863 9.42965323481 21.676352947 0.00640357275735
374 25.7530250804 8.82260432973 21.8666317051 0.00948854548537
375 26.3039975739 8.14221014449 22.0866023982 0.00581989771833
376 26.7364525072 7.38452560943 22.3105188969 0.00838543830384
377 27.2212398841 6.63283290368 22.3852362041 0.00425206943361
378 27.8887035582 6.04025239086 22.4634072104 0.00565222406996
379 28.7288084744 5.88576309234 22.726805898 0.00479083965258
380 29.4871445114 5.72353111397 23.167898878 0.00283346618829
381 30.2469169223 5.85530275266 23.6143081634 0.00556302998114
382 30.7253969483 6.18927126964 24.2851252543 0.00422177209335
383 31.5437415867 6.44781454559 24.0626458825 0.00935761147228
384 32.2930844507 6.82720721423 23.7922463322 0.00675246846929
385 32.960454327 7.20299337425 23.3602583866 0.00305112102711
386 33.056989161 8.07275424388 23.2956192966 0.00978937741134
387 33.2424737567 8.91955981645 23.393684765 0.00679550163455
388 33.3185051706 9.7722723071 23.5410930163 0.0112687550259
389 33.3030585958 10.5692823244 23.8697300948 0.00326013035721
390 33.2419393905 11.2260234431 24.4225584902 0.00467259875993
391 33.3121889276 11.6629819134 25.1577445949 0.00330974367138
392 33.1596359145 11.5910908066 25.9972604319 0.0053210014776
393 33.8027403515 11.3607665603 26.5060780977 0.00646744971521
394 34.5126286622 11.7211053581 26.2174218846 0.00843744980124
395 34.3546817292 10.9394389053 25.9521290208 0.00713276789662
396 34.0595382154 10.1593401887 25.9235662805 0.00271724906282
397 34.5942302838 9.52766208752 26.0119113701 0.00516659747621
398 35.3080927854 9.11502207709 26.0855677791 0.00610384747809
399 35.7480175063 8.47236463168 26.3499089363 0.00873077669271
400 36.1749498328 8.27502528295 27.0154034432 0.00495417409405
401 36.4972813848 8.86073022468 27.4714754628 0.00849922871408
402 36.0984190424 9.52711034126 27.2932367473 0.00317764358748
403 35.7911619146 10.0539919135 27.8010335832 0.00484107789125
404 35.1100426448 10.1101746993 28.1921507251 0.00534395120639
405 34.608068676 10.4732733845 28.6672446056 0.00646107999885
406 34.7608218353 10.6849649078 29.3945095146 0.00368071495697
407 35.0591754086 10.6131181871 30.0977887084 0.00851400246639
408 34.5707047836 11.1072803265 30.3885255013 0.0168300406198
409 34.99562862 11.531675322 29.9830441228 0.00742324040314
410 35.5049378289 11.9910827071 29.8000235595 0.00810079007884
411 35.0283343552 11.932735156 29.299651909 0.00655646023828
412 35.0241319301 12.5794683074 29.5023397891 0.00803206861655
413 34.4943781007 12.8338279982 29.2066933379 0.00947204268881
414 34.0894729948 12.8662487004 28.7223965372 0.0178081627013
415 34.1664220223 12.9618388008 28.1615142277 0.0125107013871
416 33.8589287137 12.8062626689 27.7660750294 0.00706375722115
417 34.2377704561 12.6877172526 27.4736633801 0.0122156403609
418 34.4153588778 12.4079213479 27.1945086241 0.0138634398624
419 34.3561569355 12.6038414766 26.9104716358 0.0138992094927
420 34.1194714813 12.5265260072 26.8244664961 0.0174066438142
421 34.2706308223 12.6004672269 26.8493756216 0.00488148231743
422 34.2834180645 12.7433538441 26.8781148618 0.00661351502578
423 34.1780183289 12.7227638185 26.8352275233 0.00492081525729
424 34.178496374 12.7052609228 26.9290839387 0.00598685680612
425 34.1546920485 12.6831518412 26.9939039741 0.00623068595824
426 34.2046970739 12.6887981719 26.9916341071 0.00442665488754
427 34.2268816979 12.7170048506 26.9865281301 0.00797901896653
428 34.2110481063 12.7208390688 26.9866378361 0.0116439705167
