0 0.969034817238 0.217946852986 0.019268456052 0.00402040491644
1 1.94532786735 0.379769103671 -0.0675261074404 0.00354923780423
2 2.92531302159 0.466582227803 -0.205121702016 0.0079835505899
3 3.84651171595 0.610966262889 -0.547669666858 0.00818670349316
4 4.78434332359 0.851346451714 -0.769922116648 0.0254213776241
5 5.70022724898 1.2082090996 -0.912335675954 0.00665943445227
6 6.65061142341 1.44425851938 -1.07807146981 0.00577759221803
7 7.54390379977 1.7845013338 -1.34758839125 0.00129765086809
8 8.39557787592 2.23710852653 -1.58456581788 0.00362321945268
9 9.20829463725 2.75768984117 -1.8186889169 0.00599344485384
10 10.0303342393 3.28858186764 -1.98801367978 0.00461790737638
11 10.7850920898 3.8865894014 -2.2308272333 0.0112336789473
12 11.4953624344 4.53764399436 -2.47118212867 0.00439410325158
13 12.2045478033 5.19010101344 -2.71085139943 0.0122748577681
14 12.9229454438 5.85027590329 -2.89534589775 0.002618230244
15 13.6232052401 6.51804178816 -3.11820911138 0.00266185119696
16 14.3687712767 7.01568775203 -3.54532587653 0.0056395874915
17 15.1212954062 7.51066329232 -3.96317743833 0.00354128900376
18 15.7421341993 8.16771218646 -4.37391319093 0.00295415360462
19 16.328624456 8.90267783551 -4.69276777034 0.00528988688067
20 16.8126309505 9.71395972211 -4.99825064548 0.00167390842711
21 17.2111297699 10.5465056978 -5.36406433468 0.00306878391127
22 17.5549163288 11.411353884 -5.70985169691 0.00415504918372
23 17.8534513902 12.2012208846 -6.23206191941 0.00718407146466
24 18.0242926662 12.9697763342 -6.83687951685 0.00367314634915
25 18.2506714623 13.7986295958 -7.33423115921 0.00481302085291
26 18.457020901 14.619331938 -7.8532966121 0.00220699976209
27 18.4853021847 15.3783378531 -8.4925801341 0.00588000203692
28 18.5789339746 16.1636740724 -9.09256583868 0.00316534366123
29 18.6277890657 16.9249611444 -9.72781131866 0.00851090283095
30 18.4349427426 17.651953423 -10.3756479721 0.00241100687103
31 18.2746537933 18.3375925694 -11.0753614859 0.00324601680573
32 18.0098073 18.8215532351 -11.9006161832 0.00326889733623
33 17.7901227116 19.1860595141 -12.7974316961 0.0101067863388
34 17.4760486551 19.4209148377 -13.7093024403 0.00799011913069
35 17.2207660485 19.7864084278 -14.596127868 0.00198941578409
36 16.8004742093 20.0421725096 -15.4581731605 0.00457294710715
37 16.3921406056 20.2116377408 -16.3468192536 0.00417799047549
38 15.9548908058 20.2459616763 -17.2371777296 0.00299551735333
39 15.4472699804 20.377386191 -18.0798520542 0.00716323970777
40 14.8063716145 20.4303021761 -18.8357550757 0.0480546204748
41 14.2187578205 20.4688742314 -19.6342876687 0.00931347494772
42 13.5513100276 20.570951107 -20.361193209 0.00500420494147
43 12.7681238436 20.3136237203 -20.9130836821 0.00247927367007
44 11.9606132401 20.0404454588 -21.4204693621 0.0077504477138
45 11.147057992 19.6898515533 -21.8668396111 0.00259472497233
46 10.2795194257 19.3190190951 -22.1731663679 0.00312912106396
47 9.34219010054 18.9945220286 -22.1677502866 0.00398565434782
48 8.41093415326 18.6600613629 -22.2367916553 0.00472281610474
49 7.53845550431 18.1930989538 -22.3041670309 0.00483774287502
50 6.72659719365 17.7159817603 -22.6156558632 0.00455076164288
51 5.87956424407 17.2589011296 -22.8550869623 0.00471394952772
52 5.10478596224 16.7191996189 -23.1585809178 0.0040839544787
53 4.43133765711 16.0601107354 -23.4679166467 0.00199011156433
54 3.87814254199 15.3158010389 -23.8194578437 0.00402591112685
55 3.27768887438 14.793370828 -24.4111832656 0.00418259653545
56 2.76896101327 14.2111603101 -25.0323135629 0.0335685717543
57 2.32497461328 13.5486620009 -25.6214823566 0.00730755155549
58 1.96032009378 12.7528068123 -26.0869486013 0.00397032215022
59 1.65335087222 11.898458359 -26.4854559824 0.010914365164
60 1.47058703272 10.9872834678 -26.8306428987 0.0047436460667
61 1.48030770049 10.0921783362 -27.2566060585 0.00257070814958
62 1.44930513097 9.16541077105 -27.6070943763 0.00318819111865
63 1.59160535715 8.25798801644 -27.9799194578 0.00114551407651
64 1.7743721983 7.30546872023 -28.1846718733 0.00339152135834
65 2.08636713321 6.36984822876 -28.2838644734 0.00424032350362
66 2.49269855895 5.48765816793 -28.4817359991 0.00648643533051
67 2.92021355666 4.59343034691 -28.4792217469 0.00413633410498
68 3.46339130819 3.76736512065 -28.549495441 0.0031846582729
69 4.01115627056 2.95754498159 -28.7121982554 0.00336842291577
70 4.44665671196 2.1043279963 -28.9664675899 0.00204218044056
71 4.92977135417 1.29073675617 -29.2613252072 0.00619724116832
72 5.55260881342 0.582981288674 -29.5668474814 0.0042774834154
73 6.18364962607 -0.102264503921 -29.905020527 0.00405594736413
74 6.837558141 -0.795649658724 -30.1764744586 0.00663915762563
75 7.70572008369 -1.14388533596 -30.5035990096 0.00307301253844
76 8.62002829678 -1.42739179888 -30.7597090209 0.00951200561966
77 9.60883402885 -1.44599482528 -30.8204601963 0.0146444851203
78 10.5880349237 -1.50773253932 -30.958013752 0.00618014493443
79 11.5634418087 -1.39628611828 -31.0908191496 0.00356955490342
80 12.5375651952 -1.45442264044 -30.9201409224 0.00624784217952
81 13.5096886812 -1.35804134149 -30.7557610344 0.00715669634216
82 14.4717497414 -1.14816694629 -30.6479939816 0.00659746752481
83 15.4253085328 -0.933809845638 -30.4870455636 0.00161283281339
84 16.3895043864 -0.715117057502 -30.4270789148 0.00490696123913
85 17.3595139727 -0.527642666521 -30.3566744074 0.00363865757191
86 18.2732204573 -0.202647118389 -30.1554375759 0.00965095292735
87 19.1957856956 0.130107516127 -30.0177059119 0.0065735680299
88 20.061093661 0.593938182945 -29.8880043879 0.004124233916
89 20.8743869105 1.14966698764 -29.7861610105 0.00582112761294
90 21.6493005914 1.75717352659 -29.6812541222 0.0037585827849
91 21.7508348738 2.74136059416 -29.6416980533 0.00339484243989
92 21.5856509464 3.71300723835 -29.5464956876 0.00239068967288
93 21.4127572479 4.68515622772 -29.472732141 0.00888502676001
94 21.0387553616 5.59319125524 -29.3467871174 0.00634228697397
95 20.5850087326 6.4601850683 -29.1964478289 0.00734920629533
96 20.02809753 7.27753303978 -29.2392335728 0.00224308278038
97 19.6422983439 8.17544095541 -29.3971244741 0.00527328393416
98 19.0896582812 8.99402932122 -29.3306667439 0.00291635036698
99 18.7091160153 9.90731339239 -29.2996108298 0.00321696159815
100 18.2100450116 10.7564649667 -29.2012063148 0.00324356496964
101 17.8381831262 11.6736670301 -29.1865456709 0.00300100007742
102 17.4683466014 12.5911002677 -29.1512949594 0.00123063934934
103 17.1264484951 13.5129244198 -29.0371260952 0.00668687293697
104 16.562287712 14.3082032243 -28.8673193261 0.00347456870069
105 15.9560988498 15.0840980746 -28.7671385862 0.00634060588319
106 15.2450201099 15.7698929621 -28.7083637193 0.0156009437204
107 14.454008628 16.3538842761 -28.5970681639 0.00242129509288
108 13.6140502236 16.8736469158 -28.655396849 0.00567282352354
109 12.7318323008 17.32124876 -28.6734899625 0.00193826781407
110 11.8480769244 17.7654065136 -28.6989636602 0.0043802014921
111 10.9705928181 18.0815497958 -28.368836804 0.00411447787847
112 10.1107396189 18.3802046487 -27.9811423939 0.00420418261719
113 9.18812099719 18.5151634635 -27.6505082421 0.00538902574194
114 8.21090778874 18.548557489 -27.5002854557 0.00196411070136
115 7.72867400492 19.4122736208 -27.4949646955 0.00297718498254
116 7.16186480732 20.2159658677 -27.3884824195 0.00612590425723
117 6.5754085255 20.9997572363 -27.2464903043 0.00312851253823
118 5.99353072882 21.7983712452 -27.201877962 0.00406608102871
119 5.41504336943 22.5666874586 -27.4328356051 0.00492341499977
120 4.76372091971 23.2772553765 -27.6543676039 0.0034282098629
121 4.02391215572 23.9184125708 -27.7948253508 0.0269467451734
122 3.30561399946 24.5027857646 -28.141521236 0.00413765178582
123 2.51554455053 24.9469912485 -28.5365474881 0.00237020083468
124 1.71443132738 25.3266266228 -28.9743089059 0.00324575654408
125 0.838912751087 25.6137367084 -29.3327587126 0.00402681539892
126 -0.119882559768 25.8537568286 -29.3533149284 0.00269456766286
127 -1.10166166644 25.9693425564 -29.357272956 0.00479328056993
128 -2.0406149991 26.2763034546 -29.3210719884 0.005434429095
129 -2.96602542184 26.6172414805 -29.2544727194 0.00444709815077
130 -3.94081586241 26.7788922674 -29.2296143785 0.00351845859251
131 -4.91414902771 26.9506814 -29.2278698419 0.00272340823529
132 -5.89261967084 27.0896670032 -29.2172194386 0.00242805996507
133 -6.84205907866 27.2110728806 -29.4634588114 0.00335886450515
134 -7.71907212502 27.3800589213 -29.8866335314 0.00316588292542
135 -8.59973529706 27.4503883911 -30.3295910087 0.00266731046053
136 -9.51791395868 27.5329473739 -30.685642916 0.00304890876972
137 -10.4487675478 27.7189943391 -30.9603313242 0.0196257755523
138 -11.381555134 27.8174398847 -31.2707431687 0.00707087743051
139 -12.2968400828 28.1889520156 -31.2840271261 0.00639403355573
140 -13.2479378849 28.4532188835 -31.3211509502 0.00611581633124
141 -14.1663391762 28.6817959616 -31.6039740341 0.00382686028992
142 -15.0824347011 28.8132934371 -31.9490891422 0.00443006082213
143 -15.9713846181 28.8253786899 -32.3794098863 0.00397339269182
144 -16.876821022 28.894337002 -32.7678403965 0.00287579039768
145 -17.6843147384 28.723740629 -33.3103289567 0.00185013072988
146 -18.4378983626 28.6611558399 -33.9456569305 0.00381668698175
147 -19.1624894908 28.4397170293 -34.5791316498 0.0180707248327
148 -19.8611889956 28.0077192567 -35.1269334015 0.00514559992414
149 -20.5792089573 27.5691938229 -35.6435522955 0.00342178656271
150 -21.2507199447 27.1116612555 -36.2042906902 0.00255826004445
151 -21.861423408 26.5297023313 -36.7170979863 0.00509707904496
152 -22.471226887 25.9212378376 -37.1991554215 0.00380164279037
153 -23.066313168 25.3620955129 -37.7538092352 0.00255063985643
154 -23.5308714702 24.7265721694 -38.3493445973 0.00126556885965
155 -23.2077962832 23.8304547429 -38.6078092264 0.00306229648233
156 -22.7811959835 23.0614356423 -39.0559310518 0.0112767580798
157 -22.2062741393 22.3774818604 -39.4749408594 0.00357204389869
158 -21.5601014486 21.7239549496 -39.8343138359 0.00540988261822
159 -20.9691833456 20.9726747117 -40.0792822942 0.00515141976477
160 -20.1815810398 20.3793237475 -40.112040175 0.00314302430447
161 -19.2899995215 19.970643085 -40.0050761529 0.000997674797865
162 -18.3429722766 19.776392042 -39.8081721523 0.00616734676233
163 -17.3832504103 19.5726418497 -39.9111783773 0.00465371671055
164 -16.397237238 19.5483010842 -39.9269278752 0.00320493442623
165 -15.4244851312 19.5414458919 -39.7635395831 0.00328919419807
166 -14.4696870472 19.6625404258 -39.5476522082 0.0044463933422
167 -13.4913557277 19.7471736894 -39.4555754381 0.00331909122337
168 -12.5585492044 19.9123605207 -39.1811673485 0.00368329549352
169 -11.7290250723 20.0800104468 -38.6747260206 0.00264562990679
170 -11.0409657094 20.2487165536 -37.9885472606 0.00258129503066
171 -10.528539942 20.4800606024 -37.1782102387 0.0308554764562
172 -10.0192551515 20.7907824474 -36.3933883394 0.00307923047025
173 -9.64350794722 21.221522983 -35.5902277524 0.00434381441699
174 -9.19971051198 21.7000178928 -34.8515111028 0.00540500050117
175 -8.83441946622 22.4924016965 -34.3932730694 0.00555250272941
176 -8.50411528907 23.3029062788 -33.9403863727 0.00351745559313
177 -8.19103315826 24.0766130058 -33.4165427828 0.00645840994578
178 -8.0308070517 24.6991276405 -32.6696783346 0.00221657363515
179 -7.76290722591 25.3806701186 -32.0104333542 0.00524989819353
180 -7.32470300539 26.0447004591 -31.4293081053 0.00266112720974
181 -6.65080804022 26.4481596724 -30.8345991975 0.0035643371109
182 -5.92597344824 26.8144941189 -30.2770377379 0.0043485408279
183 -5.36585484505 27.199292756 -29.5638583467 0.00831399357067
184 -4.94363761293 27.6292929863 -28.7847232086 0.00510314174027
185 -4.74132911473 28.1658961304 -27.983970781 0.00233520487391
186 -4.07556793764 28.5062920853 -27.3430539702 0.0119391751048
187 -3.40902984552 28.9595234481 -26.777583177 0.00658140702969
188 -2.56934355555 29.2060950676 -26.3266946482 0.00679410115789
189 -1.83702699197 29.6867564689 -25.8776718083 0.0133646412789
190 -1.05968851583 29.9616865403 -25.3403652314 0.00437920867338
191 -0.346211514586 30.3462097476 -24.7822480147 0.00676316213613
192 0.530857488999 30.6618253226 -24.4673068244 0.00201331256436
193 1.49144930781 30.6873050699 -24.2562034209 0.00424041001199
194 2.46544930636 30.7362686756 -24.1269276807 0.00544984087883
195 3.4362846066 30.8806547172 -24.1918616831 0.00566296312721
196 4.3008126122 31.3331487725 -24.3152644733 0.00399358557745
197 5.15864068127 31.6317881671 -24.6924388175 0.00282981535235
198 6.06689696911 31.8590199912 -24.9934688055 0.00367096739512
199 6.81336725627 32.3609258798 -25.3909099101 0.00753061788691
200 7.50370915097 33.0339575843 -25.5837722957 0.00386455550558
201 8.33367671821 33.5331480717 -25.414796621 0.00427803940451
202 9.14731551216 33.9866934487 -25.1005384935 0.00640024613761
203 9.84643213373 34.5172075486 -24.6577358794 0.00458397347285
204 10.4920196805 34.9064694333 -24.0269282804 0.00309145319125
205 11.1456051047 35.3644305111 -23.4531994223 0.00320658240901
206 11.7780658718 35.7403759596 -22.8015416699 0.00449863745349
207 12.2929775587 36.1898309868 -22.095337332 0.00282154585984
208 12.6402671466 36.609327985 -21.2772469105 0.0074729413277
209 12.9780373347 37.1114741477 -20.5031125504 0.00431831052976
210 13.2944150997 37.4445961423 -19.6345620533 0.00461693314738
211 13.4214782805 38.0975638356 -18.9116461022 0.0336292390954
212 13.3145736747 38.7388988761 -18.1761264992 0.00309876939151
213 13.070709031 39.3971076687 -17.4899477512 0.00447448248224
214 12.7378104027 39.9693919705 -16.7653381843 0.00456297584544
215 12.4728514133 40.5297265705 -16.0043873648 0.00656154705391
216 11.8213510109 41.022479709 -15.4607957283 0.00679875049633
217 11.0482034401 41.2807357009 -14.9149093325 0.0102473180034
218 10.209409994 41.4120420346 -14.423867543 0.00413969465929
219 9.32984669345 41.2554089533 -14.0194814228 0.00463298818566
220 8.4587697037 41.0549753761 -13.6163357939 0.00466962773028
221 7.52469205242 40.8668801511 -13.3854691869 0.00908022633701
222 6.64543472805 40.5373259566 -13.104291913 0.00314229388174
223 5.83918617836 40.0630573286 -12.8116422086 0.0149728860602
224 4.97528703633 39.7115787683 -12.5116224487 0.00501596076566
225 4.06900824755 39.455726013 -12.2418026683 0.00526809852983
226 3.11125799765 39.3006161613 -12.1078190614 0.00161441640771
227 2.3284025856 38.8603047058 -11.717215806 0.00716104285386
228 1.39133475117 38.6160801472 -11.5719564232 0.00239548690268
229 0.460208846734 38.3831006678 -11.3784291592 0.00448021426645
230 -0.419719747483 37.9606755241 -11.3025982366 0.00634241950098
231 -1.20917442086 37.4199479831 -11.0963717053 0.00436759494002
232 -2.06569049642 36.9855987658 -10.9076026635 0.00600055107469
233 -2.90101251195 36.6094941467 -10.5634699796 0.00249013357223
234 -3.63566439713 36.0729361532 -10.2030423893 0.00496842426757
235 -4.32748934987 35.4212810667 -9.97086272252 0.00401244315342
236 -4.76708524671 34.5824472678 -9.72575880915 0.00373917335895
237 -4.99127174733 33.8875312976 -9.07471753588 0.005944763793
238 -5.33966894678 33.0991998928 -8.6124631303 0.00543923371536
239 -5.53958728172 32.3081059562 -8.07350757726 0.00439437087164
240 -6.22637369556 31.6160415579 -8.00162249552 0.00475316684073
241 -6.75879029178 30.8370847843 -7.74604491817 0.00416490751945
242 -7.1180493528 29.9498541854 -7.5484421877 0.00329826560063
243 -7.38051860565 29.0306691742 -7.34520835969 0.0035517950759
244 -7.40859093605 28.0556053418 -7.28765324407 0.00363940991642
245 -7.55548827287 27.0922843751 -7.21650057625 0.0057275278274
246 -7.53197173233 26.1419322115 -6.99158194278 0.0139334382988
247 -7.5530573746 25.27384971 -6.54488418026 0.00424074434393
248 -7.46851630087 24.4522840806 -6.02409739046 0.00343105057645
249 -7.19249863924 23.6865840025 -5.48498007632 0.00386696413105
250 -6.8028858837 22.9389712895 -4.99292816894 0.00191780204169
251 -5.93170122991 22.507286176 -4.90804604488 0.00237933750767
252 -5.00953873109 22.2153171605 -4.77866213618 0.00295628408495
253 -4.07337443865 22.0286155367 -4.57634689113 0.00430482046958
254 -3.11558167958 21.9390397472 -4.41355745273 0.00170776313498
255 -2.39252053994 21.6284850995 -3.83669657467 0.00415564116497
256 -1.64211026551 21.2418282465 -3.34776828206 0.00388920970447
257 -0.807968449741 20.7790632322 -3.14456096954 0.00161682611249
258 0.109136715362 20.4787766656 -3.00365894199 0.00496942717207
259 1.07353332051 20.5321756398 -2.87006758861 0.00304461395475
260 2.04718932032 20.570726404 -2.8378488131 0.00359710117927
261 2.97743676305 20.8061320548 -3.0096718374 0.00387566568923
262 3.89280139651 21.0529031125 -3.2360614184 0.0036508478259
263 4.63726290883 21.6581300204 -3.06507743131 0.00853815612464
264 5.35463620129 22.3171048588 -3.04974575879 0.00333714483631
265 5.95503363183 23.0809153503 -2.97917678388 0.00591738558135
266 6.40625119124 23.8950860742 -2.69279237231 0.00390701047909
267 6.75008887984 24.764135795 -2.41945669662 0.00543276476231
268 6.90940128428 25.7071181267 -2.23743049279 0.00449504155131
269 7.21926956932 26.6237450482 -2.34296231367 0.0053970151698
270 7.38437341228 27.5578271148 -2.12570750429 0.00716261710491
271 7.45456109699 28.5253236898 -2.05234834174 0.00231608737158
272 7.41214338494 29.4933670205 -2.1375819865 0.00346350844416
273 7.24148426615 30.4102982982 -2.4133830774 0.00381713694095
274 6.98323953221 31.2972573243 -2.7171410053 0.00818103618246
275 6.49137910298 32.0977919488 -2.96646659571 0.00442205517148
276 6.11904325196 32.9319445104 -3.29838898791 0.0056843165353
277 5.84038218119 32.4486669239 -4.09426772211 0.00605758366701
278 5.6185224928 31.9518555088 -4.89930247403 0.00491167345537
279 5.41067996151 31.3263045904 -5.61277775965 0.00516954358969
280 4.84313521066 30.814083511 -6.21150586403 0.00361539482905
281 4.1791998159 30.5622750397 -6.8736909106 0.00515056067827
282 3.74864582461 29.9782123108 -7.51844681559 0.00106093022926
283 3.47981926261 29.2151859044 -8.05465020115 0.00320938003263
284 3.35081340936 28.4480803242 -8.63486621974 0.00682771368428
285 3.47699920478 27.7612226325 -9.30831122217 0.00663645748887
286 3.82244155195 27.2506548229 -10.0571064904 0.00527904777134
287 4.31321911834 26.7610020465 -10.7349480867 0.00381202094133
288 4.77805559337 26.1465789483 -11.323177011 0.00450803451805
289 5.31021719615 25.5513763254 -11.8724017773 0.00447768661634
290 5.78498977099 25.0893899194 -12.5795298084 0.00328240276467
291 6.31551071927 24.6959604227 -13.0719546838 0.00128116826212
292 7.15056038641 24.7411918008 -13.541615144 0.00488880468897
293 8.03980585673 24.8382755412 -13.8863556421 0.00112437952807
294 8.83206523696 25.205320024 -14.28196261 0.00659813052798
295 9.78786006774 25.15064221 -14.3150317055 0.00731695223687
296 10.6743675501 25.3749136719 -14.5984726294 0.00620165488188
297 11.4398422729 25.9487783611 -14.6086274578 0.00261623538507
298 12.1382657894 26.5783272075 -14.7842539324 0.00300085770854
299 12.7793799979 27.2360886118 -15.0504003783 0.00467909692498
300 13.339976672 27.9421977068 -14.7327853594 0.00296290829435
301 13.6455374308 28.847065283 -14.7630712646 0.00521285515484
302 13.5376300159 29.7947932873 -14.8110751267 0.00341247964545
303 13.8012154224 30.7116921683 -14.774560652 0.00223871917352
304 14.2270093576 31.5561025505 -14.9041604479 0.00725868252112
305 14.8287411533 32.2578158444 -15.139415068 0.00376269032483
306 15.1455834778 33.0725435564 -15.5203041094 0.00570607337742
307 15.6366095101 33.7923245763 -15.9062566594 0.00403688112028
308 15.9169171932 34.6427881314 -16.2309568946 0.003446521184
309 15.8086922353 35.5285009806 -16.5632402917 0.00396408275429
310 15.178716418 36.2388634629 -16.6277585495 0.00796193954279
311 14.609969277 36.9971862168 -16.553740868 0.0021424446557
312 14.4550697106 37.0397989971 -16.2949828177 0.00087702980905
313 14.2969689308 37.0439138283 -16.144649535 0.000561878432104
314 13.7393824799 37.1071017493 -15.4006083469 0.00498242469302
315 13.4638376532 37.2290934412 -14.5194930065 0.00382988946045
316 12.7457924721 36.8553436858 -14.0620087368 0.00284377406252
317 12.6099988524 36.00948351 -13.7022624677 0.00541348349095
318 12.7688549317 35.1959422264 -13.2847869483 0.00624217654021
319 13.1052327484 34.4244987245 -12.8967133218 0.0117695777049
320 13.3810383497 33.7956157125 -12.2778183052 0.00359504006547
321 13.3361334323 33.2998520297 -11.499497871 0.00479494078753
322 12.7448008168 33.2473892532 -10.7932058607 0.00574197202996
323 11.917573079 33.4634944607 -10.451379907 0.00193463282991
324 11.1738188049 33.4744856438 -9.90906985697 0.00547645836637
325 10.3141825444 33.2387747202 -9.6859925513 0.00495136504631
326 9.57771010412 32.6976041745 -9.60478179012 0.00645611052682
327 8.94944301019 32.041398973 -9.72053609149 0.00698629698845
328 8.59849743749 31.199087243 -9.77076800376 0.00736704961877
329 9.1617738119 30.8410229157 -10.3926976877 0.00959387224734
330 9.74966806229 30.6107438668 -11.0473166015 0.00685268805476
331 9.84260156273 30.8452004438 -11.9194096111 0.00569370965086
332 10.1214842797 30.9642679451 -12.7731012742 0.0061233272747
333 9.34688283731 31.1019959675 -13.2165457001 0.0078605577331
334 9.06087131146 31.3388469749 -14.0375712436 0.00331651376326
335 9.37803085644 31.4054411637 -14.8771577358 0.00532629825066
336 9.87993771907 31.6892725721 -15.5651220529 0.0177913149755
337 10.3651491728 32.3394358232 -15.9312632946 0.00457270538642
338 10.8719393513 33.0526877427 -15.7801031819 0.00789132086643
339 11.0910765085 33.8401698334 -16.1182422502 0.00304782331847
340 10.8768292019 34.6967686783 -16.117694445 0.00665119097214
341 10.6788939093 35.5126119259 -15.8540116032 0.00228069516382
342 10.9201028652 36.3574772536 -15.84181898 0.00537049284286
343 10.9663186196 37.2272264573 -15.9357193721 0.00741261398049
344 10.7056560306 38.0556118001 -16.0159169506 0.00771395594668
345 10.3869120941 38.5512934133 -16.6540214062 0.0461941918157
346 10.7288645786 38.6174965143 -17.4158370627 0.00546892862802
347 11.0664557475 39.2500735236 -16.9933396062 0.00445529128419
348 11.5414799987 38.8025891958 -16.4827966502 0.00646406459287
349 12.1002559651 38.2410130117 -16.2626094409 0.00502220358994
350 12.744581844 37.7819831859 -16.4684304146 0.00914100147923
351 13.4532850133 37.847056346 -16.8519903502 0.00476150740234
352 13.9475819742 38.001155295 -17.4669807619 0.00703391819505
353 14.6364125959 37.82206608 -17.815260431 0.00750630392249
354 15.0016979861 37.3176516061 -18.2902309518 0.00485721417463
355 15.3689696032 37.0145507608 -18.904426397 0.0290511094885
356 15.5182651415 37.5005362507 -19.4301287375 0.00456261560785
357 14.816645496 37.6707471433 -19.4146384758 0.0105101523072
358 14.3093494068 37.8642094153 -19.8593830284 0.007404219775
359 14.2210568537 37.5093328021 -20.4397444075 0.00659351404772
360 13.7580270428 37.7911555233 -20.8328990455 0.00979804411251
361 13.5290613158 37.2234483949 -21.0311733243 0.0111716872775
362 14.0879637243 37.0824342936 -21.2311825369 0.0105689686326
363 13.9258355958 37.2828106484 -21.7451408773 0.0155132960137
364 13.4608560823 37.2834439455 -21.9604061469 0.0115842977995
365 13.1094628417 37.3737610367 -22.240379333 0.0113802134826
366 13.0365934221 37.7378939333 -22.3874620379 0.00677993864564
367 13.3873047487 37.7863121059 -22.3769157894 0.00547275776164
368 13.5247655631 37.525299889 -22.4982570231 0.00447825021616
369 13.7029419322 37.6078802623 -22.7131410207 0.00451089798297
370 13.8899142766 37.4510342887 -22.8140012827 0.00830807039904
371 14.0662011577 37.5790565384 -22.8186328028 0.0221915994011
372 14.1517624713 37.637882665 -22.8525371703 0.00685399097552
373 14.2136525175 37.5892789096 -22.8762436905 0.00993230366327
374 14.2294983156 37.5514430517 -22.898328548 0.0066253623776
375 14.2062214416 37.5659133135 -22.8966540877 0.00989330475098
376 14.2032990316 37.5682493029 -22.8912069037 0.00639397053344
