0 0.639248700464 -0.218348994371 -0.728492181501 0.00409504341538
1 0.933353928394 -0.674096304091 -1.5608462781 0.0109459018465
2 1.25463732448 -1.09792332495 -2.39993746657 0.00196619254495
3 1.6751545581 -1.6106170652 -3.13965728607 0.00264804707638
4 2.06915259478 -2.09234108853 -3.91397721836 0.00458686430296
5 2.45560504654 -2.50767125822 -4.72944897056 0.0080599172851
6 2.80327958195 -2.94244616888 -5.55216695226 0.00635180554155
7 3.15370568575 -3.28885557204 -6.41468266693 0.00288711244595
8 3.55155619852 -3.68148972061 -7.23580616369 0.00556837803104
9 3.94717663164 -4.05476940407 -8.06694505995 0.00341967381254
10 4.31384967133 -4.41267026236 -8.91787410982 0.00224463569083
11 4.73827011927 -4.82604597977 -9.71510074686 0.00313616213273
12 5.20830412884 -4.85588885539 -10.5896070504 0.00623451159717
13 5.66772695331 -4.8429215464 -11.4701143623 0.00415061971071
14 5.99409823536 -4.75432043711 -12.4040025214 0.00126381666753
15 6.31421541279 -4.56621730359 -13.3252196271 0.00255774176191
16 6.62188504641 -4.42189632169 -14.2584889831 0.00531589092347
17 6.92993651281 -4.3262312455 -15.1978440368 0.00406709582976
18 7.15689985139 -4.17602639975 -16.1530045212 0.00246898490278
19 7.38522898784 -3.94704540504 -17.0920515917 0.00102607340592
20 7.48897046036 -3.69286387976 -18.0465162178 0.00514749103788
21 7.50520321983 -3.42437617502 -19.0025380288 0.0165248857492
22 7.63613252625 -3.2143084711 -19.9642581318 0.00871540077895
23 7.717929295 -2.86502619866 -20.8902117037 0.00659146283322
24 7.83108154833 -2.49106250642 -21.8030964035 0.00444356072702
25 7.92014197291 -2.02596364718 -22.675852204 0.00547177035743
26 7.99085263045 -1.51284003097 -23.5229605582 0.00637947501734
27 8.15255476838 -1.04116061933 -24.3815655028 0.00441804503651
28 8.2734913335 -0.640888361172 -25.2821002349 0.0039524879604
29 8.26725538141 -0.164000544435 -26.152901165 0.00445111784329
30 8.25221019297 0.432440619055 -26.9464451245 0.00300183481659
31 8.24738878339 1.03459081233 -27.7357746686 0.00412249238469
32 8.56190870066 1.70286136022 -28.3991415618 0.00396369549099
33 8.75612367907 2.22440055113 -29.2212482078 0.00563779540236
34 8.87829771652 2.71663221016 -30.0746648674 0.00543887242002
35 8.71111428399 3.06909406027 -30.9875340226 0.0117461414726
36 8.53462596534 3.52024086608 -31.8539571072 0.00194104132929
37 8.31905915782 4.02904601393 -32.6785669818 0.00231058037804
38 8.02231069736 4.52613802336 -33.4848808068 0.00468544336727
39 7.69722178336 4.98622363479 -34.3021303351 0.00601347175164
40 7.26618683516 5.54177377821 -35.0026477756 0.0052711617811
41 6.66398865534 6.07605038134 -35.5831337149 0.0026209306578
42 6.00774665011 6.59101950066 -36.1208805889 0.00119925935126
43 5.31465273725 7.12847046603 -36.5853744826 0.00264555787672
44 4.60218023636 7.6384524793 -37.0514870982 0.00366963274334
45 3.79604105025 8.07959343419 -37.4262343812 0.00236541620175
46 2.95540582686 8.49562525848 -37.7504519012 0.00466652172109
47 2.18196936497 9.00271404064 -38.1102855951 0.00710514186115
48 1.37243555217 9.41882938334 -38.5055786415 0.00241232560078
49 0.592374786251 9.75057818983 -39.0215278658 0.00619597734038
50 -0.264181708083 9.87062808666 -39.5079224873 0.00394990655767
51 -1.09116477378 9.98915929519 -40.0433661313 0.0032548998089
52 -1.82607049899 10.0724922737 -40.704897072 0.000740941246042
53 -2.53225200505 10.0917583556 -41.401743414 0.00292353958158
54 -3.34703915806 10.0483857363 -41.9663880682 0.0040068066997
55 -4.18658260145 9.96547324796 -42.4887087885 0.00736844156802
56 -5.01677398269 9.7188769134 -42.9728648167 0.00300419179643
57 -5.92497079007 9.43148515718 -43.2502526835 0.00945824365768
58 -6.75329420522 8.93726044974 -43.4823489025 0.00541153441512
59 -7.62657143982 8.55461638116 -43.7565034069 0.00254387721916
60 -8.49438920615 8.17451392392 -44.0507458956 0.00302018215492
61 -9.28707734861 7.8768927489 -44.5677032218 0.00687886077143
62 -10.0233295111 7.5982379032 -45.1713660369 0.00288301805786
63 -10.7711296979 7.19490482362 -45.6834021902 0.00768755917543
64 -11.5299500135 6.64858324164 -46.0145475909 0.0094095524599
65 -12.3097918477 6.10865815127 -46.3046206861 0.00351116163443
66 -13.0359155403 5.59403475669 -46.742467194 0.00608202583838
67 -13.6971029844 4.99648597753 -47.1777783536 0.00666754632864
68 -14.259395501 4.25191908237 -47.5140448251 0.00218665986101
69 -14.6985083152 3.48663075799 -47.9669692952 0.00241111259681
70 -15.2020122746 2.74218495771 -48.3863423244 0.0206082956927
71 -15.5422008111 1.90913747075 -48.8030427292 0.00413172817978
72 -15.8217436433 1.01476908131 -49.127427868 0.00983128690403
73 -16.0970115185 0.118889906955 -49.4511081549 0.00189673556549
74 -16.26735413 -0.790591837355 -49.8074078268 0.00410737683882
75 -16.3321970399 -1.68671629524 -50.22674207 0.00614240707171
76 -16.3425016842 -2.59555146248 -50.6228649609 0.00500781445593
77 -16.1801622229 -3.44768534933 -51.102939321 0.00293722135685
78 -16.033869993 -4.28610922868 -51.6114389009 0.00374087052969
79 -15.9205734163 -5.15987404652 -52.065931136 0.00199190473993
80 -15.7416447775 -5.98171820669 -52.5907311514 0.0109802492567
81 -15.4536450587 -6.74677902153 -53.1515020581 0.00291035007355
82 -14.8932151377 -7.35645206136 -53.6963868129 0.0027258237249
83 -14.267393071 -7.85758301702 -54.2793733836 0.00380861265889
84 -13.557410733 -8.34308479283 -54.7721133042 0.00581567995083
85 -12.8006165944 -8.90814429539 -55.072823783 0.00448116722966
86 -12.0230288875 -9.42368539531 -55.4074534045 0.00316877124469
87 -11.1887932571 -9.77799686879 -55.8085620377 0.00246182570623
88 -10.3694221747 -10.1135245703 -56.2539874029 0.00104267291987
89 -9.55207166492 -10.430645393 -56.7162800243 0.00628301646365
90 -8.6521922576 -10.7048605722 -57.0281197053 0.00351857885243
91 -7.74257213515 -10.8997039288 -57.3698879887 0.0038400676104
92 -6.79395183526 -11.1048224823 -57.5702570425 0.00487731069044
93 -5.83563068728 -10.8637176012 -57.6445020131 0.00146979235461
94 -5.06879879943 -10.5703956209 -58.1995027805 0.0056736352331
95 -4.32560253916 -10.2574002314 -58.7754505409 0.00599192844227
96 -3.71047372986 -9.81653920034 -59.4151536775 0.00404939400241
97 -3.15179760257 -9.33473703426 -60.0767132716 0.00258613401976
98 -2.72611382692 -8.87092647668 -60.8419553809 0.00542201404517
99 -2.25916809671 -8.3172699778 -61.5181443378 0.00622459353721
100 -1.89546296403 -7.67183567956 -62.1760511502 0.0045285200481
101 -1.24203135574 -7.19597883598 -62.7489362041 0.00430971448118
102 -0.562802689144 -6.66578550896 -63.2378763441 0.00784997095188
103 0.132947933928 -6.46135420066 -63.9128658475 0.00438828667875
104 0.797788682469 -6.13186446997 -64.569236543 0.00418074500978
105 1.52236330191 -5.76926822678 -65.1391653632 0.00347956678444
106 2.20492799875 -5.43693890092 -65.5933100044 0.00495910103085
107 2.72082555453 -4.61552218549 -65.6899209828 0.00678022360549
108 3.12406736425 -3.73111263438 -65.6196845327 0.00637062536271
109 3.35484080331 -2.78938689816 -65.5240214763 0.00610977029072
110 3.25683017189 -1.82402334708 -65.4387735066 0.00213358960411
111 2.98973168386 -0.890501230734 -65.3623943371 0.00186808815477
112 2.78598909412 0.050711214785 -65.2170675463 0.00303770886512
113 2.44994883262 0.958068601025 -65.1072804574 0.00399698529828
114 1.93245795706 1.73420238217 -65.3862908712 0.00401938683009
115 1.33888710241 2.36249995322 -65.834335531 0.00419648704047
116 0.693155825982 2.9233804628 -66.2990508697 0.000856058964034
117 0.0929662128137 3.24790508799 -66.9934187498 0.00345177654496
118 -0.54804549537 3.12328679602 -67.7152431506 0.00293905091318
119 -1.15140246038 3.05943800857 -68.476269907 0.0045879913625
120 -1.77722961054 2.8487376646 -69.1909703281 0.00437852333583
121 -2.3442567791 2.65960255677 -69.9586161045 0.0063318807768
122 -2.95914269378 2.47530427045 -70.6893382886 0.00262567676138
123 -3.63045150646 2.16343059806 -71.3200052659 0.00416938632707
124 -4.11489301302 1.64734901875 -71.9865898926 0.0049609650331
125 -4.45941961863 1.25989122514 -72.8089891412 0.00446462048742
126 -4.72770288804 0.588519639174 -73.4584696301 0.00867329375272
127 -5.12093664747 -0.112317699973 -74.0042391369 0.0036279741993
128 -5.53745321703 -0.947525256862 -74.2727027925 0.00323300270141
129 -5.55386302072 -1.91362414566 -74.1769727177 0.00261774865501
130 -5.46427257735 -2.76289844625 -73.7149629507 0.00394455223585
131 -5.21290131392 -3.69028826306 -73.5772750746 0.00214486968937
132 -4.53268856451 -4.36803013888 -73.4359281096 0.00483257443133
133 -3.69366130718 -4.82586021431 -73.2686265339 0.00448223188597
134 -2.79654601494 -5.19489244884 -73.2794926748 0.00793864967642
135 -1.82797301121 -5.2228690984 -73.3175804954 0.00420788467956
136 -0.901532828029 -4.98286920447 -73.4728009111 0.00803751238819
137 0.0427518719958 -4.85400548247 -73.648657162 0.00247843608596
138 0.838333733831 -5.23385626478 -74.0509733087 0.00617094651434
139 1.47608086292 -5.50100639299 -74.7297229596 0.00341393981841
140 2.15510901401 -5.91846708624 -75.2801110983 0.00396725583222
141 2.70766807825 -6.35523062272 -75.9448953647 0.00342437687285
142 3.35272802693 -6.86789337934 -76.4533706796 0.0048403308728
143 4.0073569407 -7.30840608894 -77.0141168786 0.00283124815952
144 4.46944642366 -7.49499248703 -77.8440521272 0.00665506481584
145 4.59508155571 -7.61808533197 -78.0941058318 0.00239925627574
146 5.00656225699 -8.0470483966 -78.8545718402 0.00366204096357
147 5.25620320159 -8.14777146495 -79.7814238613 0.00337447216047
148 4.99871175175 -7.69015308648 -80.5908375442 0.00277988744576
149 4.43558706083 -7.28242645236 -81.2593621742 0.0247654775525
150 3.93528405858 -7.07425431931 -82.0553954003 0.00410103072502
151 3.55866409507 -6.8268546024 -82.9061712064 0.00362686230054
152 3.28982674787 -6.80396622122 -83.8301526726 0.00801050356166
153 3.22709560571 -6.88334660548 -84.7868528982 0.00375316287556
154 3.16842306078 -7.12182292206 -85.7166949969 0.00451520710505
155 3.41793298471 -7.71631258607 -86.4295365833 0.00267986764856
156 3.61107945814 -8.31199949361 -87.1584467461 0.0103238252694
157 4.24028558321 -8.67436218332 -87.7865757758 0.00320034741844
158 5.05147930196 -8.56733415698 -88.2881623239 0.00514694646887
159 5.69640495788 -8.05995698048 -88.7850750688 0.00725469564811
160 6.56136834959 -7.69211974047 -88.9732070525 0.0036537989491
161 7.35316052677 -7.161390408 -88.8750655063 0.00724906140705
162 7.9619306753 -6.43163544663 -88.993061139 0.0119674609137
163 8.5367592276 -5.68867010292 -88.8123461871 0.010387892515
164 8.80858248318 -4.86847592444 -88.4038597431 0.00548383824389
165 8.9064326688 -4.07701693159 -87.8778685398 0.002434444564
166 8.99178621427 -3.58305194232 -87.0645506272 0.00455347269121
167 9.4621103504 -3.35482071899 -86.2654153811 0.00419068660173
168 10.1874989161 -3.07942213172 -86.8209457165 0.00361617194093
169 10.7777203182 -2.47499152606 -87.2637786455 0.00468189422202
170 11.3259962914 -2.13371964842 -87.9654048266 0.00218198718789
171 11.2960516167 -1.62660512973 -88.7723198067 0.00408750347193
172 10.9503480542 -1.67882111823 -89.6590834191 0.00735399171526
173 10.3601695147 -1.72262771396 -90.4051044572 0.00289037746713
174 9.77259180447 -1.76012413774 -91.1531315325 0.00396974577773
175 9.29491173534 -1.84035321391 -91.972244848 0.00375182641791
176 8.8733753283 -1.85367240761 -92.824889846 0.00667157063127
177 8.62234888644 -2.26800249865 -93.6426249077 0.0050461071335
178 9.28423447083 -2.28920884988 -94.3233688114 0.0309188983985
179 9.92471847316 -2.04699058776 -94.9759407453 0.00411210152242
180 10.617345321 -1.53883878857 -95.3700259187 0.00349350064222
181 11.2056503288 -1.31671244413 -96.0753832674 0.0051373236984
182 11.9278532283 -1.01039486586 -96.6006101209 0.00932520086305
183 12.7224375951 -0.832974476157 -97.075883622 0.00503129810723
184 13.5231067184 -0.789084647364 -97.5702523579 0.00306718963177
185 14.2995163858 -0.811155255518 -98.1025357428 0.00949700901944
186 14.9172797373 -0.383654130316 -98.6678877035 0.00242688157068
187 15.4812395153 0.200416482649 -99.1411120236 0.00653596756946
188 15.9041377546 0.917009476678 -99.5756088957 0.00427374135833
189 15.8667222938 1.62806256027 -100.186513231 0.00547989297939
190 15.2144987655 2.01082027856 -100.740126998 0.00622256049545
191 14.3776369643 2.4290984977 -100.717131487 0.00719901109007
192 13.4593416341 2.44492617388 -100.543867955 0.0142335328379
193 12.5304285624 2.3809932326 -100.503178842 0.00453485612828
194 11.8339461489 1.86939200931 -100.850214308 0.00564373792252
195 11.5337104091 1.00603753345 -101.021948541 0.00528320331959
196 11.53904656 0.0922297096425 -101.189188677 0.00483183138969
197 10.8459349433 -0.504839658723 -101.033317184 0.00549172460218
198 10.3232961205 -1.16493948247 -100.64545298 0.00441380035775
199 9.88784336522 -1.64539450411 -99.9838353222 0.00350817911375
200 9.47085468721 -1.9909931575 -99.2330125014 0.00266407914964
201 9.03263490125 -2.39801029962 -98.5272413217 0.00289434787443
202 8.95341986729 -2.75974716867 -97.6799077558 0.0144384642435
203 9.1231061012 -3.08571135995 -96.8350444152 0.00475082673207
204 9.80374594692 -3.24564498073 -96.2375545831 0.00488148028254
205 10.2225318754 -3.31849357436 -95.6693283362 0.00375638389639
206 10.3873877719 -2.53183955895 -95.256203445 0.00611970437423
207 9.56055741969 -2.17408509059 -95.2282797585 0.0046958348472
208 8.76782018008 -1.89841125997 -94.9038224116 0.00508211199305
209 8.29219394857 -1.87665370576 -94.141589539 0.0066302686851
210 7.72602060444 -2.21364779129 -93.5345437403 0.00608066240801
211 7.07297611502 -2.79773595932 -93.3620194276 0.00758361099544
212 6.95009180939 -3.67125504528 -93.2451203338 0.00459954437942
213 6.65737399228 -4.4185096425 -92.8648148258 0.00278318618511
214 6.54887242469 -5.29211503573 -92.7590060989 0.0061120327838
215 6.51872393745 -6.17409080338 -92.7092622931 0.00606267432162
216 7.38327498515 -6.3427827125 -92.727811008 0.0177111744149
217 7.73428620974 -6.06526403023 -93.4775201362 0.00459581076204
218 8.21023086565 -5.49374307955 -93.928731826 0.00315570937955
219 8.82685749217 -4.94409367921 -94.1949771376 0.00389854220032
220 9.29103036021 -4.2981308366 -94.5366664196 0.00867675913017
221 9.03993121146 -4.0539287265 -95.3237105524 0.00910218015618
222 8.71533623372 -3.97062706636 -96.1109708012 0.00559215516507
223 8.26879238054 -3.73857284206 -96.7978611148 0.0045274802998
224 7.44633329211 -3.54094650521 -96.748333013 0.00211461504791
225 7.1154782433 -3.13635077747 -97.4144802304 0.0073320633725
226 6.59224925473 -2.56189150084 -97.7347219804 0.00308618357795
227 6.2936168696 -2.33497987516 -98.4852275493 0.00966732180824
228 5.69946228563 -2.1285211592 -99.0273407777 0.00455716317657
229 5.37119845888 -1.95330756377 -99.7658370686 0.0101346987093
230 4.9465737514 -2.19409558988 -100.42119398 0.0100942691415
231 5.1687314224 -2.32165885333 -101.186698722 0.0120524230097
232 5.05355603163 -2.6249973903 -101.907453309 0.00672098578763
233 4.74439042126 -2.97594575838 -102.533562496 0.00290597890792
234 4.95818267546 -3.4090821322 -103.142896852 0.0112116829383
235 5.27581098532 -4.08713562027 -103.275836572 0.00815312095955
236 5.98501482919 -4.32152483405 -103.244774898 0.00907947455878
237 5.92865161091 -4.41631224848 -103.970113408 0.00454716736298
238 6.51356631422 -4.02373591356 -104.13699383 0.00281112454915
239 7.07779111499 -3.77656958004 -103.766216034 0.00544772158976
240 7.66014148524 -3.5793641082 -103.414798598 0.00491117040192
241 8.08365651353 -3.28837058761 -102.942086338 0.00808762851083
242 7.47112118047 -2.99572749845 -102.964847152 0.00357226061834
243 7.16343714672 -3.58297468168 -102.863777961 0.00517248712183
244 7.1645805636 -3.59756030722 -102.857262764 6.85067491084e-05
245 7.40207209214 -4.09220310044 -102.860920409 0.00810106343141
246 7.48276465972 -4.57434657159 -103.024172202 0.0121855299809
247 7.06742339819 -4.67630775089 -103.189728513 0.0156711329675
248 7.42677351625 -4.76510644904 -103.218360043 0.0140538840025
249 7.62990569835 -4.59172882394 -103.128427106 0.00286592782417
250 7.63995016587 -4.83750611999 -103.030265423 0.0147409137009
251 7.72254659825 -4.77817304326 -102.875842786 0.0088022869373
252 7.78736438655 -4.65761387542 -102.839951625 0.0109127058296
253 7.71465747155 -4.5999876498 -102.825232994 0.00260609852094
254 7.69040588481 -4.63319486997 -102.89829117 0.0106893560584
255 7.71710787686 -4.64398781794 -102.93350674 0.0050436473571
256 7.70161541635 -4.67041562775 -102.931303391 0.00492932203106
257 7.69257555584 -4.68088326248 -102.919070544 0.0101160105661
258 7.69107685911 -4.68185652975 -102.919165415 0.00249253032063
