0 -0.377683418125 0.575533557154 -0.716329936115 0.00536901738585
1 -0.582015017279 1.06450060714 -1.55666844842 0.00438936527379
2 -0.805493220548 1.4945637902 -2.42389680921 0.00567627586723
3 -1.18896151994 1.92525094777 -3.23282988707 0.00263453165546
4 -1.58048341342 2.30044311652 -4.06519967597 0.00314502711563
5 -1.93169637804 2.67655363187 -4.91494542393 0.00519139423302
6 -2.20677210716 3.25720687642 -5.67255688173 0.00770337484924
7 -2.33535940028 3.59946325959 -6.59620244589 0.0033831077612
8 -2.28700154807 3.73201352537 -7.5795046353 0.00345475446249
9 -2.35381137152 3.84548201965 -8.56409748439 0.00577511729412
10 -2.40733019446 3.99661032202 -9.544406248 0.00213686594129
11 -2.46642359026 4.16412156245 -10.5217174341 0.00282142662146
12 -2.63255715668 4.33060164201 -11.4867785668 0.00695001356991
13 -2.82830284094 4.47035411697 -12.4504951614 0.00144331167143
14 -2.90561805207 4.64324540066 -13.4255438303 0.00337074075819
15 -3.03837234145 4.79205915653 -14.3985745358 0.00487709395528
16 -3.1623605635 5.02729571232 -15.3555478431 0.00373431839894
17 -3.28498810178 5.16109946228 -16.3320422324 0.00668712201613
18 -3.45831013086 5.30654935124 -17.2991106625 0.00188223528047
19 -3.50886110756 5.46150374632 -18.278824825 0.0143402048086
20 -3.44742148558 5.61073862978 -19.2587375317 0.00542411940008
21 -3.36297359321 5.59003767032 -20.2480144886 0.00483850107751
22 -3.38903530664 5.57161464476 -21.2405701523 0.00405331211488
23 -3.39571970331 5.38087656271 -22.2151025725 0.00397694992636
24 -3.58184996607 5.19581221224 -23.1728085902 0.00418738864155
25 -3.97298840948 4.89725899588 -24.0352993338 0.00448745644571
26 -4.38937034026 4.49804546342 -24.8435097144 0.00306314409988
27 -4.8230341065 4.05127764716 -25.6169702847 0.00328844944773
28 -5.11463366225 3.64176044845 -26.4732254511 0.00410828166351
29 -5.28823175604 3.14466535415 -27.3150225179 0.00326267921233
30 -5.36084344973 2.6057765975 -28.1457767612 0.017829701754
31 -5.3410196869 2.04791911411 -28.9667821753 0.00314848108453
32 -5.23564895679 1.58838334654 -29.8404882462 0.00364669263307
33 -5.06360462286 1.16883868208 -30.7236582887 0.00396753274914
34 -4.75438667165 0.86848580334 -31.6179423851 0.00556694852277
35 -4.34208272892 0.580638329986 -32.4738914277 0.00295525092801
36 -3.99502832267 0.0390597134377 -33.2299839866 0.00615773619508
37 -3.57021606372 -0.428634577551 -33.9955999797 0.00900345319918
38 -3.11040957532 -0.77725639108 -34.8032734949 0.00193120730787
39 -2.5418777193 -1.20677576257 -35.4942994784 0.00268974268479
40 -2.02475906544 -1.59808248361 -36.2457604591 0.00380772112807
41 -1.50358869776 -1.44277720013 -37.0761096701 0.00581897883677
42 -1.04526664943 -1.1720509718 -37.9138500755 0.00444378770961
43 -0.581863625103 -0.908442898836 -38.7510373739 0.00467672344969
44 -0.0532833659754 -0.529100518893 -39.5005252725 0.00449899226226
45 0.593975691663 -0.205303330357 -40.1796186512 0.0078235283455
46 1.18194812398 0.280117193215 -40.8148460838 0.00384056920401
47 1.87307166179 0.739575399489 -41.358938131 0.0065744052008
48 2.54241048429 1.25071299554 -41.8837591941 0.0180653096933
49 3.22080519929 1.71945241395 -42.435652682 0.00216439363083
50 3.72075944728 2.25996072591 -43.1008075426 0.00424948792317
51 4.24367800988 2.83670699346 -43.7159419642 0.00539464299785
52 4.58832006425 3.5562593087 -44.3057456232 0.00451201198432
53 4.89412901651 4.26488458442 -44.9291982161 0.00330413356643
54 5.2260318995 4.93568184976 -45.5805089047 0.00417705910064
55 5.5537753199 5.61275243364 -46.2273820612 0.00452646410696
56 5.85166695988 6.2931050579 -46.885119297 0.00343232927364
57 6.23898098049 6.94852938904 -47.5211990124 0.0037488621713
58 6.48651870615 7.31901599311 -47.9803854153 0.00338027918701
59 6.7007651224 7.83914268002 -48.7972350539 0.00299890922269
60 6.90396566229 8.37319269286 -49.6078752954 0.00413154731477
61 7.0746615159 8.84855390439 -50.4613984574 0.00164658425502
62 7.2551884268 9.32799685992 -51.3105918907 0.00380080447624
63 7.35143717474 9.87549218885 -52.131877744 0.00686832326089
64 7.39063849107 10.3720788278 -52.9893874531 0.0076157942557
65 7.31919706665 10.9082558167 -53.8205078385 0.00241856662193
66 7.77492183225 11.5679692894 -54.4038721298 0.00151590612188
67 7.80679856664 11.6857859131 -54.4670122149 0.000680068597081
68 7.91680317024 12.5441774179 -54.9504706924 0.00484038814677
69 8.0726821425 13.3346429265 -55.5279655041 0.00252459247182
70 8.09821215405 14.1102111139 -56.1447772242 0.00348615109904
71 8.28515977904 14.8617192303 -56.7635298363 0.00354720520243
72 8.48011980147 15.5165921779 -57.4816472244 0.00396951916519
73 8.63697804901 16.1835612518 -58.1979252369 0.00836399479706
74 8.88589399012 16.7660648331 -58.9602533017 0.00590896072339
75 9.17804043533 17.3302491546 -59.7209627149 0.00580668058707
76 9.47225330112 17.8482654386 -60.5130266023 0.00156604776878
77 9.76125437744 18.3838024989 -61.2952793993 0.00368003913402
78 10.0474887197 18.8056727239 -62.1451729767 0.00585059832824
79 10.0899014805 19.264499528 -62.8758173904 0.0038324795221
80 10.0505539094 19.7516916373 -63.7378591691 0.00402291286346
81 10.1371844612 20.1615338624 -64.6359168871 0.00468721036163
82 10.4066809104 20.4752161741 -65.5364129134 0.00292676154519
83 10.5902706993 21.0404351013 -66.3292823669 0.00128924562583
84 10.685724586 21.6360280883 -67.1153837295 0.0267252778479
85 10.9865828547 22.2960195021 -67.7901070629 0.0031972588529
86 11.3477656285 22.9370166806 -68.4534116679 0.00317050584829
87 11.6278710748 23.6082064168 -69.1259479954 0.00443146066209
88 11.7218327012 24.2855700311 -69.842580801 0.00367016184507
89 11.8740366574 24.9239565413 -70.5845146878 0.00145473874631
90 11.7605935953 25.5275244486 -71.3616896763 0.00873799491369
91 11.5533795834 26.0667652019 -72.166256183 0.00375762417429
92 11.269414088 26.5881323757 -72.9590497186 0.00330067890956
93 11.0174827014 27.0101761235 -73.8189199057 0.00201097396292
94 10.3848714029 27.5151570113 -74.3895316536 0.00719994053929
95 9.65936122809 27.9363396479 -74.9157559507 0.00398513589132
96 9.02771854028 28.3211635221 -75.5742382209 0.00468395047456
97 8.42210265291 28.9451830121 -76.0478903395 0.00643948889771
98 7.89658552677 29.5239618619 -76.6555987273 0.00452699321123
99 7.20879865337 29.9880421565 -77.1959160004 0.0050339960371
100 6.4972717467 30.4435907719 -77.7121319863 0.0189233667468
101 6.45608999132 30.4809420899 -77.7538174201 0.000181161699422
102 5.92183649444 30.9923425551 -78.4110409053 0.00389287236857
103 5.36079783471 31.5144424664 -79.0367100667 0.00278855464154
104 4.83073796529 31.9531490928 -79.7476096772 0.00458914440759
105 4.67564922601 32.5829231841 -80.4946522543 0.00209888439748
106 4.28361766818 33.2456671167 -81.1157163136 0.00537093537906
107 3.77582161486 33.7763082788 -81.7783792595 0.00579572724706
108 3.14011359475 34.2866656274 -82.3385714852 0.00516912622927
109 2.41475044363 34.7435707973 -82.8318940037 0.0100529117847
110 1.8771255112 35.3440205727 -83.4050790933 0.00142114139863
111 1.25944665566 35.8328178347 -84.0031220821 0.00764819488357
112 0.493017596508 36.1743760063 -84.5264295339 0.00339717609488
113 -0.35878122844 36.4363508129 -84.9549546651 0.00541683806551
114 -1.23058553903 36.7075084946 -85.3346062023 0.00298729413053
115 -2.05521079381 36.9645522789 -85.815855317 0.0186549120893
116 -2.82312746891 37.1065369061 -86.4220755335 0.00431592654059
117 -3.65905982471 37.1902254443 -86.9430811235 0.00377246371286
118 -4.54378611704 37.1433676488 -87.3814748254 0.00372549674265
119 -5.41373750452 36.9366835371 -87.8027931328 0.00606827463357
120 -6.33492437066 36.6168279721 -87.9639274276 0.0241334072506
121 -7.26649640299 36.2885243056 -87.9370117533 0.00186536954217
122 -8.21646747794 36.0169666213 -87.9267678149 0.011139797426
123 -9.1308308264 35.6696576535 -87.7875770245 0.00243728240304
124 -10.0256623446 35.3786085844 -87.4865780396 0.00324690315583
125 -10.9290815472 35.1816763314 -87.1386908529 0.0227339866711
126 -11.6594510789 34.816238556 -86.5832127325 0.00375871266701
127 -11.7134230357 34.1434501986 -85.8621118812 0.00521922482345
128 -11.7835054168 33.3645622556 -85.2589707091 0.00449121826776
129 -11.8775088743 32.6806742594 -84.5527334136 0.00566456041737
130 -12.0516527607 31.9906984676 -83.8680635763 0.00537317793164
131 -12.1535747957 31.2126073302 -83.2687491714 0.00256955464553
132 -12.256277967 30.3245160616 -82.8497059019 0.00187919331704
133 -12.2830424625 29.4686915259 -82.3580931892 0.00231278169955
134 -12.0874513741 28.6561961116 -81.8323650648 0.00448449822467
135 -11.9298288498 27.8049098111 -81.3578850302 0.00167996749915
136 -11.7075083708 27.0183474468 -80.8042129986 0.00314269479571
137 -11.3976746157 26.2431512695 -80.2772931201 0.00728764066209
138 -11.1061225519 25.4467537566 -79.7721882319 0.00235204717601
139 -10.6373467795 24.7543760457 -79.247597088 0.00337801054196
140 -10.4721237094 23.9054113132 -78.7720044005 0.00680254958626
141 -10.235999376 23.0300754306 -78.3820585985 0.00286896578538
142 -9.97296452016 22.1158448237 -78.119549688 0.00299279160042
143 -9.74658365146 21.1577400962 -78.0517395589 0.00745097406233
144 -9.45429058965 20.2179787639 -78.1226928779 0.00464985392069
145 -8.80687738749 19.50687292 -78.343386142 0.00398725080358
146 -8.07380862845 18.8672630507 -78.5074497937 0.00480998855011
147 -7.31116103464 18.2625925912 -78.6687681735 0.00575531036468
148 -6.50323001838 17.7249984727 -78.8458900423 0.00773108601723
149 -5.65818938381 17.2324448459 -78.9732336972 0.00405047687119
150 -4.75617869741 16.8581744435 -79.1114725434 0.0056995179237
151 -3.83969353266 16.5643350474 -79.3268404199 0.0057894073074
152 -2.90944812443 16.5148283727 -79.6504634869 0.0100980553318
153 -1.94111838965 16.6028083903 -79.814231342 0.00276942400285
154 -0.984606411922 16.7591037292 -79.9953524641 0.00649083459961
155 -0.0770498316624 16.6931475186 -80.3748386865 0.00480305680529
156 0.831064114018 16.8381867297 -80.7300381634 0.00293371476544
157 1.70248314115 17.0665032 -81.1304220105 0.00438096660835
158 2.45809221524 17.3792698438 -81.6808605195 0.00354812669299
159 3.07866965345 17.7087948221 -82.3722583956 0.0044493222539
160 3.17811676152 18.2327273188 -83.2013020791 0.00363752693891
161 3.32378782013 18.7914602621 -84.0001612701 0.00381851541177
162 3.38755728021 19.631519036 -84.5115463793 0.00594567723598
163 3.44523057637 20.4090308626 -85.1142931647 0.00426511389122
164 3.40098401037 21.1045315227 -85.8110065576 0.00274031789115
165 3.38103836003 21.8398101428 -86.4667092269 0.00318234398865
166 3.33757910358 22.5790628654 -87.1167057686 0.00369545882621
167 3.15520980802 23.4275273707 -87.583087905 0.00177447265366
168 2.92309116044 24.3367817458 -87.8829566448 0.00301401655729
169 3.06300846912 25.1555175875 -88.4127142195 0.00382688740473
170 3.09137115327 26.0332845698 -88.8589309006 0.00520194059744
171 3.3055046729 26.9210548351 -89.227990886 0.0215027079643
172 3.64245411038 27.7439958448 -89.6507972448 0.00270659524505
173 4.1005107361 28.593937936 -89.843545586 0.0307938342497
174 4.63040721105 29.4126159908 -89.7120072836 0.00550222547573
175 5.23186978217 30.1463396635 -89.4511313884 0.00205908723142
176 5.71874923469 30.9807334646 -89.2645588451 0.00337677835109
177 6.07595120586 31.8357725918 -88.9339354451 0.00286103521646
178 6.29216902489 32.7013080424 -88.5191710457 0.00449256156035
179 6.42725806256 33.5595126884 -88.0576180192 0.00619994541851
180 6.71894729552 34.3439843686 -87.5407751854 0.00601247426187
181 6.91548409992 35.0682917386 -86.9049936244 0.0034721862527
182 7.38672750382 35.737378831 -86.3595286855 0.00743327969572
183 7.73426583022 36.544402578 -85.9180779511 0.00262217378121
184 7.82171579268 37.4730111017 -85.6068957367 0.00340830330977
185 8.02894768906 38.374312565 -85.2731479503 0.0118255126081
186 8.31704326937 39.275481308 -85.006497576 0.00461124246705
187 8.55605382985 40.1654127399 -84.6645143829 0.00549954518927
188 8.23066233002 40.5735870013 -83.8316288142 0.00830192845942
189 8.02788834018 40.7121242996 -82.8799573413 0.00779540520406
190 7.50534118958 40.8597390046 -82.0609972629 0.00352954029607
191 6.93815272471 40.9718652547 -81.2665781398 0.00377201075986
192 6.45961923925 41.003279973 -80.4090773894 0.00615628769818
193 6.07880959828 40.8798759294 -79.5119498122 0.00306656364199
194 5.67484699604 40.5877334839 -78.6655631775 0.00509257268298
195 5.25635325477 40.2368350301 -77.8492320462 0.00409368352553
196 5.37022020977 40.2153058065 -76.8739162715 0.00257585452104
197 5.57868319555 40.2519565855 -75.9148837469 0.00930650024521
198 5.64909714311 40.2847427849 -74.9360357311 0.0485943327144
199 5.6327708935 40.5002791018 -73.9793399417 0.0103568835648
200 5.54402575066 41.0144018515 -73.1491887039 0.00659397192672
201 4.68765768211 40.5475573516 -73.2454125906 0.0066536912302
202 4.08074784937 40.2794863512 -73.1377090663 0.00389148192983
203 3.19262572531 39.8769628861 -73.0544905534 0.00553338984132
204 2.78007034671 39.8599311795 -73.9418957961 0.00544182284486
205 2.60125543047 39.9308737999 -74.9014642639 0.00516495963554
206 2.39703103217 40.0319451146 -75.8530724447 0.0025378940615
207 1.95245313763 40.1668913297 -76.7140929229 0.00158436001022
208 1.37046344646 40.1470126517 -77.5001764035 0.00487251672885
209 0.814874474033 40.1695800115 -78.3049068289 0.00688946123933
210 0.468648161886 40.2016561358 -79.2190316015 0.00399760563229
211 0.0790725041796 40.1190177861 -80.1121531258 0.00126942438775
212 -0.151628414495 39.8078998116 -81.0100280286 0.00537005196696
213 -0.0855143358818 39.2346924638 -81.7992055801 0.00687567071345
214 -0.0588351828446 38.6894528022 -82.6099806407 0.00752220095383
215 0.120174708317 38.1099582499 -83.3761289699 0.00696400822562
216 0.182282407375 37.3104915335 -83.9339710647 0.00307978261485
217 0.260637292365 36.6590502707 -84.6576097335 0.00248980852027
218 0.314370730217 35.8776681104 -85.2410644431 0.00183135552627
219 0.328421894666 35.8004233989 -85.2787425709 0.000383166122827
220 0.587290898322 35.024784122 -85.8098620898 0.0030991051716
221 1.04904050723 34.5433966291 -86.521018236 0.0037348241693
222 1.52073551347 34.0899335898 -87.2437310288 0.0049695994427
223 1.98966897107 33.7112376597 -88.009778633 0.00398178321056
224 2.44773755626 33.2953077758 -88.7627779909 0.00213085749208
225 2.78231859499 32.9291853461 -89.6017097756 0.00384040192962
226 3.25192872076 32.6276451858 -90.4004570054 0.00242852492559
227 3.73420119324 32.4105775703 -91.2187482139 0.00353461412347
228 4.37306510526 32.6649367888 -91.9086940373 0.00803721729888
229 5.3132791101 32.7241028532 -92.1544313 0.003846966465
230 6.22541163907 32.9126514387 -92.437404321 0.00398633653945
231 7.15145144786 33.0261381714 -92.7146534373 0.00513923137517
232 7.9499641246 33.5708935997 -92.6030709106 0.00336120010499
233 8.81404981043 33.9810628359 -92.4250312235 0.00606225377874
234 9.5729787424 34.5744188809 -92.2907387042 0.00533512133236
235 10.2733147477 35.249024259 -92.2828353429 0.00808840805265
236 11.1470987112 35.6448348929 -92.1253210689 0.00356967569131
237 11.7974266878 36.325637427 -91.8838941451 0.00302962523278
238 12.3796296192 37.0945385023 -92.0032112026 0.0049663649347
239 12.8385195634 37.9506838105 -92.0232204892 0.00665054356498
240 13.1673198743 38.8632305237 -92.0735728395 0.00823493103864
241 13.3471462299 39.8163280903 -92.0297473675 0.00271388665421
242 13.3995983321 40.7856853265 -92.0284375535 0.00458446031196
243 13.4754565007 41.732816087 -91.8304056758 0.00313722956396
244 13.1505892983 42.5540434964 -91.4280269806 0.00484593333041
245 12.8036667147 43.2820669354 -90.8884261435 0.00357869036879
246 12.0467428066 43.7099981549 -90.4582615552 0.00804302167517
247 11.128425619 43.9883405642 -90.3190316766 0.00245979107606
248 10.1760807674 44.123358399 -90.1976532232 0.00309737271766
249 9.23436704811 43.8965718523 -90.160899649 0.0125350362011
250 8.35506431136 43.5924095124 -90.4306173292 0.0055199505954
251 7.40965902994 43.3828676375 -90.4207359358 0.00100529943203
252 6.48378143024 43.1610253274 -90.2439224638 0.0021432408906
253 5.65095615389 42.6687839152 -90.2042498172 0.00571393289282
254 5.20211975251 41.8278619808 -90.3724819568 0.00211303814241
255 4.89869315402 40.9240176211 -90.5388552254 0.000670535866006
256 4.37291743983 40.2001250855 -90.9080005797 0.0036953487035
257 3.8963713183 39.4506490553 -91.2921069815 0.00766698581509
258 3.70530323617 38.5545550875 -91.6019011328 0.00507955015028
259 3.5346916508 37.6677705998 -91.9474966234 0.00368737739579
260 3.63676451979 36.7126553939 -92.0558332689 0.00459404686989
261 3.54325312772 35.7685556109 -92.2397864087 0.00133898148155
262 3.42771676263 34.8928052496 -92.6317085231 0.00267089631785
263 3.42374371167 34.014479203 -93.0343532205 0.00242884354328
264 3.88411014684 33.3335487344 -93.542114242 0.00354453487933
265 4.24404110599 32.4768603793 -93.8054278014 0.00127595903144
266 4.66431649761 31.6152318315 -93.9218370552 0.00454686061712
267 4.93187438578 30.7818588787 -94.3294254769 0.00363766253646
268 5.42565206261 30.056176617 -94.7311172643 0.00543550525226
269 5.94330434099 29.3313004537 -95.1021896666 0.0036319267387
270 6.50234889112 28.5757203562 -95.3192638586 0.00223957520696
271 7.29250249735 28.0226765779 -95.3146933149 0.0167163965986
272 7.91850599383 27.3005025455 -95.1934552999 0.00348644774413
273 8.67061997594 26.7220518721 -95.0279474703 0.00326509555611
274 8.95214313015 25.8105633326 -94.8969415918 0.00575300239405
275 9.40151062458 24.9619137878 -94.8313300896 0.0083479234783
276 9.79531349666 25.2300379448 -95.6675134926 0.00212252695458
277 10.2469410299 25.9186538625 -96.1646563451 0.00751149695906
278 10.1807211876 26.6767152367 -96.7523102266 0.00188856270843
279 9.88365895471 27.4395604899 -97.2561093841 0.00336217463882
280 9.59636690351 28.1660506803 -97.8158063896 0.00314693276703
281 9.0900390257 28.4725870042 -98.5728623101 0.00286464662115
282 8.36929711097 28.9255825967 -99.0177038008 0.00269621624956
283 7.70350746102 29.3430578922 -99.5697338525 0.00793121117742
284 7.04362949839 29.9732951561 -99.8666849081 0.00334929886468
285 6.46782475666 30.7378684573 -99.9304614781 0.00346056113207
286 5.73431605427 31.3393729044 -99.7896370615 0.00377105517998
287 4.91759252888 31.5070072779 -100.263155459 0.0074365804114
288 4.06015004502 31.5079414906 -100.690830924 0.0022109068498
289 3.23544058228 31.4665856561 -101.176601855 0.00382984269419
290 2.40724883876 31.1932120286 -101.572148998 0.00297055634727
291 2.14985462202 31.2089629765 -102.494683506 0.00727237182859
292 1.93129732536 31.4328640908 -103.39934491 0.00471519381977
293 1.6370514318 30.8434664529 -104.092928056 0.00484928801406
294 1.29250165423 29.9646248982 -104.242755137 0.00174193231648
295 1.04927188973 29.0530066183 -104.394443254 0.00307674573354
296 0.790618877668 28.1334232071 -104.384394223 0.00409581553773
297 0.473986158291 27.2576232134 -104.595770375 0.00642928761325
298 0.448614484954 26.6213077364 -103.884487878 0.00347883328974
299 0.641835163737 26.0657795851 -103.132849201 0.00525566477043
300 0.447146647897 25.4120604528 -102.466153036 0.00318948175398
301 0.135221410437 24.6278076356 -102.022982112 0.00316688467082
302 0.562517291618 23.9464728934 -101.511674238 0.0104815219352
303 1.18091364016 23.5152461571 -100.930382254 0.00219872871171
304 1.60582515196 23.1954834185 -100.140779648 0.00358606156341
305 2.16206409732 22.9938398686 -99.3955487581 0.00491913552579
306 2.97732994577 23.2404819978 -98.973267892 0.00332224302993
307 3.90766493373 23.328024938 -98.80097788 0.00423032439875
308 4.78477041851 23.3802310409 -98.440308567 0.00235511704945
309 5.5829075031 23.4849240707 -97.9364969045 0.00482360529866
310 6.31951348499 23.7762911305 -97.4137188227 0.00285222771275
311 6.88769474847 24.3440722933 -96.9088345707 0.0033876812144
312 7.12355770462 25.2439092472 -96.7254083395 0.0024921227231
313 7.17774790907 26.0580676652 -96.2427565067 0.00263081465413
314 7.29303090343 26.9872721189 -96.0975943599 0.00378659276203
315 6.72902131159 27.613372973 -96.5301066497 0.00391520720818
316 5.99923476908 28.2026274733 -96.6571868778 0.00358179457775
317 5.27153475752 28.8016873377 -96.738792396 0.00478146254899
318 4.69406450354 29.4658754613 -97.0844589919 0.00166231260604
319 4.00153178696 30.1069306849 -97.0302666701 0.00425258908385
320 3.27792869928 30.43270835 -96.5172900813 0.00509407416701
321 2.39656327797 30.6231523336 -96.2376807755 0.00243713720782
322 1.55943184768 30.6045227698 -95.8021516395 0.00273706112266
323 0.886112857743 30.7525922065 -95.1577717018 0.00413075737358
324 0.180376990644 30.3984332069 -94.6423514956 0.00348311055648
325 -0.00608744907831 29.5950497585 -95.0983295957 0.00427931105655
326 0.00450675098015 28.7093165322 -95.4178812869 0.0167697791219
327 0.212035103449 27.7935177447 -95.4217966209 0.0400989219645
328 0.842371807861 27.1139616266 -95.5205196919 0.00545062294872
329 1.40567394659 26.4148937794 -95.7675666629 0.00529071405429
330 1.97451941671 25.9242289854 -96.3164589746 0.00234901604218
331 2.54067778839 25.4001872427 -96.8356227575 0.00590682985534
332 3.40258300797 25.3135705487 -97.169902644 0.00311146763551
333 4.26221030991 24.9651473862 -97.1880855018 0.0213358898822
334 5.18070409985 25.0519734613 -97.1595163499 0.00399175448909
335 6.03293512433 25.3837846877 -97.0416591424 0.00822182441358
336 6.87436130118 25.7472087384 -96.9608772626 0.00270834456197
337 7.62124097308 26.0851576462 -97.3776665952 0.0103197032143
338 8.29029516268 26.1617613366 -98.0004723029 0.00528054542665
339 8.84617003767 26.6116586235 -98.5725260022 0.00421479072526
340 8.89734065506 27.4607946019 -98.9077127499 0.00546705150106
341 9.18554994535 28.1820556651 -99.3874897012 0.00983896001854
342 9.08148475889 28.9683391264 -99.8336208383 0.00319427449213
343 9.23450689163 29.8632389147 -99.8731164084 0.00329056315996
344 9.5652561089 30.6144500627 -100.261229085 0.0032172922808
345 9.84634090419 31.4025162759 -100.611034662 0.0029236434902
346 9.18640326444 31.4446055308 -101.230802611 0.00617895949213
347 9.14011061327 31.4139217876 -102.134009811 0.0058745697207
348 8.83625743532 31.8621246894 -102.85598956 0.00804189190608
349 8.78268377115 31.6054590261 -103.716916667 0.0022376469666
350 8.11598921295 31.475385673 -104.305115537 0.00355049545062
351 7.43830588761 31.2799051108 -104.85958051 0.0038257324659
352 6.83309739711 31.2161742631 -105.51707875 0.00876090285187
353 6.15375172632 31.0628233445 -106.074823269 0.0047072602917
354 5.72160038399 30.411502432 -106.500607492 0.00367399215055
355 5.65485095103 29.6031353722 -106.863146019 0.00640118175266
356 5.83321743735 28.7468335852 -106.725443615 0.00692663283553
357 5.83435332626 28.0464899532 -106.188085452 0.00507651447783
358 5.59899406504 28.2719644148 -105.369597662 0.00459727724161
359 5.74738530302 29.0210343687 -105.80267075 0.0219662249293
360 5.17028830442 28.4835097645 -106.160138487 0.00528467997034
361 4.38935472203 28.2345590602 -106.429009044 0.00506655099406
362 3.71691566577 27.7016968907 -106.47764224 0.0073148157487
363 3.57030016364 26.8637220621 -106.396050846 0.00656165254132
364 3.76246020118 26.1152230731 -106.041167985 0.00339047585688
365 3.99170426879 25.3027977049 -106.118701969 0.00663314315052
366 3.7599205155 24.49752245 -106.208779878 0.0048026138343
367 3.62824784776 23.6765170418 -106.096193911 0.0133665683602
368 3.9451836772 22.9142038862 -106.15826829 0.00679089312581
369 4.08344190482 22.2284425681 -106.590205476 0.00463180227954
370 3.91251220596 21.5249893573 -106.97033474 0.002824057925
371 3.94811109583 20.9628097473 -107.559835648 0.00480342611848
372 3.29531092637 20.5674201871 -107.83063774 0.00530004758289
373 2.67784014898 20.4031610042 -108.319641695 0.00343644519424
374 2.20260581614 20.9453309376 -108.661052427 0.0060109495316
375 1.5302870741 21.3566694075 -108.718700027 0.00694680912072
376 0.913211314713 21.8360187137 -108.708687041 0.0125783706027
377 0.494928682883 22.0806231622 -109.30040609 0.00558117924749
378 1.15039564554 22.3154245338 -109.006957257 0.0101119986765
379 0.447693005593 22.4141529573 -108.800988851 0.0069748212461
380 -0.142319454914 22.39360336 -108.376814562 0.00982386309443
381 -0.435146004604 22.0749940931 -107.815942848 0.00843126549071
382 -0.758960574558 22.163056538 -107.212445214 0.00799955290098
383 -1.26748945464 22.3279685972 -106.806865893 0.00606015753907
384 -0.942941667593 22.5189482655 -106.269761753 0.00904503150571
385 -1.47090219795 22.3022118912 -106.003083782 0.00472858537394
386 -1.91465881532 21.9029159478 -106.152710822 0.00830307161847
387 -1.67520315696 21.7991935518 -106.524600189 0.00491989868563
388 -1.47926662715 22.2038034729 -106.857074949 0.00980422667073
389 -1.3792372883 21.8214570173 -107.194331253 0.00948440760003
390 -1.75013280435 21.8092341579 -107.492947096 0.00878018313771
391 -1.61815995704 22.205022489 -107.606806093 0.0200180785719
392 -1.56471805553 22.3783875427 -107.857997278 0.0136107877232
393 -1.61298673264 22.5816369511 -107.954076349 0.00504537886169
394 -1.55873218029 22.4213398266 -108.066027562 0.00790877893009
395 -1.48707435242 22.3292797711 -108.179230843 0.00958880435137
396 -1.41177588558 22.3350164069 -108.269016797 0.00854776571636
397 -1.32933064465 22.3428083442 -108.271334233 0.0031424499088
398 -1.34843606353 22.2746246113 -108.266250588 0.00778084210773
399 -1.34743245015 22.2307569294 -108.265980408 0.00805499088417
400 -1.33850974892 22.2470090801 -108.254433928 0.0133917715903
401 -1.33852095964 22.2472647406 -108.254712572 0.000646563057352
