0 -0.133036611102 -0.826854857698 -0.534392158662 0.00279036546494
1 -0.135964109248 -1.69301816448 -1.02089077302 0.00419404596125
2 -0.134775027873 -2.5858591676 -1.45645463307 0.00326953005462
3 -0.184317952394 -3.43462698685 -1.9702730301 0.00441562568517
4 -0.0544987827939 -4.28586136742 -2.46562713175 0.00465204993538
5 0.197071151372 -5.1640769771 -2.8557782778 0.0139633147723
6 0.500914424554 -6.0407020449 -3.21052907371 0.00795992195956
7 0.95112909029 -6.83075635609 -3.61015222673 0.00387526108372
8 1.5484163588 -7.57613224606 -3.88252483107 0.00163202549084
9 2.04314840214 -8.3768320675 -4.19975588436 0.00384851148003
10 2.4915227828 -9.17634266838 -4.58216229432 0.00610040638695
11 2.99463791672 -9.96549965828 -4.91463040556 0.00668371345716
12 3.45288647635 -10.8392953677 -5.02792350354 0.00527479453617
13 3.92600996489 -11.6710866728 -5.29360854889 0.00552937804694
14 4.33071524429 -12.5604404715 -5.47113334654 0.00392499539338
15 4.81174897103 -13.3618554256 -5.80665493731 0.00351244890889
16 4.82265100248 -13.6429416661 -6.21454605708 0.00259424285756
17 4.8398120343 -14.1565700441 -7.06414506894 0.00350616356308
18 4.94201042972 -14.7160796678 -7.87801466726 0.00580521850483
19 5.03461707126 -15.1579396285 -8.76234244764 0.0015755364609
20 5.104928371 -15.5797896281 -9.65841192236 0.00273386169792
21 5.00446389973 -16.0537233859 -10.5250700586 0.00712368164091
22 5.10785967597 -16.5498420292 -11.3788284476 0.00440077056727
23 5.30518020509 -16.9634134576 -12.2595776663 0.00285565555503
24 5.50252139857 -17.4283148301 -13.1143173813 0.00545004645502
25 5.82790519407 -18.0753462104 -13.7932966964 0.00497787702456
26 6.33195402136 -18.730049668 -14.343520977 0.00691852968877
27 6.92980968539 -19.3654539511 -14.8170074053 0.005666561654
28 7.64525376692 -19.8197487142 -15.3337939218 0.00428788528719
29 8.37604104703 -20.271260071 -15.8311378221 0.00626733472537
30 9.11918412538 -20.7301736976 -16.3026560148 0.00427637302861
31 9.87870599066 -21.225502178 -16.7062769461 0.00397816763508
32 10.6408200094 -21.593818665 -17.2245855767 0.0063357687303
33 11.4130017087 -21.8979501745 -17.7689189262 0.00316719270945
34 12.224138625 -22.1488653907 -18.2828414998 0.00542407237835
35 13.0434582728 -22.3216577003 -18.8155926402 0.00974477224382
36 13.6998105656 -22.2139903863 -19.5521639224 0.00327748538035
37 14.2907881874 -21.9964137327 -20.3191778678 0.00411204404854
38 14.9869744155 -21.8939817414 -21.0189404167 0.00403237645822
39 15.6444318169 -21.6811250089 -21.7311468667 0.00538958149068
40 16.314500057 -21.2695932752 -22.3364167821 0.00482133195679
41 16.9189864145 -20.8233364435 -22.9845786723 0.00509271090483
42 17.4609929659 -20.7758033395 -23.8144257807 0.00302446575518
43 17.9296964556 -20.764533475 -24.6889847769 0.00525997343383
44 18.2383154167 -20.9476219896 -25.6141130201 0.00111142766686
45 18.5742156471 -21.1908119376 -26.515575962 0.00589548644248
46 18.9573743373 -21.308270748 -27.4232852997 0.00480605767743
47 19.318250484 -21.4942632198 -28.328638217 0.00388883026757
48 19.6237599312 -21.6918320821 -29.2517223112 0.0051424591791
49 19.9136817978 -21.8275106651 -30.1908391446 0.0275588519703
50 20.2172463036 -21.9029508799 -31.132245813 0.00660617078644
51 20.5669947181 -21.9208582736 -32.0603409235 0.00234622875077
52 21.048195977 -21.9223593346 -32.9277456065 0.00463807336915
53 21.3324495119 -21.7920744024 -33.869103902 0.00863122858398
54 21.5471954814 -21.4921350385 -34.7898302628 0.00435080436122
55 21.8324660421 -21.2523744111 -35.7090142019 0.00244008916238
56 21.9798287188 -20.9464971026 -36.6409283984 0.0037678547359
57 22.1696254834 -20.6777981182 -37.5765967582 0.0034602560992
58 22.3940741479 -20.400089028 -38.5018806941 0.00427306864668
59 22.6768217857 -20.0280304192 -39.3766369681 0.00450821236127
60 23.4240687435 -19.7739372096 -39.977021741 0.023187191869
61 24.1090190449 -19.1990822097 -40.4053280417 0.00411321239758
62 24.7026613887 -18.5515509051 -40.8650114356 0.0580253766647
63 25.2101471116 -17.8432581589 -41.3372714559 0.0042804152395
64 25.7241585349 -17.1294880865 -41.7939015668 0.00404956028857
65 26.3875914758 -16.4808328104 -42.1420495276 0.00628455782936
66 26.9331933519 -15.7144358332 -42.4534384228 0.00469887771216
67 27.1702448049 -14.9373531338 -43.0208541399 0.00485530700786
68 27.534191014 -14.3350429422 -43.7185355049 0.00684978217739
69 28.02867818 -13.7970929607 -44.3878463673 0.00309049419853
70 28.4401221665 -13.2949836866 -45.1364956089 0.00464983790502
71 28.873954066 -12.8005285874 -45.877514921 0.0056355138085
72 29.116557921 -12.1429958629 -46.5778721867 0.00821290349724
73 29.3778581724 -11.5130612212 -47.2965512692 0.00669401525375
74 29.3915896981 -11.3684880432 -47.4996475207 0.00125986576157
75 29.3424151178 -10.855486819 -48.3451495513 0.00310816184866
76 29.2640686619 -10.2709419289 -49.140481824 0.00616120143549
77 29.1088689699 -9.59123815895 -49.8434422569 0.00548733376809
78 28.8431006841 -8.99542087372 -50.5881147695 0.00525822644906
79 28.4615251821 -8.43553660243 -51.3099179178 0.00308138420851
80 27.9733542456 -8.15100937657 -52.1228141293 0.00172302168152
81 27.361771381 -7.61570421158 -52.6879122295 0.00579855423893
82 26.7042232824 -7.09382667603 -53.2123956624 0.00324294953693
83 26.1160934384 -6.43204288772 -53.6549697968 0.00491040740457
84 25.5073871487 -5.82512210114 -54.1456654919 0.00156607139026
85 25.0745503523 -5.08472326009 -54.639724945 0.00766504113376
86 24.3625277702 -4.53627514675 -55.0540972783 0.00559899525769
87 23.6909065587 -4.05476966357 -55.5986155484 0.00253150643797
88 22.9698742617 -3.83938094383 -56.2413751817 0.00809916541482
89 22.25887472 -3.71058868815 -56.9175305148 0.0072682861781
90 21.487630894 -3.3207966854 -57.3995370104 0.0288078509144
91 21.172586795 -3.17540295345 -57.6134191799 0.00192720177971
92 20.5083026461 -2.59499841655 -58.0592355459 0.00355249248283
93 19.7564941723 -2.22407665823 -58.5827351321 0.00415723925941
94 18.9369354561 -1.93159895259 -59.0512668762 0.00608472152569
95 18.1098382314 -1.56746570956 -59.4511494714 0.00273314723211
96 17.2921146628 -1.19897469482 -59.8659724018 0.00276370541223
97 16.3799631441 -0.949717429032 -60.1528356832 0.00337450584921
98 15.4586766623 -0.76486733661 -60.4585047892 0.00282927438121
99 14.5062277331 -0.604059476558 -60.6665245983 0.00588733017716
100 13.5357394757 -0.524245618783 -60.8336715781 0.00534289285548
101 12.6121159313 -0.558925223137 -61.1826612421 0.00336669157683
102 11.6550227461 -0.681118723007 -61.3948224039 0.00224258825053
103 10.7197382798 -0.938171845912 -61.5821289756 0.0038107507383
104 10.3541768128 -0.198891495027 -61.0382821298 0.00424525652661
105 9.96977059237 0.530825789464 -60.4946005363 0.00289848439138
106 9.96313058069 1.43414718291 -60.0949884923 0.00603936220884
107 9.89207004323 1.62238544098 -59.9640664935 0.000460038767978
108 9.35749210914 2.2376262071 -59.4095467152 0.00504850645824
109 8.70789482593 2.73328084671 -58.8581941845 0.00936817727409
110 7.88092229619 2.97006556511 -58.3771743397 0.00268271077827
111 7.01333346525 3.19147557007 -57.9654850676 0.00579591092317
112 6.07809267142 3.41601487717 -57.7512572409 0.00556461761805
113 5.13104245222 3.57249252802 -57.5289243913 0.0044103458832
114 4.19766667214 3.639334177 -57.2206186114 0.0218028295726
115 3.2827099824 3.76850655909 -56.8797150006 0.0116518522276
116 2.36778326015 3.76880729383 -56.5155814779 0.0029750715639
117 1.53115114986 3.62266393858 -56.017246273 0.00182141809555
118 0.678948185174 3.33017036372 -55.620080942 0.00207549272194
119 -0.203118744995 3.07156744459 -55.2671782508 0.0024611379593
120 -1.03275672023 2.63851912975 -54.9613494683 0.00155427050331
121 -1.82287617605 2.16667901783 -54.6114868482 0.00984561795986
122 -2.57542727398 1.75634278474 -54.1273881578 0.00927098042831
123 -3.27032074342 1.23637877145 -53.6631681345 0.00323909740247
124 -3.99868099179 0.882850263768 -53.1035325675 0.00461202832445
125 -4.65280214979 0.532141474464 -52.4572262519 0.00487439802185
126 -5.2795451937 0.0287307956992 -51.8896574093 0.00289506286537
127 -5.83616153929 -0.463247767425 -51.2443274795 0.017082533603
128 -6.49668821283 -0.804402961583 -50.6000974012 0.00199197812478
129 -7.18041312933 -1.0577649654 -49.9398070703 0.00730724842049
130 -7.72196327598 -1.37395480804 -49.1820352532 0.00743744339459
131 -8.06355122357 -1.86517746619 -48.4014981859 0.00217530993522
132 -8.38760908243 -2.22172102752 -47.5441326635 0.00942419857682
133 -8.82178798835 -2.41065376761 -46.6823545692 0.00445608830128
134 -9.29069824808 -2.28025522383 -45.8280633512 0.00465216056869
135 -9.80287699653 -2.1832139463 -44.9945443831 0.00288222888666
136 -10.4625737615 -2.04384488037 -44.2792421436 0.00136323912841
137 -11.1255856694 -1.87379935352 -43.5737492908 0.00346604982417
138 -11.6944027279 -1.79937326174 -42.7755781305 0.00723859769914
139 -12.2270248095 -1.65269319114 -41.9627427333 0.00417245928056
140 -12.608474873 -1.74476006307 -41.0617159662 0.00545593461711
141 -13.1222563121 -1.9694832062 -40.2548417131 0.0038857111487
142 -13.3207337915 -2.21526126534 -39.3244156665 0.00486168348874
143 -13.5350487165 -2.61019021284 -38.4507245536 0.00498820531119
144 -13.6588157198 -3.02056827748 -37.566803415 0.00398628060868
145 -13.4626740595 -3.30550052639 -36.6474211795 0.00341965504196
146 -13.2639134507 -3.69366045395 -35.7673281433 0.00336959489452
147 -12.9409436527 -4.13710249643 -34.9527244201 0.00360220128462
148 -12.7294254253 -4.80820032384 -34.2677820037 0.00201952026553
149 -12.710738762 -5.37256684206 -33.4643988221 0.00422571604349
150 -12.5416456633 -6.06676388404 -32.7909875816 0.00429793303496
151 -12.5530745096 -6.79917710595 -32.1373630942 0.00438690681942
152 -12.4754078435 -7.49982803818 -31.4542255097 0.00273233552183
153 -12.1573088111 -8.01116559123 -30.6790257828 0.00482805626618
154 -11.9353120077 -8.66611122268 -29.9825581767 0.00618311931821
155 -11.8288265688 -9.3115900495 -29.2510658628 0.0039091588215
156 -11.849597781 -9.96294716752 -28.51744903 0.00615024209972
157 -11.7267882961 -10.6177044764 -27.7971622648 0.00417262420779
158 -11.1938349196 -11.2007032987 -27.2154682967 0.0047913258155
159 -10.7165823092 -11.7331944542 -26.5440281055 0.00282992216358
160 -10.1533555296 -12.3074102091 -25.9827971347 0.00515940307937
161 -9.59005612862 -12.9147026593 -25.457867555 0.00841099959227
162 -8.97142699097 -13.5099025305 -24.9843023085 0.00738047343851
163 -8.3440030637 -14.132380789 -24.5603875898 0.00509694749979
164 -7.82483563329 -14.0221979461 -23.7362146663 0.00350430502485
165 -7.59949450344 -13.8512138799 -22.7976576456 0.00951768667283
166 -7.42506178307 -13.8699454585 -21.8334526814 0.00640650177237
167 -7.16959470224 -13.8903550952 -20.8877021541 0.00498420780403
168 -7.19345776476 -13.9677018978 -19.911299898 0.00803097545623
169 -7.07641836374 -13.8519454369 -18.9456968092 0.00675928959159
170 -6.83967093031 -13.7436930379 -18.0015897671 0.00377868417395
171 -6.45184115615 -13.6490399753 -17.10745899 0.00529813648107
172 -6.28846865414 -13.8673164133 -16.1670945015 0.00638577891533
173 -6.03053836363 -14.0203448157 -15.23525779 0.00375272059243
174 -5.69162512666 -14.0900057205 -14.3196571963 0.00218690596638
175 -5.27911948844 -14.4797777855 -13.5223573361 0.00340197866125
176 -4.65385062451 -14.8886760831 -12.8904963842 0.0111167277566
177 -3.98953014142 -15.2108100927 -12.2488593583 0.00520121141252
178 -3.13871350013 -15.2974997018 -11.7745739095 0.00191197079089
179 -2.23874311903 -15.0415428517 -11.4905492816 0.00398950548137
180 -1.4434096998 -14.6916474078 -11.04221131 0.00662922499505
181 -0.654711726028 -14.2359770038 -10.6874437969 0.0043234284986
182 0.268315432945 -14.1838108602 -10.3703295293 0.0024624913796
183 1.13530183707 -13.9313585003 -9.9965030257 0.00326051577472
184 2.03581716986 -13.7458131078 -9.66549274742 0.00639963023984
185 2.76855374015 -13.2418239274 -9.2609373241 0.00291032470763
186 3.56342934364 -12.7962731361 -8.908773938 0.00524545087106
187 4.4564854524 -12.4249383215 -8.77271650865 0.0178732281344
188 5.28447125303 -11.908496971 -8.79543376524 0.00430500124021
189 6.14101703279 -11.4465990103 -8.72134952053 0.00869319954849
190 6.95907127587 -10.9446424885 -8.54591875106 0.00369045650898
191 7.76471210603 -10.4800347493 -8.25125238557 0.00466402831688
192 8.53748511872 -9.90946343895 -8.08199319126 0.0027756339036
193 9.05920835889 -9.25816726626 -7.57702240353 0.0065262276236
194 9.49655277113 -8.4628791281 -7.2205645213 0.00618558393421
195 10.0184629601 -7.81255577172 -6.71541339738 0.00483378597121
196 10.578869802 -7.31971316557 -6.0882669361 0.00655266014127
197 11.1800618047 -6.70455277757 -5.63025420859 0.00464468911872
198 11.4232426337 -5.81369515137 -5.94077892509 0.00346218081675
199 11.5158395818 -4.85203344658 -6.06525494762 0.00671168794663
200 11.4042898526 -3.88682995192 -6.13072112386 0.00197678596457
201 11.2797054732 -2.93445080234 -6.29093480637 0.00626072198375
202 11.4404283835 -1.98829942382 -6.45434209983 0.0010853619962
203 11.0324086485 -1.13797590355 -6.69548586309 0.00507651045999
204 10.6492019558 -0.260072601501 -6.86781518717 0.00461116372585
205 10.3764161908 0.670979599697 -6.94266723492 0.00185458258339
206 9.86970518403 1.48879516541 -7.08813693963 0.00622242891844
207 9.40653313328 2.34077649773 -7.01181396558 0.00315170547772
208 8.62682181068 2.78129046497 -6.63221480673 0.0252794786975
209 7.78301637292 3.23743293634 -6.47799284458 0.00397800479775
210 6.85541983162 3.36814645331 -6.22102945086 0.0119774878868
211 6.07283728943 3.444028628 -5.65133973272 0.00887840224018
212 5.40034804441 3.34046505224 -4.95915576695 0.00288682843267
213 4.66204535527 3.26699949137 -4.33366129275 0.00503065496871
214 3.86342703618 2.96089039721 -3.87585763222 0.00396956080228
215 3.11708934208 2.53670000197 -3.42448321075 0.0109167928233
216 2.66489342028 2.01425810017 -2.74442220063 0.00703310466191
217 2.04036427824 1.73816583432 -2.05669816759 0.00287462495905
218 1.37588091567 1.41213135713 -1.43138356297 0.00232009776
219 0.703638612849 1.1016977279 -0.806609950623 0.00575916458652
220 -0.0354635561575 0.586809439726 -0.451121401637 0.00549228257656
221 -0.713813928253 -0.0975539494578 -0.358679884697 0.00360466623541
222 -1.43709597561 -0.553798089305 0.094746767101 0.00463055356404
223 -1.98114544769 -1.30732867483 0.363925595102 0.0027764223308
224 -2.3255767145 -2.10285458017 0.793559597306 0.00221898478136
225 -2.8221142857 -2.68447184915 1.38617638466 0.00259684378803
226 -3.218049001 -3.20910931276 2.0960360717 0.00314025515428
227 -3.67170136499 -3.7870267356 2.7250500839 0.00568665149149
228 -4.0506323807 -4.47600045887 3.2875954869 0.00828529222422
229 -4.10321124784 -5.21535305461 3.90764879078 0.00356190263856
230 -3.98176512843 -6.09294286506 4.29272394204 0.00312931708476
231 -4.42936294248 -6.89348912826 4.59529532328 0.00606566042188
232 -4.64226129598 -7.69285094093 5.09321971866 0.00726232716777
233 -4.6619810442 -8.61446111027 5.3785530385 0.002727314117
234 -4.21107973164 -9.32474804259 5.8509765097 0.00472614368656
235 -3.62922514478 -9.91234707655 6.3475880568 0.00652318628156
236 -3.24916487254 -10.4527879585 7.05001872632 0.0204190888958
237 -3.29024939136 -10.5414407013 7.13777547007 0.000429069345024
238 -3.51789631827 -11.389122035 7.49692703997 0.015105551464
239 -3.83645520718 -12.1936746388 7.88046139033 0.0049637000442
240 -3.94831971924 -12.9958820308 8.36912041735 0.00614453535896
241 -4.10039560739 -13.9273194586 8.41608177072 0.00806489291802
242 -4.23168547706 -14.8619624872 8.42339242725 0.00591068794384
243 -4.06334927264 -15.7879413688 8.36396732379 0.00394709518377
244 -3.72349176829 -16.4385636911 7.77230658769 0.00313937224512
245 -3.2796894733 -17.1496790281 7.34209331528 0.0129894216096
246 -2.79103827854 -17.7771223628 6.84033673258 0.00285390347441
247 -2.23510757708 -18.2529728656 6.25034508567 0.0058147871729
248 -1.96491146228 -18.7296770691 5.48741005661 0.00468760323822
249 -1.58064373015 -19.3061684295 4.85450300269 0.00396262333824
250 -1.30786332878 -20.1964214384 4.96246828565 0.0035924117506
251 -1.06664971722 -20.9323979106 5.4898878434 0.00306723193979
252 -0.411650805042 -21.4836358236 5.86923181883 0.00713861717906
253 0.110089906591 -22.2589213767 5.83884071079 0.00853541556826
254 0.555826866642 -23.0605694369 6.01231551676 0.00456898615633
255 0.927657984195 -23.91584709 6.00721776286 0.00284936670104
256 1.48324024559 -24.3796540842 6.59519154751 0.00561467995843
257 1.99706925143 -24.8262490514 7.23093349779 0.00305373568356
258 2.19634466575 -25.406601822 7.93107202137 0.00458814039494
259 2.99951557761 -25.3982390909 8.39937042517 0.00681059948774
260 3.79173845274 -25.2264996793 8.85185503594 0.00701926318561
261 4.26494065261 -25.1357963642 9.64425389588 0.00544153513243
262 4.85332686729 -25.1325134379 10.3593788525 0.00403062960662
263 5.54762903861 -24.8170698278 10.8827081993 0.0110069678546
264 6.35265559351 -24.5920240055 10.4931429602 0.00523516801237
265 6.42410502836 -23.7026402407 10.2655124963 0.0050562233419
266 6.25741282479 -22.9434321139 9.77369159063 0.00450451274959
267 6.45908948005 -22.5570583666 8.96437083164 0.00172067827869
268 6.18776370958 -22.3765064927 8.10522507488 0.00594779777633
269 5.57849242845 -22.2764902764 7.42727641601 0.0064747299344
270 4.66697952259 -22.279400944 7.35215932944 0.00396639355813
271 4.02792652952 -22.5881484008 6.77633737775 0.00985637045679
272 3.55742393544 -22.9170296352 6.06854341582 0.00599949288158
273 3.31622260326 -23.4209706682 5.35082855326 0.00141865511219
274 3.34259614292 -23.8961844177 4.57613443676 0.00344619958337
275 3.30154215749 -24.7494727458 4.27016359728 0.00634538608178
276 3.48130605203 -25.3233561269 3.59266388186 0.00747355209765
277 3.6327973148 -24.9473901383 2.78496690703 0.00658619549449
278 3.58757703558 -24.4610599225 2.02748265064 0.00542231859881
279 3.43914126559 -24.0791451284 1.22677208507 0.00526787792316
280 2.58963868903 -23.9827409476 0.956615332206 0.0024544783627
281 1.71667989478 -23.7934308084 1.02116823726 0.00556633822603
282 0.887707494949 -23.9984992012 1.2840550161 0.00205944710788
283 0.127945070527 -23.940452457 0.818539809234 0.00786029832619
284 -0.714589387217 -23.7132228246 0.646790036441 0.00625268387938
285 -1.564974536 -23.5419258797 0.830416644803 0.00632039834771
286 -2.03595369275 -23.8622183163 1.50722034134 0.00439212727344
287 -1.89437335702 -24.2250429579 2.29949966118 0.00432328390347
288 -2.53213708204 -24.5915581018 2.78267734332 0.00558537641378
289 -2.99377567227 -25.2906826278 3.04203774689 0.00821569699167
290 -3.49455090229 -25.920142699 3.38090306068 0.00439529015874
291 -3.86159600743 -26.556427138 3.84825476595 0.00645794334415
292 -3.90927584887 -27.3009440022 4.28985373832 0.00756679217245
293 -4.1104348452 -27.9678760952 4.798548432 0.00760741685713
294 -4.15868553084 -28.7744659835 5.08542966571 0.0041695900874
295 -4.65355843118 -29.4198095033 5.3483235849 0.00399771149602
296 -4.05406712865 -30.0249637437 5.34479119331 0.00700122303137
297 -3.31112076103 -30.3338845017 5.60944907401 0.00207843237882
298 -3.06273459822 -31.1333186029 5.72723964976 0.00553711200129
299 -3.64483537458 -30.8610270718 6.27097244093 0.00679264422972
300 -4.04687181266 -30.8524146281 7.0049928119 0.00339422075274
301 -4.52983961031 -31.3704348037 7.44422426165 0.00699300827531
302 -3.71241087865 -31.3879692226 7.5680252671 0.00408405191449
303 -2.92900363459 -31.2561932796 7.35181621188 0.0371157332723
304 -2.16304062957 -31.2453942087 7.20804682802 0.00352359812956
305 -2.04302758258 -31.8816543683 6.78204126708 0.00817841703285
306 -1.66156338566 -31.2936140985 6.48048690597 0.00655490609532
307 -1.1702979991 -30.7503781266 6.65432685587 0.00483621825958
308 -0.590564589071 -30.4580950754 7.02016628003 0.00462226037379
309 -1.06377455842 -29.9170645107 7.18345826275 0.00537385150604
310 -0.741044372281 -29.2653399774 7.20153795848 0.00953349274657
311 -0.760052871107 -29.1677304688 6.49780013859 0.00836419684192
312 -1.04175565252 -28.9733954245 5.89564320479 0.0108540315026
313 -0.760686067758 -29.151003788 5.31762620788 0.00578875717198
314 -0.159759219071 -28.9411990568 5.45264013385 0.0088420991589
315 -0.180297652424 -28.9354923177 5.41545329993 0.000579296317726
316 -0.506544465692 -29.0352546156 5.11157952836 0.0102217975005
317 -0.392459193159 -28.8073498765 4.79750357187 0.00933677745512
318 -0.620703044147 -28.8890344152 5.04068999318 0.0109670789545
319 -0.805361196723 -28.9083658742 5.24319054575 0.00771403033135
320 -0.629442063765 -29.0222479022 5.3401594279 0.0118565361536
321 -0.635203509601 -29.190125499 5.35722210058 0.00879159324347
322 -0.537564674031 -29.2188894989 5.28169037477 0.00918062659412
323 -0.491586037726 -29.1808913855 5.21641872756 0.00784192359015
324 -0.458475072822 -29.1425850509 5.18574138003 0.00367033683089
325 -0.455414221856 -29.1524992333 5.1402125467 0.0049072867013
326 -0.447613518342 -29.122012066 5.13432253087 0.00663492806864
327 -0.462922239362 -29.1193036446 5.13688614728 0.0114023995942
