0 -0.434026953642 -0.283366932869 -0.84757341207 0.00453823995209
1 -0.918339395256 -0.867060793378 -1.48920775902 0.00807720866397
2 -1.24743693716 -1.60619324765 -2.06561336767 0.00294522664287
3 -1.77996774775 -2.11386998359 -2.73310143641 0.00381949871261
4 -2.42092149013 -2.66331804397 -3.25662747839 0.00207167116087
5 -2.98494751759 -3.39288121776 -3.62589466383 0.00237194639314
6 -3.54715473865 -4.12594763694 -3.99094453395 0.00336692082682
7 -4.17108686064 -4.86508296523 -4.21691983233 0.00361533689352
8 -4.67887372299 -5.63772800301 -4.58001156289 0.00644030504014
9 -5.15277684893 -6.42229842324 -4.96273232654 0.0041392119243
10 -5.57942733164 -7.21129558071 -5.38938714473 0.0480967057151
11 -6.12286116723 -7.87154447073 -5.89427610337 0.00304326859845
12 -6.58243351083 -8.6915760359 -6.21433786694 0.00353888463389
13 -6.85392660074 -9.59947666752 -6.51110289982 0.00543328647803
14 -7.11556926988 -10.5355358905 -6.71441473738 0.00377760068365
15 -7.24455494713 -11.5076221978 -6.8705256515 0.00423312576577
16 -7.37450896349 -12.4558346792 -7.13497829558 0.00565679703034
17 -7.31078606625 -13.4132817638 -7.39014381283 0.00174817714265
18 -7.22274590773 -14.306406391 -7.81495293966 0.00352362427438
19 -6.98859642333 -15.1698642475 -8.24561216579 0.00126403310655
20 -6.66822013436 -16.0141262015 -8.65842916101 0.00263913435883
21 -6.35506952048 -16.8839773308 -9.02050372169 0.00946168265597
22 -5.94404503438 -17.7153078187 -9.37498579072 0.00412179200682
23 -5.49752475745 -18.3684108405 -9.7103155494 0.00806219725029
24 -4.81411744861 -18.9970057516 -10.0609823585 0.00175504049298
25 -4.05828591148 -19.5028332607 -10.4584644938 0.0120379581415
26 -3.25258514585 -19.8582216569 -10.9162496309 0.00176093035048
27 -2.39587605366 -20.1825529491 -11.2981475209 0.0233174429408
28 -1.72670705445 -20.8300072535 -11.6412896095 0.033823621848
29 -1.07592690011 -21.467369488 -12.034508879 0.00454259869232
30 -0.432784842998 -22.1007198188 -12.4462796668 0.00339560186253
31 0.284203721918 -22.6368625751 -12.8737874523 0.0104218886987
32 1.11517842341 -23.0194708698 -13.25751662 0.00434443694083
33 1.77961791737 -23.4667148739 -12.6721523057 0.00498843492391
34 2.45925769781 -23.8292179223 -12.0470162323 0.00643049444587
35 3.20020906296 -24.1215950621 -11.45580162 0.00294064002511
36 3.98146977379 -24.3462229732 -10.8873294878 0.016536098697
37 4.77406802382 -24.4721682784 -10.3044731082 0.00602830477765
38 5.57048831139 -24.5029135977 -9.71413802575 0.00448945661798
39 6.45139038233 -24.4480406396 -9.26177450454 0.00404599835515
40 7.30527881814 -24.3425918561 -8.76847031612 0.00188283284475
41 8.18040542528 -24.2898434793 -8.30486038016 0.00231058745183
42 9.00118802713 -24.1598469109 -7.76359012563 0.00418331525419
43 9.82636470043 -23.970398586 -7.24716879785 0.00346446140689
44 10.6777431031 -23.6998407714 -6.81660386389 0.00200307789792
45 11.4565967732 -23.4938451904 -6.23832822912 0.00349628439721
46 12.1156638747 -23.0693742995 -5.63098034047 0.00776035057551
47 12.7904273421 -22.6875665804 -5.01272397508 0.00515001891616
48 13.4665869523 -22.2590317451 -4.42756236122 0.00529261305543
49 14.1224152371 -21.8746722898 -3.94606464808 0.00482336558967
50 14.7865226688 -21.2908393138 -3.50082520615 0.00708026585761
51 15.6800573261 -21.1570609078 -3.09621620348 0.00990381742171
52 16.6040538749 -21.0649079759 -2.75333657806 0.00380193149633
53 17.5228543274 -20.8959787828 -2.42618340861 0.0054116381484
54 18.3719819245 -20.705770187 -1.95447183152 0.00434082649781
55 19.2189686702 -20.2401652817 -1.74140181906 0.0405371824869
56 20.0363463301 -19.741389831 -1.49243892235 0.0035092015822
57 20.8524087006 -19.2243594162 -1.2790896445 0.00129019801218
58 21.3750041183 -18.4997969309 -0.853972185687 0.00273138081083
59 21.7275059696 -17.7662731141 -0.535410751122 0.00300061665722
60 21.9919785563 -16.8148648658 -0.476934279605 0.00309802739433
61 22.1623423766 -15.8456594112 -0.37641145943 0.00362034268988
62 22.3515770679 -14.8778002448 -0.299875702128 0.0162209998979
63 22.4760044863 -13.9030714269 -0.411841980152 0.00196824179657
64 22.3934608712 -12.9255741982 -0.537397449161 0.00453399814068
65 22.2962653406 -11.9414549621 -0.544310964354 0.00380427515615
66 22.1576762402 -10.9705796273 -0.417377520201 0.00713455196678
67 21.9640156033 -10.0011372898 -0.396159769542 0.00775358177803
68 21.7581920231 -9.03440697242 -0.369897383714 0.00387923792398
69 21.4868470725 -8.08681371244 -0.292537505812 0.00582946145814
70 21.2207647141 -7.15390563254 -0.101950123169 0.00433930247452
71 20.8758910053 -6.23224883171 -0.0073252452495 0.00472376753398
72 20.5535196527 -5.29837973982 0.0274536063244 0.00856468565931
73 20.1915492924 -4.38045594427 0.0863050330509 0.00265147480893
74 19.8603953361 -3.45261801446 0.0058655963657 0.00204736473162
75 19.4423025396 -2.56289242029 -0.0969095576321 0.0101690227939
76 19.0342364751 -1.67791152468 -0.261412859905 0.00198670947885
77 18.5764126903 -0.816971367143 -0.422371304802 0.00432096695786
78 17.9705504001 -0.0800698009445 -0.680363783583 0.00731396695271
79 17.2398176455 0.524656444705 -0.957559357999 0.00398430749901
80 16.4500864071 1.04824947648 -1.23790145398 0.00546017268716
81 15.584095362 1.35416832182 -1.60231054061 0.00299906475014
82 14.6243298526 1.50486290601 -1.78218852507 0.00600718533625
83 13.6427672201 1.5798290081 -1.86578104346 0.0045872412735
84 12.6715580832 1.55398249779 -2.04485259451 0.00491444684893
85 11.6868595117 1.48476919564 -2.08277631893 0.00585797943999
86 10.7044187677 1.38212393969 -2.08129221985 0.00310258281414
87 9.73613135596 1.19989920018 -2.15110428635 0.0215170728307
88 8.80926284903 0.912118922997 -2.33351877032 0.00443776893238
89 7.93568256602 0.469904740768 -2.46146695061 0.00417324422932
90 7.05441633535 0.102933786101 -2.71383713765 0.00389046890732
91 6.16988675314 -0.274198572353 -2.93804506443 0.00493487485012
92 5.41385974603 -0.879825936682 -3.12884733392 0.00802399477545
93 4.64462557316 -1.41474408458 -3.43987972137 0.0053698190334
94 3.86767944343 -1.86534516553 -3.84953046651 0.00247200439973
95 3.10796466734 -2.38119685455 -4.21168282092 0.00500668116821
96 2.41171420989 -2.84624700859 -4.73448984296 0.00137700284982
97 1.84889909451 -3.52423941093 -5.17930626096 0.00423268324204
98 1.41739444402 -4.11325400052 -5.84350873026 0.00792632620669
99 1.15308444647 -4.74942061737 -6.55030453371 0.00631542419883
100 0.948913036265 -5.32503852329 -7.3255418564 0.0050201680155
101 0.79535925385 -5.83166292654 -8.15841794107 0.00443869247035
102 0.747662974572 -6.40985870572 -8.95666948391 0.00420460390622
103 0.811190423108 -7.10667154967 -9.65239140202 0.00410064219033
104 0.948876272296 -7.70555118105 -10.424365311 0.0037271879721
105 0.963215408096 -8.44151474199 -11.0812802527 0.00292823005234
106 1.18838312598 -9.20869547231 -11.6592046072 0.00412078210145
107 1.7849748909 -9.90998876442 -12.0132153815 0.00303144394199
108 2.55958615525 -10.4465190487 -12.3048841821 0.0100324408718
109 3.32911557575 -10.7569525478 -12.8380225791 0.0028571095072
110 4.1235313285 -10.9854305532 -13.3759884727 0.00428665719862
111 4.86943650247 -11.1305210441 -14.0046482746 0.00245858196331
112 5.54979638078 -10.6777099379 -14.5565550459 0.00444121614517
113 6.27659487944 -10.0776851642 -14.8464429905 0.00478971552402
114 6.85834205871 -9.32885101945 -15.1165901009 0.0054992294036
115 7.42876983028 -8.56253475373 -15.3602538016 0.00523878473915
116 7.95042688405 -7.77414910573 -15.6398656341 0.0038053767011
117 8.28546759265 -6.92827401021 -16.0193745684 0.00190672256123
118 8.30930374662 -6.13815896971 -16.6084231604 0.00583754640509
119 7.99896738056 -5.30945587909 -17.0426178424 0.00411239154494
120 7.98369958677 -4.3419377156 -17.229868405 0.00564411524807
121 7.80972154634 -3.40249085313 -17.4715378261 0.00461713086552
122 7.58967931942 -2.48413666566 -17.7531642327 0.00207387146884
123 7.31431827191 -1.58866237471 -18.0587026646 0.00133040570955
124 7.02659615604 -0.669671110956 -18.2676479186 0.0263932783256
125 6.70244034273 0.25247213579 -18.3890547218 0.00538669738943
126 6.24825339655 1.055466246 -18.7339663234 0.00265452345466
127 5.66016412744 1.79620643191 -19.0085531116 0.0039519391682
128 5.20842054732 2.44408513415 -19.5968890237 0.0030908306342
129 4.53187618021 2.99348013492 -20.0554102837 0.00816870988198
130 3.9383682799 3.38706124383 -20.7354845487 0.00510536950546
131 3.31633836556 3.67133087959 -21.4438513643 0.00389660705318
132 2.64383403656 3.88273971529 -22.1311761435 0.00390956042799
133 2.33942781129 3.8121308874 -22.3604828046 0.00191624986441
134 1.53446675855 3.52873362023 -22.8494855401 0.00549963482739
135 0.706635524294 3.15659208114 -23.2281040388 0.00390543570469
136 0.439378105697 2.22195313584 -23.3762823955 0.00213173791416
137 0.201533969198 1.37338857597 -23.8125382364 0.000991535615139
138 -0.0703958859167 0.56343920555 -24.2993411174 0.0218654817489
139 -0.00878542608086 -0.144439697705 -24.9785759092 0.00344864418289
140 0.202025863211 -0.870161750108 -25.6070365435 0.00445749970708
141 0.297903715515 -1.47530776678 -26.375558243 0.00323400585663
142 0.658769451213 -2.14301214281 -26.9998349857 0.00352810678825
143 1.13784752576 -2.91471281058 -27.3746010427 0.00291508285072
144 1.93053788713 -3.33078596865 -27.7794600888 0.00246527552516
145 2.7667669437 -3.54375026959 -28.2492353143 0.00172729894541
146 3.66672814943 -3.60507125355 -28.6384916382 0.0015414468593
147 4.58912054992 -3.79605597434 -28.9174570593 0.0074043434215
148 5.53677206257 -3.85402754295 -29.1692341215 0.00584937253125
149 6.46628780571 -3.75666029872 -29.4710499695 0.0035094905006
150 7.25773633856 -3.40416657909 -29.9335003781 0.00534329215186
151 8.01405852838 -2.84933619634 -30.2239144933 0.00315007815894
152 8.33511097265 -2.05540333388 -30.7042838766 0.00528701498895
153 8.79145094618 -1.33040005564 -31.1839283762 0.00317911429689
154 9.15067238698 -0.587510257071 -31.7158184909 0.00176628757521
155 9.34574125864 0.149225465145 -32.3346790047 0.0188925571793
156 9.55004258225 0.960428437643 -32.8476410985 0.00680689941515
157 9.89502407591 1.74953543462 -33.317625424 0.00272624338083
158 10.083681666 2.60717977756 -33.7550032406 0.00806497799298
159 10.2064864184 3.4844563148 -34.176158729 0.00570846899126
160 10.1813642989 4.39019284302 -34.55137676 0.00491095877765
161 10.5783730477 5.13821462148 -35.0458104905 0.00613498682529
162 11.3846972492 5.35545333421 -35.559608963 0.00460956100967
163 12.0686835737 5.61176646882 -36.2135942121 0.00142049132652
164 12.7409173608 5.97747540098 -36.8263631637 0.00521605905521
165 13.4061248253 6.23051619014 -37.5004538437 0.00121751409235
166 14.0938639887 6.33953208069 -38.1903921495 0.00592808489401
167 14.8228739956 6.59316244913 -38.7943247095 0.00278342683106
168 15.4825552033 7.02625031382 -39.3753737294 0.00354300847213
169 16.0050670396 7.41416389271 -40.1080594289 0.00884661044586
170 16.3865278433 7.72903920681 -40.9538406859 0.00841718064294
171 16.7831477762 8.00149889619 -41.8070953334 0.00555242455421
172 17.2395504669 8.32566707867 -42.6107442122 0.00399160868083
173 17.6948774493 8.63977292421 -43.418860229 0.0108574307895
174 18.2759715115 8.93894059981 -44.1476955548 0.0022091520428
175 18.9320309086 9.15000014931 -44.8428636006 0.00471707953231
176 19.5656933415 9.34089415192 -45.56398829 0.00438734258395
177 20.2598407066 9.76051917791 -46.1114014637 0.00704109288008
178 20.7987724392 10.3171511781 -46.7088551432 0.0227850442245
179 20.7990399498 10.3175575592 -46.7091647903 2.96363713574e-06
180 21.3411501372 10.9682097471 -47.1946704237 0.00194662975574
181 21.386328715 11.6918914397 -47.8482911159 0.00456161345229
182 21.4669780604 12.4536064784 -48.453197675 0.00294535692592
183 21.2050854306 13.2880225581 -48.886147392 0.00247145033811
184 21.1651809797 14.0568399372 -49.4858037617 0.00797389643721
185 21.0402716743 14.7133127645 -50.1966372855 0.00261919797808
186 20.847568963 15.4378391343 -50.820732181 0.00219942288108
187 20.4928761952 16.2696313486 -51.1861294623 0.0109389464044
188 20.0984428322 17.1463530793 -51.3477552499 0.00342881970676
189 19.7485855977 18.0289645093 -51.1270449293 0.00341897732166
190 19.360785506 18.9226519421 -51.1546575595 0.00167161488115
191 18.5906371469 19.5196496714 -51.14153608 0.00292268954304
192 17.6857025809 19.8797389981 -51.1719299323 0.00492606129085
193 16.7660901055 20.110936344 -51.3956174686 0.00353656537637
194 15.8000830089 20.2101364029 -51.4721927874 0.0105621228655
195 14.8521633738 20.3693536331 -51.6277275527 0.00144057330225
196 13.8880827181 20.4009167982 -51.7601238867 0.0017722416129
197 12.9735255378 20.2975538934 -52.0776395923 0.00363280490311
198 12.1076589168 20.2717609456 -52.5218590185 0.00469238588105
199 11.2891939814 20.0117666013 -52.9799910105 0.00354729378935
200 10.8341456608 19.482031467 -53.65794909 0.00503903091856
201 10.0906768647 19.1314048844 -54.1785815858 0.00322621767556
202 9.50462392838 18.650324643 -54.7882378453 0.00106844141104
203 9.09438158112 18.031960968 -55.4173966923 0.00617402583358
204 8.98279893121 17.4362867848 -56.1782541508 0.00642620142703
205 9.22322618035 16.7013597524 -56.7677564075 0.00346178861955
206 9.5692463674 16.1192467537 -57.4653900809 0.00253100330322
207 10.0319149439 15.6293023629 -58.1660768165 0.00870624523219
208 10.8812894801 15.3746058075 -58.5631907043 0.00366162008777
209 11.8498132254 15.4233205755 -58.5072692421 0.0104942002094
210 12.7386016601 15.7104608228 -58.2421695793 0.00335156577407
211 13.5971077377 15.9764700293 -57.8752370204 0.00196905151826
212 14.3636095774 16.3755884016 -57.4330900362 0.00400275615564
213 15.1777079589 16.8297691514 -57.1632943024 0.00298746402125
214 15.8568062926 17.18033089 -56.5651579255 0.00931573808346
215 16.5712467141 17.6315564963 -56.0889214478 0.00480362563379
216 17.1287337951 18.1535456654 -55.4912249105 0.0032877775067
217 17.6470904489 18.8228130248 -55.0185315 0.00222748362375
218 18.0158294971 19.4702840564 -54.3981975016 0.00360772309548
219 18.0696511719 20.1668430115 -53.7261653734 0.00255538915926
220 18.2291180382 20.7871000508 -52.9985669744 0.00349444326437
221 18.2801344421 21.3009334578 -52.1783691951 0.00346804065344
222 18.4311937936 21.4590664232 -51.2342234389 0.006522899793
223 18.790724644 21.6112889146 -50.3476385944 0.00724884607687
224 18.848544641 21.933188485 -49.4361524061 0.00175963289787
225 18.6188958407 22.2764965909 -48.5604135584 0.00347642547357
226 18.1568851778 22.5837259352 -47.7672176723 0.00496863072828
227 17.445301081 22.8212721257 -47.1561406028 0.00469441418044
228 16.644259466 22.9056712798 -46.6206026369 0.0063276363589
229 15.733136804 22.9771956459 -46.3052827689 0.0027491989985
230 14.8368839217 23.2694865905 -46.0917034221 0.00570603527953
231 13.9186556659 23.5160363897 -46.2641140951 0.00501638375585
232 13.0943085958 23.8345332608 -45.873947971 0.00308671485395
233 12.3292990889 23.7604643579 -45.2888400643 0.00476987046172
234 11.8096112424 23.2162955517 -44.6835704782 0.00419327529673
235 11.1525546004 22.6765501342 -44.226604193 0.0187391400392
236 10.5870779979 22.3523850434 -43.5159195656 0.00582141910518
237 10.3591261322 21.6888766306 -42.854940125 0.00648033416175
238 10.0764337496 21.088847311 -42.1561020345 0.00380905298714
239 10.3268334671 20.571664577 -41.3829384282 0.004433949573
240 10.5813942136 20.0642097801 -40.605076044 0.00288664959831
241 11.128751904 19.4834670995 -40.0668013054 0.00287719881427
242 11.4989377916 19.0068806556 -39.3168811485 0.0117138392143
243 11.8367603353 18.6591844459 -38.4861712932 0.0147425305475
244 12.279758148 18.250839368 -37.7379648758 0.00890071538624
245 13.107357693 18.3041462194 -37.2549759049 0.00347442242805
246 14.0544855634 18.1520498667 -37.2514936854 0.00490926683301
247 15.0089307557 18.0603731125 -37.2436442415 0.00600838252616
248 15.8798746702 18.3862662675 -37.0116895157 0.00324958237463
249 16.4739525291 18.9890669258 -36.5623162685 0.0078221310157
250 16.7651976879 19.8123419539 -36.1695260824 0.00696994998782
251 16.7361224579 20.6774366901 -35.761475032 0.01417889611
252 16.7226748423 21.5291121934 -35.3281383109 0.00518094625746
253 16.3600294376 22.3341311433 -34.9638062963 0.00576511758994
254 15.891451313 23.0196871143 -34.4928158739 0.00281502307251
255 16.2381077292 22.19981926 -34.8368454846 0.00176584570359
256 16.1168979059 21.48741598 -35.4602014246 0.00269114279264
257 16.1172900212 21.44275086 -36.4136489199 0.00273822144319
258 16.1851554462 21.5609369829 -37.3580767806 0.00479905585518
259 16.4291826402 21.8012944518 -38.2480950575 0.00316095690638
260 16.9503917003 21.9255655249 -39.0364353291 0.0033361944179
261 17.6835653745 22.0500655757 -39.6318135147 0.0160828777325
262 18.1897933482 22.1790281686 -40.4266635485 0.00563989546448
263 18.7305173259 22.4039722329 -41.1752618115 0.00233196682885
264 19.508258138 22.4632392792 -41.7175353842 0.00675679478351
265 20.1127765717 23.0722733041 -42.1229994573 0.00585558625255
266 20.4497930196 23.6655974897 -42.7820025628 0.00313278268366
267 20.6442928852 24.2124280816 -43.532033545 0.00868332602927
268 20.4542394668 24.56499025 -44.3906737335 0.00303879660244
269 19.8592555974 25.161453403 -44.8222472354 0.00307261732981
270 19.1239987637 25.4955368454 -45.3153722705 0.00494736996631
271 18.2307287823 25.5523667441 -45.6199320068 0.00740602130796
272 17.3721996935 25.3131015251 -45.9325783397 0.00206107003943
273 16.6351442983 25.1478837761 -46.499488136 0.00377252890265
274 16.1756243486 24.8311446596 -47.2610246883 0.00500283839116
275 15.6750789423 24.4809469959 -47.9799237166 0.00438093013721
276 15.3681425675 24.0408424704 -48.755219071 0.00480559254963
277 15.1574098344 23.6818381801 -49.6005573334 0.00382042211956
278 15.1009317503 23.1923564421 -50.4030065602 0.00507476156568
279 15.3255312811 22.9654942385 -51.2882356083 0.00265634213902
280 15.0876186441 22.9154696536 -52.1969487318 0.00258036133912
281 14.6333598174 23.2099437383 -52.96546314 0.00287985716006
282 14.1546297417 23.2131989613 -53.7740213856 0.0122332616043
283 13.6429511416 23.4183439928 -54.5324581924 0.00825141533843
284 13.4560297794 23.3003989286 -55.4425017264 0.00407498225857
285 12.9640452661 23.4524498461 -56.2236007029 0.00549611994962
286 12.4010229013 23.2575063975 -56.9435245402 0.0074566600191
287 12.0233259363 22.9252019153 -57.7295775316 0.00259613463283
288 12.282107021 22.3221167054 -58.3921580043 0.00977082638658
289 12.8965899994 21.96291005 -58.9916720219 0.00981285437733
290 13.1649867738 21.9004207045 -59.8789990299 0.00339304111931
291 13.4213784529 21.7267469361 -60.7542397108 0.00154905306571
292 13.6937740705 21.6735166949 -61.6398764225 0.00377249386217
293 14.0377878189 21.7392650291 -62.4984414138 0.00306913740888
294 14.3355143705 21.9409941204 -63.352388231 0.00293981994217
295 14.7690127938 21.6623517356 -64.1214805471 0.00476377969759
296 15.4107364212 21.569325691 -64.780482103 0.00581807212534
297 15.6998109231 21.7776398484 -65.632529461 0.00517682176035
298 15.6720933424 22.0434146863 -66.515374578 0.00377660253501
299 15.2291252526 21.9645132813 -67.3193584117 0.0018986202052
300 15.4779983991 21.4455217932 -68.0379593739 0.00781181166715
301 15.8175480978 21.0250323748 -68.7809578288 0.0246107378643
302 16.6573290784 21.2631325152 -69.0429778896 0.00458534762535
303 16.9131139197 21.6825194924 -69.8098536374 0.00924032922233
304 16.9809926352 21.9056300283 -70.6875331221 0.00697867839765
305 17.370358309 21.7916968974 -71.4973145122 0.00768715525083
306 18.0684127963 21.7663737549 -72.0690279565 0.00502628822455
307 18.5405789635 21.2433143562 -72.6303188137 0.00889566446176
308 18.9294639937 20.5809525143 -73.0945687205 0.00660665418971
309 19.1528134038 20.352016738 -73.9312582751 0.00418192569385
310 19.5855723891 20.748562346 -74.6051863933 0.00451270371598
311 19.8606016972 21.2285547344 -75.3048470142 0.00328661770392
312 20.3079398401 21.8762504084 -75.7202828746 0.00619891205444
313 19.9322888151 22.6091510881 -75.390058047 0.00475998196556
314 19.2679734223 22.4520443875 -74.8259701269 0.002784502527
315 18.3861371864 22.5095519545 -74.8329652742 0.00533766731122
316 17.5684607422 22.8026700881 -74.9817518578 0.00475428743343
317 16.7390057067 23.0582557752 -75.1205714235 0.00776005029038
318 15.88664767 23.1226862622 -75.3079155484 0.0140586244734
319 15.0693624613 23.2900467721 -75.5456348529 0.00298317339381
320 14.3400368893 23.2533145559 -75.080073241 0.00360855553174
321 13.6240951524 23.0742263338 -74.6310508541 0.00495501063235
322 12.7680389033 23.1427662731 -74.684350521 0.00689390957086
323 11.9798651805 23.1078878995 -74.3515786385 0.0114468013406
324 11.2116413347 22.9856130753 -74.0129199728 0.0141438848595
325 10.7070887414 22.4942482866 -73.5589961226 0.00546921759916
326 10.3425363299 22.6499885508 -72.8250677812 0.00684137882327
327 9.91577207715 22.3631586097 -72.1760883103 0.00935552904152
328 9.20518135279 22.2280184116 -71.7925601743 0.00591694150655
329 8.77255550999 21.7222927181 -71.3255236084 0.0110690824304
330 8.39135931923 21.0210257638 -71.2616430347 0.0173056399331
331 8.31585219232 20.4096124275 -70.7884019483 0.0044137538899
332 7.67214625348 20.8224806493 -70.8791726984 0.00673618104753
333 7.26062709294 20.3278732437 -70.4735333346 0.00925699401254
334 7.38292846384 20.7382510241 -69.8620094472 0.0135688758446
335 7.90894957818 21.1685332254 -69.6189549285 0.0110427275942
336 7.98185918169 21.8635587399 -69.5898005727 0.00839386725889
337 8.1980027982 22.3540801234 -70.0101819785 0.0177307201754
338 8.08609401104 22.9784582245 -70.0084029927 0.0121812469897
339 8.25935899993 23.4409592706 -70.3433041755 0.0162586578977
340 7.78687425609 23.6488616977 -70.1983557749 0.0087157982535
341 7.81412786201 24.1456813668 -70.1671640355 0.0100341356585
342 7.71902691924 24.5420971955 -69.9752248779 0.00821105767341
343 7.38088486497 24.3649901361 -70.1203760274 0.0126968204295
344 7.59206017132 24.1221181164 -70.1761705089 0.0130542502877
345 7.40840157762 23.9572310076 -70.1979449145 0.0112541027443
346 7.33233689284 23.7884327094 -70.1690368358 0.00899864406504
347 7.3313931555 23.9308524049 -70.1570586532 0.00464797680173
348 7.43752271905 23.8935051784 -70.2022732185 0.00593510104605
349 7.34447649685 23.884445588 -70.2257669564 0.0120932999729
350 7.30725968438 23.9173361427 -70.2397518545 0.00831198157987
351 7.30670291963 23.9438927379 -70.2350126984 0.015519237329
352 7.30676773185 23.9436054613 -70.2348184297 0.000582497866945
