0 0.00793439727868 0.392554816938 -0.912644291102 0.00252573985215
1 -0.134966808885 0.782990304596 -1.81497234894 0.00270319253717
2 -0.423762662887 1.13427263029 -2.69827526477 0.00533148235009
3 -0.644252417509 1.504483206 -3.5934368517 0.00482137465517
4 -0.836372323216 1.8011298069 -4.52190277672 0.00426225508575
5 -1.0857737923 1.51319608058 -5.43940508047 0.00391018828641
6 -1.22845418454 1.16305599883 -6.3580609355 0.00566612143037
7 -1.30384567071 0.929839286105 -6.87527938848 0.00280379183996
8 -1.23732675736 0.423619914524 -7.72619631208 0.00549371797425
9 -1.15188567267 -0.0807944258004 -8.57645989867 0.0045094203267
10 -1.22183177892 -0.571169023993 -9.43627222096 0.00639901963899
11 -1.06936194796 -0.992627968055 -10.3215423724 0.0233226030259
12 -0.948548779691 -1.39985727052 -11.2181415597 0.00438649176808
13 -0.86039823389 -1.89792296171 -12.0716118125 0.00221652816285
14 -0.654141605153 -2.36174536781 -12.9239923131 0.00570886207757
15 -0.32517918876 -2.69078777745 -13.8001691023 0.0054090217661
16 -0.0351143813632 -3.07956534718 -14.6655116134 0.00728755591959
17 0.425161322486 -3.32475472024 -15.5093342969 0.00106003213093
18 0.816086221117 -3.85807525266 -16.2487244068 0.00896745435816
19 1.28571988514 -4.28326735817 -17.011948143 0.00356194284049
20 1.80910772278 -4.72200413914 -17.7312321356 0.00313924534156
21 2.29466773969 -5.13926565003 -18.4887917593 0.00504510985184
22 2.45644355176 -5.36446997682 -18.7751843222 0.00121276168086
23 2.82788888274 -5.9764505826 -19.4610629105 0.00421040620871
24 3.25088641785 -6.31504041396 -20.291340227 0.00404144231074
25 3.658912244 -6.64980501919 -21.1305838075 0.00635623018971
26 4.10804986028 -6.93397407264 -21.9674357525 0.00461530246747
27 4.64316473077 -7.16866250683 -22.7682434793 0.00332252549485
28 5.18823054323 -7.34082159588 -23.5781474277 0.00666730325754
29 5.82920315081 -7.48823465559 -24.319755826 0.00747071953565
30 6.46835493019 -8.18769779115 -24.6105409124 0.00472977719309
31 7.10270824745 -8.90716707295 -24.8599562871 0.00424250271203
32 7.77548177711 -9.59814280546 -25.0882435738 0.00803765644126
33 8.4506111749 -10.2802659471 -25.3351975972 0.00308024050041
34 9.13553246286 -10.9954452772 -25.3728566776 0.00431191792115
35 9.82112675088 -11.6882848499 -25.5514607256 0.00486642537878
36 10.5290135274 -12.3110448508 -25.8563901162 0.00667446182511
37 11.2320292363 -12.9367944168 -26.1662742965 0.00451238362815
38 12.0065722884 -13.5102907311 -26.3963373616 0.00164246493266
39 12.8051686032 -14.0245167975 -26.6783730091 0.00473349702184
40 13.5434419045 -14.5122770663 -27.124175557 0.00363183969808
41 14.3956607666 -14.8575061114 -27.4931814728 0.00652957403128
42 15.2715335389 -15.16505083 -27.8392860103 0.005135697277
43 16.2038694179 -15.3356150743 -28.1275496917 0.00906328942663
44 17.105572458 -15.499259419 -28.5036809162 0.00267942435087
45 18.0158927816 -15.6731211671 -28.8534887486 0.00632704112004
46 18.9221136601 -15.7349514451 -29.248625616 0.00449938754667
47 19.8444820184 -15.7635259892 -29.6085368177 0.00173515819222
48 19.7985534935 -15.5900320753 -30.5827767212 0.00293428973662
49 19.8296396899 -15.5453269105 -31.5718942547 0.00356051242172
50 19.6689467946 -15.7939432007 -32.5172011984 0.0052667092279
51 19.6109450302 -16.2295172399 -33.4049142829 0.00202138555999
52 19.31958902 -16.4846619141 -34.3165718542 0.00334359445746
53 19.2068190281 -16.9890976928 -35.1614652223 0.00337342707288
54 19.0020548822 -17.532295183 -35.9639306253 0.00575255979482
55 18.842516249 -18.0339002658 -36.8028662002 0.00393807152559
56 18.5738154963 -18.5452197082 -37.6073197217 0.00811496458534
57 18.4053717545 -19.0441993098 -38.4459676587 0.0101314626144
58 18.2872409721 -19.5539681652 -39.2866253654 0.00354962023035
59 18.2304757517 -20.0381608201 -40.1484925188 0.00404732508402
60 18.1466977352 -20.5847983634 -40.9698087404 0.00526898843274
61 18.117259536 -21.1795272697 -41.7608338319 0.00426796252122
62 18.2616486582 -21.585908327 -42.6520597252 0.00440397235785
63 18.4428887484 -21.7851516976 -43.6047916326 0.00629042708256
64 18.6365862977 -21.9215485195 -44.5660529319 0.00331647474378
65 18.9323583398 -22.1040511326 -45.493026868 0.00637211668092
66 19.2678813567 -22.1850375174 -46.4208354668 0.00135825675267
67 19.64489342 -22.2384775189 -47.3345846848 0.00427637081588
68 20.0414020731 -22.4092585881 -48.22534835 0.00447701462172
69 20.5002680277 -22.5606941058 -49.0892130494 0.00762753045184
70 20.8932897376 -22.7690054901 -49.973393646 0.00166662456428
71 21.221334256 -23.1336481269 -50.8330528153 0.00406513768896
72 21.6620853525 -23.3478868135 -51.6929141688 0.0050437456223
73 22.0067038979 -23.6548202754 -52.5683987244 0.0062475919729
74 22.4882380461 -23.849192152 -53.4108108541 0.0129749260889
75 22.912123421 -23.8640447227 -54.3047999391 0.00233141176688
76 23.3036875026 -23.6449607605 -55.1866991412 0.0048865722725
77 23.6733909057 -23.394455835 -56.0696180712 0.00374306315093
78 23.8431409158 -22.9304134661 -56.9267905908 0.00586529083094
79 23.8844318731 -22.5105690273 -57.8216861704 0.00420569111925
80 23.8937866786 -21.781645105 -58.490407138 0.00417913511222
81 23.7415870365 -21.1142179348 -59.2044989849 0.00332710326064
82 23.5899021779 -20.5048557499 -59.9688194952 0.00271419840274
83 23.5486587821 -19.9928084361 -60.814171852 0.00398879454818
84 23.4328049846 -19.5294167754 -61.6803697087 0.00145029446981
85 23.1224451058 -19.1589580435 -62.5434226986 0.00848721630644
86 22.8816696594 -18.8361786565 -63.4468219794 0.00538852675831
87 22.6565257536 -18.5572582046 -64.3686208188 0.00529255180259
88 22.283013747 -18.2915298585 -65.2449449943 0.00442476693654
89 22.0279804617 -18.1577511787 -66.1910374078 0.00688229832586
90 21.8938754381 -18.2171553783 -67.1689975381 0.00298289527023
91 21.7519861477 -18.5061315608 -68.1039783946 0.00391985968414
92 21.7523548814 -18.87666137 -69.0207369473 0.00516571877114
93 21.6537309455 -19.3199766177 -69.8990047336 0.0041349129579
94 21.8457583313 -19.8327198286 -70.7222362422 0.00528531038372
95 21.9758867567 -20.2822152321 -71.5931183412 0.0039544151231
96 22.0904670586 -20.8325428326 -72.4063266407 0.00363096868195
97 22.3871245914 -21.1236718089 -73.3032755233 0.0026811296496
98 22.8332389747 -21.4024643511 -74.1401983393 0.00398036329333
99 23.0526369366 -21.7424919285 -75.0420806228 0.00308444346568
100 23.4201039479 -22.0911977121 -75.8908547217 0.00456055784415
101 23.9303657857 -22.4175546663 -76.6718990454 0.00331774652419
102 24.4136483304 -22.6787554694 -77.4935284133 0.0020687749728
103 24.8872716399 -22.1333788645 -78.1680476837 0.00260728560543
104 25.3128869963 -21.4941501435 -78.7900497206 0.00620689317041
105 25.5667475942 -20.7438645985 -79.3809193923 0.0035280898892
106 26.1220980912 -20.0448528248 -79.8043862192 0.00239245687607
107 26.5967284259 -19.2703342805 -80.1931529311 0.00587749805883
108 26.9675605063 -18.3906796924 -80.4477513868 0.00238867951787
109 27.3970200313 -17.5443961789 -80.7224322829 0.0044290668445
110 27.842177654 -16.6701194697 -80.8383307958 0.00127677257498
111 28.1143794781 -15.7205345752 -80.8274493822 0.00347584240706
112 28.4093630737 -14.7781891143 -80.7988790454 0.00224324470079
113 28.5653029735 -13.8034856574 -80.8367279072 0.00424032961942
114 28.6371398511 -12.8377923204 -81.0316441493 0.00274334215597
115 28.6458868384 -11.8571084407 -81.1492327778 0.00405461600743
116 28.6495563973 -11.5479105919 -81.136074033 0.00249927841527
117 28.3248090536 -10.6814915339 -80.825667367 0.014249538753
118 27.9522100713 -9.78983371561 -80.6930546563 0.003694471146
119 27.7658659539 -8.84098735171 -80.56585081 0.00444508632832
120 27.606042135 -7.9067473173 -80.3365294903 0.0049200655042
121 27.5495845751 -6.95056412424 -80.154593445 0.00264749008913
122 27.4858446825 -6.02069411772 -79.8687482001 0.00557883074265
123 27.9826676293 -5.27103401686 -79.4929052969 0.00472731896445
124 28.4479739643 -4.48385484505 -79.1559266056 0.0041696658709
125 28.8951030173 -3.68430829772 -78.8239489672 0.00531753148913
126 29.248648243 -2.77663570556 -78.8313600853 0.004052977994
127 29.5900985332 -1.87052045167 -78.726517678 0.00499406646974
128 29.6462038501 -0.916732559283 -78.5383422295 0.00165683784523
129 29.1795357612 -0.0642708131716 -78.477973042 0.00765671304804
130 28.4316818346 0.455096618299 -78.1335896301 0.00442911370725
131 27.6172027099 0.987468288668 -78.1530580128 0.0034711368243
132 26.7745017795 1.4558090234 -78.2850744928 0.00667224192729
133 25.9707961317 1.95549348712 -78.5104325519 0.0132191687132
134 25.2147813355 2.5250918509 -78.7325344175 0.00466130526737
135 24.6749763473 3.20836045686 -79.1647661932 0.00593024226144
136 24.169832492 4.03680516292 -79.218631973 0.00768402663312
137 23.5137962861 4.74728010119 -79.1260235451 0.00232786150219
138 22.6146904371 5.11426874946 -79.1047851507 0.00288461872258
139 21.693930432 5.4222699706 -79.1293932794 0.00497926724635
140 20.8835615547 5.91871609943 -79.328663001 0.00763197851396
141 20.1483319126 6.5397555832 -79.2025697538 0.00645146331338
142 19.4180256456 7.09293959597 -78.8827488911 0.00868651816239
143 18.5584748074 7.4986599463 -78.6895417816 0.00524171200539
144 17.6190493338 7.73759154455 -78.7144223649 0.00521193215646
145 16.7296623663 8.01718897747 -78.9801494433 0.00552134171739
146 15.8375305207 8.20502602645 -79.3089500874 0.00450233285522
147 14.8907877354 8.17628979726 -79.5129772606 0.00495000109101
148 13.9429757948 7.97993951184 -79.4764733198 0.00454237689479
149 13.1840127225 7.47040678067 -79.7962046105 0.00604151035353
150 12.5512902046 6.74220351948 -79.7153876781 0.00717253533922
151 12.1047110026 5.90378993127 -79.5308555256 0.0108556913127
152 11.751089417 5.08167960224 -79.1641863103 0.00573407825612
153 11.3667168353 4.22445453824 -78.9360240088 0.00374727215167
154 12.0679039635 3.60430008129 -78.6952606328 0.00218617690784
155 12.412497185 2.91724422569 -78.1091670776 0.00480660298488
156 12.4965088426 2.79237476027 -78.0003439947 0.00171949778203
157 13.3210229081 2.45531435456 -77.7097600771 0.00373952347188
158 14.2082163924 2.18687950968 -77.577874447 0.00635597800433
159 15.1149226432 2.27580080945 -77.366811813 0.0470314794078
160 15.9793713604 2.60430554283 -77.3195712922 0.00583486306283
161 16.4880087189 3.36639748388 -77.1948014551 0.00398396778762
162 17.1551751616 3.95745529984 -76.9518307449 0.00635885394177
163 17.519865988 4.73462431601 -76.6143336372 0.00315781143336
164 17.3536846914 5.34705500266 -75.9453101185 0.0105499393987
165 17.2602093138 5.95885130424 -75.2652227231 0.00672905874765
166 17.1096781659 6.60824189388 -74.6344642553 0.00513949514328
167 16.8633099835 7.37301140242 -74.1943962756 0.00393011014097
168 16.6667642092 8.0745592529 -73.64054915 0.00532683940905
169 16.3480182985 8.88350709881 -73.3607874015 0.00536659282343
170 16.7410168912 9.02809525669 -72.549897028 0.00635128841698
171 17.3689648123 9.36441309256 -71.9831592402 0.00498280445495
172 17.835029805 9.87507484686 -71.3933077775 0.00692896629952
173 18.1582035928 9.51582957792 -70.6257946423 0.00115727453065
174 18.2439625814 8.98414822927 -69.8966116035 0.0027082081545
175 18.0943568968 8.10977607117 -69.7179649754 0.00864075717851
176 18.2427047447 7.28643035182 -69.3805435564 0.00575851135915
177 18.574881323 6.46922334796 -69.2024757484 0.00523668648481
178 19.2260585926 5.85214667345 -69.2418414025 0.0080583932015
179 19.1674272091 6.58811767032 -68.7353588742 0.00182190335228
180 19.1443353604 7.36462428904 -68.291872327 0.00416044416808
181 18.7459267288 8.11309715669 -68.0126880862 0.00584984434113
182 18.236560738 8.5417563591 -67.4209068992 0.00589520794458
183 17.8899508603 8.71046683217 -66.6201428285 0.00507818500222
184 17.1445470734 8.91048703474 -66.1855362154 0.0050574403746
185 16.4084306366 8.78017726927 -65.7146890328 0.00946108029663
186 15.9944084529 8.56125143494 -64.9701944536 0.00604070312478
187 15.7863810332 7.84017159375 -64.5185857835 0.00296411787911
188 15.8803561268 7.07476636545 -64.1066393086 0.00304498304876
189 15.9676135447 6.21815152913 -63.9664012164 0.00487457792592
190 16.1149480189 5.3610456511 -63.9615253116 0.0072710598776
191 15.7583953849 5.47126454099 -63.1792802452 0.00436859848083
192 15.3151993403 5.65234138861 -62.4601271395 0.00798919709267
193 14.5343943055 5.50410320138 -62.1363758371 0.00520721998229
194 14.4283591338 5.48936917285 -61.2870882939 0.00543390269619
195 14.0042044517 5.28928672379 -60.5759160788 0.00678008188866
196 14.0359977879 5.38875101662 -59.734889332 0.00665846104291
197 14.1895740258 5.50682536797 -58.9150452433 0.00827757977395
198 14.4493233594 5.28594076366 -58.1521461236 0.0033825771009
199 14.9066477068 5.68415310874 -57.5821680209 0.0029153018859
200 14.8168127004 5.87999596926 -56.7801690508 0.00421671026449
201 14.6603499405 5.9835677723 -55.9750209531 0.00694862597478
202 14.9793796754 5.91513307416 -55.2226349576 0.00971351257721
203 15.2813933999 5.71301070306 -54.4983891054 0.0123872685956
204 15.0384778557 5.96333499532 -53.7854360989 0.0153105792734
205 14.3682866976 6.33302475505 -53.6808481302 0.00369966959131
206 14.4816099637 6.9120887962 -54.1722076963 0.00583471093223
207 14.3656935538 7.66070562974 -54.1346557826 0.00546541611805
208 13.6312745717 7.8094936581 -54.1067259006 0.00653105170872
209 13.1756417256 7.26479384388 -53.9017477606 0.00820492265622
210 13.0816400978 6.76400268319 -54.4177865154 0.0114487055771
211 12.9883369441 7.25369615939 -54.9128633191 0.0189995974367
212 12.4849795744 7.61435516574 -54.6926845611 0.0090884128784
213 12.3159223361 8.10082491724 -54.3258117759 0.0137763932858
214 12.223692268 8.68143352396 -54.3375243233 0.0221580494922
215 12.2095513707 9.112123744 -54.0830200179 0.00774401301309
216 12.2885957152 9.50479588053 -54.3169042806 0.0384791772731
217 12.0673082325 9.49967106864 -54.2308341186 0.00854354246562
218 11.9781343731 9.59290647576 -54.3728428376 0.0190262701869
219 12.0066006971 9.64259132486 -54.2884667119 0.0127624300759
220 11.9908794279 9.61562035666 -54.3326783652 0.00838397338664
221 12.0007917009 9.59984355385 -54.3545260935 0.00546943478842
222 12.0091792843 9.60547182479 -54.3427239069 0.0113018595647
