0 -0.86735571353 0.457335470247 -0.159512926891 0.00695126773086
1 -1.76306736656 0.85720600174 -0.316518381166 0.0034876698638
2 -2.64183661531 1.3029055566 -0.442737186676 0.00415736790367
3 -3.54019462315 1.68021142972 -0.636067805352 0.00227042553455
4 -4.44830923492 2.08058070707 -0.678357178913 0.00788397323637
5 -5.37934945064 2.41663729399 -0.761536376566 0.00403956679195
6 -6.30872038947 2.74705551941 -0.87878965467 0.00449085955684
7 -7.28149056832 2.91362026155 -0.990992762497 0.00449469214933
8 -8.26289908447 3.05082108479 -1.0587199853 0.00634884562477
9 -9.23657347225 3.09714427729 -1.24934223929 0.00472907030588
10 -10.1900233294 3.11295899686 -1.52714570648 0.0093041304587
11 -11.1090987926 3.17356129764 -1.8986957041 0.00130240046592
12 -12.0560605574 3.16036896601 -2.19784175179 0.00668488644926
13 -12.9800459418 2.99603687437 -2.52278485275 0.00201140067285
14 -13.9006687908 2.79213814754 -2.83455511636 0.00606053230143
15 -14.8283964323 2.51461500724 -3.05491295116 0.00241665319777
16 -15.7565523514 2.23829902769 -3.27493355098 0.00321932986821
17 -16.6365303624 1.77877450527 -3.30078381236 0.00959694678517
18 -17.4932681508 1.27692410054 -3.31658254007 0.00576501052749
19 -18.3885603294 0.847534050101 -3.30539581333 0.00451816746782
20 -19.247413149 0.349908886193 -3.33273940888 0.00250478434381
21 -20.1296551678 -0.0913967865416 -3.4462476858 0.00317541944515
22 -20.9836850959 -0.580639778662 -3.5775142215 0.00760247760204
23 -21.7850864359 -1.14630207578 -3.73135776288 0.00221575555378
24 -22.5947312369 -1.72092032742 -3.74352975299 0.00324816956744
25 -23.3273047708 -2.37049763029 -3.90851315714 0.00375647734865
26 -23.9982433876 -3.06873616076 -4.12784677076 0.00349499752556
27 -24.5706351895 -3.81733060428 -4.44050453351 0.00553242404733
28 -25.1474580724 -4.43504658703 -4.7162926178 0.00234697064202
29 -25.7285156898 -5.16054198593 -5.06465978579 0.00245382514423
30 -26.1485095876 -6.01118376132 -5.35674029763 0.00465757752946
31 -26.4380404677 -6.91691055449 -5.64148484832 0.00407344020883
32 -26.7493239038 -7.76122452701 -6.06037225728 0.00192282683393
33 -27.0017657993 -8.63712659716 -6.45314917398 0.00532338751881
34 -27.1883427203 -9.4740106762 -6.95313710107 0.00533090749458
35 -27.2955877617 -10.3205744328 -7.46003798039 0.00353600257871
36 -27.4392986323 -11.1430997804 -7.99659206437 0.00438504601534
37 -27.5097764462 -11.9745963926 -8.53389231605 0.00619018813468
38 -27.6479604415 -12.8032360289 -9.06232320135 0.0038687797672
39 -27.6909840769 -13.5812914123 -9.6769291091 0.00527849834239
40 -27.4995218392 -14.2775685123 -10.3577137539 0.00288365937003
41 -27.278717691 -15.0192872495 -10.9789831221 0.00561497889828
42 -27.0069183219 -15.7214130653 -11.6254884639 0.00402271258328
43 -26.8153242773 -16.4424836861 -12.2798070594 0.00616411391645
44 -26.6529887557 -17.1338391433 -12.9729198944 0.00492068509066
45 -26.5176714651 -17.8052138258 -13.6909946416 0.00597594095814
46 -26.2650025817 -18.5071785058 -14.3452130899 0.00935555160618
47 -25.9585065656 -19.2407413588 -14.9388628734 0.00826465257222
48 -25.6046866752 -19.9270615021 -15.5618936469 0.00409852820178
49 -25.2491257466 -20.6372331693 -16.1565098884 0.0030933970346
50 -24.808842285 -21.3050387633 -16.7434379641 0.00470928532775
51 -24.2405584331 -21.8266929324 -17.3672865994 0.00220072782325
52 -23.6520600703 -22.0200131438 -17.7568188092 0.000831762606855
53 -22.7625334578 -22.4283657052 -17.8612555287 0.003707164123
54 -21.824582607 -22.6755726323 -18.0284030478 0.00682489029667
55 -20.8716850887 -22.8818440728 -18.1625806736 0.00783965937988
56 -19.9380780335 -22.9729201012 -18.4599327206 0.00398612552389
57 -19.0578317941 -23.1130117284 -18.8768082655 0.00308297926544
58 -18.2589091478 -23.3290381534 -19.4090232375 0.00442103324229
59 -17.4353392649 -23.7506805538 -19.7435360606 0.00473553738165
60 -16.8052419169 -24.4423756127 -20.0473548161 0.00229890650866
61 -16.0359506276 -25.0517643242 -19.9804500945 0.00420044341266
62 -15.2693521555 -25.666522455 -19.9370049008 0.00240691429268
63 -14.4210361088 -26.1265909546 -19.7469581185 0.00716359763382
64 -13.4972291657 -26.4031480558 -19.5539329347 0.00586671242091
65 -12.5390572184 -26.5142249721 -19.3628449103 0.00296596592111
66 -11.5886243879 -26.6027340109 -19.1268553009 0.00393297489378
67 -10.6404754253 -26.3626338241 -19.0266532884 0.00277934022117
68 -9.72747747628 -26.0098388374 -19.1190681344 0.00343838958012
69 -8.90766914169 -25.4960769046 -18.9446656634 0.0058351179373
70 -8.06974467242 -25.1125926528 -18.6024600266 0.00386424520905
71 -7.21550521202 -24.763679946 -18.2638334283 0.00157068900159
72 -6.51485108351 -24.1956055223 -17.8733591504 0.00572639195964
73 -5.85246692275 -23.6252543251 -17.4240825792 0.00158148339279
74 -4.96627583727 -23.4112235188 -17.0571253036 0.00375359829983
75 -4.10183941992 -23.1386147327 -16.6775276687 0.013789350394
76 -3.48827745026 -22.7106701609 -16.0406013496 0.0044911248975
77 -2.64158599915 -22.4350737021 -15.625742692 0.00352787571824
78 -1.92690244984 -21.9777738775 -15.1308158478 0.00245668194696
79 -1.24578599211 -21.5779462467 -14.5468425785 0.00251813947999
80 -0.455726065098 -21.1269752432 -14.1766956897 0.008444208348
81 0.152915624761 -20.648861799 -13.5722692788 0.00404367872692
82 0.615887797031 -20.086506397 -12.9137446627 0.00561689250376
83 0.984308037593 -19.36910533 -12.3538060196 0.00342739367281
84 1.35793898819 -18.6741713728 -11.7696255094 0.00396507152498
85 1.82310542488 -17.9132509101 -11.3595759213 0.00200032186774
86 2.05538582495 -17.0508837586 -10.9523892949 0.00320180883941
87 2.30491958679 -16.2389313498 -10.4606503049 0.0132701267779
88 2.52727400109 -15.4007978318 -10.00149329 0.00218037783593
89 2.61801895796 -14.5244131353 -9.56982683869 0.009212144498
90 2.24062858914 -13.73175354 -9.13225054567 0.00283294794456
91 1.73187734031 -12.97745195 -8.76586377983 0.00317149396916
92 1.18854514119 -12.3536081321 -8.23899109911 0.00593857666259
93 0.745074137264 -11.7556891505 -7.60053824829 0.00446602874627
94 0.281868719606 -11.0950241816 -7.04332757306 0.00123469690346
95 -0.560035701468 -10.8264097641 -6.61856992463 0.00441433484318
96 -0.821739211545 -10.9357612964 -5.67985255617 0.0017344296454
97 -1.0584940304 -10.5746440194 -4.79949777 0.00332731940895
98 -1.48781221992 -10.3720110764 -3.94163780294 0.0036074850998
99 -1.09814127049 -11.0847032634 -3.39295268187 0.00733039844704
100 -0.704165805373 -11.8366875308 -2.90332930646 0.00368605128627
101 -0.143448238906 -12.4684602564 -2.40663095198 0.0054736589916
102 0.451099341944 -13.0180822758 -1.85486525258 0.00884419211872
103 0.969897712077 -13.6345988807 -1.29779438378 0.00403925050788
104 1.64559418836 -14.0526929031 -0.725073565502 0.00217926185445
105 2.30428486472 -14.4324477727 -0.107647176969 0.00136002652536
106 2.98651988644 -14.7576303638 0.515288258754 0.00469424420132
107 3.70379235645 -15.2134728308 1.00171622144 0.0014992712379
108 3.51002008179 -15.6887903237 1.83577784732 0.00272886960257
109 3.38947569502 -16.0968427984 2.71782741102 0.00252582289411
110 2.97493153383 -16.1152059007 3.60481022567 0.00373352010712
111 2.64017351863 -16.1023602636 4.52488638235 0.0047563607724
112 2.29656794173 -16.1617591082 5.43971655007 0.00505308489876
113 2.18494125715 -16.1070470291 6.41072546552 0.00328513665856
114 2.03741543081 -15.7702753703 7.31784547763 0.00121711046491
115 1.89025427677 -15.2889274019 8.15721421887 0.00312688782637
116 1.64968964154 -14.8290318343 8.98687247504 0.00459677417971
117 1.11276851623 -14.2605179964 9.57484027099 0.00370777240876
118 0.596198660625 -13.7674446703 10.2434952997 0.00346429653726
119 0.278607023246 -13.2762182166 11.0276042852 0.00371111023279
120 -0.399004574739 -12.9082052196 11.6292702615 0.00660655154351
121 -1.21904313385 -12.7881770902 12.1481831432 0.00136629597193
122 -1.97691932772 -13.1360239404 12.658751922 0.0040039299685
123 -2.73060572015 -13.6028527234 13.0707921235 0.00250467450062
124 -3.48377142552 -14.0740026251 13.4786616684 0.00490278463456
125 -4.14761885648 -14.6812162007 13.8606144567 0.0101592622873
126 -4.70765923752 -15.2755259897 14.3972096993 0.0077831482513
127 -5.10921284605 -16.0891547094 14.759068047 0.0046779958492
128 -5.20543025281 -17.0435867735 14.9423946196 0.00443435999096
129 -5.06517442589 -17.9724407535 14.6757230589 0.00379392155197
130 -5.09640845428 -18.8828445568 14.3242355644 0.00471906438959
131 -4.7793029934 -19.745163924 13.9942560965 0.00646822691157
132 -4.55698564214 -20.648024501 13.6975846078 0.00423339114956
133 -4.4090787531 -21.4370254191 13.14251924 0.00324853002442
134 -4.21133228412 -22.1627095719 12.5207285284 0.00792470281979
135 -3.95336467744 -22.9270003066 11.9720469178 0.00175826323623
136 -3.78683149981 -23.7522542071 11.4793066113 0.00474209775615
137 -3.64557276407 -24.5579641254 10.9481244133 0.00490350331605
138 -3.29805451153 -25.3058456505 10.4277105549 0.00504505594632
139 -2.97433520935 -26.098384049 9.96121896916 0.00306393760579
140 -2.35872227206 -26.7534753047 9.584232035 0.00516629671523
141 -1.75021885212 -27.4296858608 9.23449313984 0.00228180876555
142 -1.01424784052 -27.9950457965 8.93721508362 0.00468793042923
143 -0.172949323817 -28.4115638953 8.67639326064 0.00457662709066
144 -0.0776282979376 -28.4326885151 8.64336718041 0.000263791009512
145 0.77963248982 -28.3258797719 8.20241881859 0.00135247290605
146 1.71650349554 -28.4528534534 7.98652396691 0.00376172358885
147 2.62109608917 -28.6568205793 7.70325252232 0.0040471392198
148 3.47530852135 -28.9143181897 7.32401395483 0.00300363733313
149 4.41012507101 -28.9699598052 7.07411487965 0.00371882620216
150 5.36051295531 -28.8519626452 6.92627359945 0.00657309464385
151 6.29690103355 -28.6099948597 6.87180157343 0.0038644543674
152 6.69112429307 -27.8095017692 6.49511741484 0.00626674890104
153 6.89305068052 -27.7812149857 5.54818558561 0.00512810569513
154 7.38766197941 -27.8057747844 4.7161634269 0.00529567716252
155 7.99431399308 -27.6465756672 3.97899654026 0.0224027275808
156 8.67071594905 -27.2450595336 3.41744374662 0.003205115054
157 9.35445071724 -27.0284874761 2.76980761339 0.00714512137227
158 10.2117904127 -26.8184430471 2.37795279838 0.00202664310569
159 11.0263131256 -26.6260960627 1.89617690847 0.00419603522705
160 11.8962366122 -26.6354093795 1.47768354402 0.00375971780827
161 12.8077985431 -26.449031211 1.22130370518 0.00275169417496
162 13.7489952509 -26.4350434748 1.00915233254 0.00458440786985
163 14.6237208721 -26.2270289744 0.659624371251 0.00620532932489
164 15.3049019628 -25.6643049385 0.273386141346 0.00574857480345
165 16.0553217107 -25.2334460591 0.698107019203 0.00350492074934
166 16.84272294 -24.8182318013 1.06722920857 0.0070940857363
167 17.7169726835 -24.4930118887 1.30713389601 0.00306916568193
168 18.4384153726 -23.9314985797 1.6096131408 0.00694440977244
169 18.8643190694 -23.1336903099 1.93895652927 0.00283633936578
170 19.2966432384 -22.3480626333 2.2880616226 0.00151388797423
171 19.6135151856 -21.5067694569 2.6309820356 0.00677905754326
172 20.0070395888 -20.776856193 3.11817003883 0.00185671008514
173 20.3736018438 -19.9777850704 3.50770136422 0.00413449371765
174 20.6643482491 -19.0953771733 3.75414909215 0.00318074261921
175 20.5676732991 -18.1563381905 3.93381390649 0.00493765396678
176 20.3829143376 -17.4143308229 4.51552498309 0.00298255966361
177 20.3396529352 -16.7163378454 5.17409900017 0.00849323496155
178 20.3260523047 -15.9864490226 5.79742528595 0.0050857902899
179 20.1616782833 -15.1236917999 6.18342149555 0.0043549475552
180 19.9409246939 -14.3022042622 6.62633778112 0.00336994610619
181 20.0637875352 -13.6293343556 7.29843636405 0.00458229685598
182 20.2745207841 -12.8707121987 7.84498318658 0.00613538660607
183 19.7352788503 -12.1043670989 8.04300177683 0.00282984878868
184 19.0238405422 -11.7513252829 8.57813948556 0.00408554875349
185 18.2767261344 -11.4672523598 9.10500509121 0.00259878214201
186 17.5165324308 -11.349597735 9.67452874153 0.00689802551845
187 16.7044794277 -11.3172871343 10.1788549878 0.00478038436374
188 15.8834180767 -11.4758815715 10.6421438555 0.00545486650147
189 15.304950066 -11.9566454991 11.231548969 0.00434842500549
190 14.8286738456 -12.0678515963 12.0523097047 0.00262114603383
191 14.1405864633 -12.1226697278 12.7122797652 0.00449218552722
192 13.4712360228 -12.0482271868 13.3887895292 0.0055013981016
193 12.8330070978 -12.2488947724 14.0689461161 0.00855470081292
194 12.1442297237 -12.1864491285 14.7248544692 0.00563243337813
195 11.7168256098 -11.6358905547 15.3741782041 0.00369594730274
196 11.1892056275 -11.4504638975 16.145005057 0.0026270947354
197 10.8121635628 -11.3537171436 17.0139935317 0.00765082399968
198 10.3865631447 -11.4053748879 17.863250934 0.00348080529718
199 9.73599907746 -11.476590858 18.5529023635 0.00460739273998
200 9.21564463336 -12.1779636884 18.9266834483 0.00474815604306
201 9.32907315993 -13.0686315403 19.2351390249 0.00308499236753
202 9.61467852326 -13.8550505134 19.6832082193 0.00490748428028
203 10.1840269511 -14.6083454982 19.7713256723 0.00315604739517
204 10.9895921865 -15.1079770837 19.7625432075 0.00384918478102
205 11.7479890913 -15.6700956617 19.843929518 0.0132387401169
206 12.5084589038 -16.2271573505 19.9212496845 0.00371111393278
207 13.4127220502 -16.4403060075 19.7462775209 0.00219330265625
208 12.8300871994 -16.6206955888 19.023752876 0.00332092292376
209 12.2095906622 -16.9566433986 18.3951691925 0.00124581779481
210 11.453734741 -17.1964506163 17.8817259854 0.00451043166005
211 10.6796912427 -17.2477443782 17.3436117343 0.00379379611656
212 9.78127374885 -17.3442892447 17.0725111836 0.0191938404042
213 8.93633208575 -17.0944810945 16.7431736028 0.0145203385996
214 8.12421567137 -16.7060191391 16.4785226225 0.00452345770946
215 7.25513435197 -16.9749914281 16.7052722655 0.005015604297
216 6.39906708096 -17.1019197802 17.0640133627 0.00332339198129
217 5.60485841944 -17.4513923481 17.4157230976 0.00409873606169
218 4.82402380371 -17.8355961625 17.7591716795 0.00173489458564
219 4.17441156572 -18.1687536166 17.1742236536 0.00278898580623
220 3.76488834521 -18.9904809299 17.3493648972 0.00680631595083
221 3.17583883063 -19.6879276606 17.5441494755 0.00700350446953
222 2.99579692178 -20.5902126276 17.6937060382 0.00310564981814
223 2.70586747653 -21.4048307361 18.0406129645 0.00394628289963
224 2.94675735188 -22.0168321243 18.6999120749 0.00487874987874
225 3.00645795534 -22.6077723204 19.4160565666 0.00298169072343
226 3.18596767015 -23.134418163 20.1610688677 0.00507048228649
227 3.9893300635 -23.5992979773 20.1645194805 0.00708706245729
228 3.55869011946 -24.3781866492 19.9061070846 0.00377721151068
229 2.97026798068 -25.0776518987 19.758483854 0.0038199110974
230 2.57248144703 -25.8458305572 20.0864877727 0.00445705980937
231 2.43744830013 -26.5106428601 20.7145837066 0.00649271259512
232 2.51745809871 -27.2589882308 21.2487042832 0.0084147574401
233 3.07753254141 -27.5027068293 21.93816528 0.0104499871853
234 3.56685930617 -27.6116439823 22.7079652843 0.00236275899675
235 3.84375751027 -27.8214543777 23.5579033658 0.00469721933289
236 3.97474962692 -28.2717927367 24.3456894792 0.00460530384048
237 4.80311843618 -27.962505233 24.5803142057 0.00801264261024
238 5.58251190253 -27.8088780665 25.0298533447 0.00425032291458
239 6.20873227319 -27.2888740772 25.4400278983 0.00544689358638
240 6.77901191729 -26.6001460929 25.607089616 0.00501401864706
241 7.3372400149 -25.907235267 25.4256115214 0.00395681978669
242 7.52914319415 -25.9778499131 24.5409907985 0.00299710032641
243 7.58784201689 -26.1273716382 23.6483169168 0.00401144445124
244 7.35862427602 -26.1089997366 22.7723338326 0.00676638027111
245 6.80704592467 -25.9673848591 22.071563986 0.00594057368444
246 6.13253458644 -25.8299473848 21.4907400997 0.00713536412169
247 5.80887590788 -25.4382165181 20.7498400361 0.00971583789209
248 5.36620430332 -25.0586943079 20.0714171158 0.0208583376857
249 5.12977703738 -24.8683600222 19.2388030877 0.0039000907537
250 4.77609913461 -25.0005979043 18.4391142481 0.00783802261945
251 4.23769690176 -24.9249661309 17.746687295 0.0044118115882
252 4.93358997771 -25.3149347583 18.1124756991 0.00333819584796
253 5.46476595341 -25.5732793252 18.7599194796 0.00284760240386
254 6.25184137295 -25.2511078961 18.9624159892 0.00457211269146
255 6.79548547758 -25.0255857074 18.3183454658 0.00139458143654
256 7.14388333829 -25.063002796 17.5196854715 0.00540126946112
257 7.36010763844 -25.0480330467 16.6778533008 0.00607512841429
258 8.09060285086 -25.0599270699 16.2150774012 0.00893324989243
259 8.87425384438 -24.9651580206 15.8758758691 0.00498630235888
260 9.55286834567 -24.8516457411 15.3662492356 0.0029991144607
261 10.0586563142 -24.8369937063 14.677466179 0.00597031195163
262 10.3490688289 -24.3869934675 14.0167908623 0.00565661113757
263 10.513977711 -23.9868404838 13.2891607796 0.00344156354181
264 10.2353144551 -23.3197929123 12.8548898788 0.00728395352404
265 9.77921050967 -22.7835812582 12.4008486015 0.00860327965891
266 8.99733916704 -22.5582300878 12.2366012384 0.00414633113881
267 8.30542126719 -22.2194517636 12.5362031824 0.00963018178612
268 8.34730370349 -22.1485524453 12.2385355656 0.00291025671132
269 8.58111359322 -22.560878493 11.6907155579 0.00524651977777
270 8.26132847181 -22.7069100981 11.0685096742 0.00934860812215
271 8.28042616799 -22.1612879027 10.6390969078 0.0117602071666
272 7.62578296043 -22.2815642204 10.6705642076 0.00611545337142
273 7.02767919159 -22.2433437194 10.9237289257 0.00846034570393
274 7.15016883176 -22.129052101 11.5285382855 0.00836853987203
275 7.15993434285 -21.6226503818 11.8508216305 0.00854200808782
276 6.80471369476 -22.0574952653 11.7515215213 0.0140772447034
277 6.78194807694 -22.4600128389 12.070773801 0.0184726332132
278 7.05687382126 -22.5595742606 12.37984371 0.0131070971026
279 6.80586324179 -22.4047748795 12.5585560973 0.0126875156979
280 6.93309887301 -22.3316161185 12.7804597807 0.013270859524
281 7.00016856365 -22.2140671106 12.9186633171 0.00941791879809
282 7.08286374925 -22.1746741943 12.8043654056 0.00383328323239
283 7.13978385972 -22.0720726283 12.752199756 0.0174119711862
284 7.10114046298 -22.0479858114 12.7145367983 0.00373815374096
285 7.10003019543 -22.0326406874 12.758278632 0.00248342909571
286 7.07703871619 -22.0501094602 12.7329826726 0.0140635652424
287 7.07779544318 -22.0454050052 12.7373631345 0.00629882631496
