0 -0.228825199257 -0.61000063396 -0.750040821685 0.00244949667006
1 -0.45278828243 -1.14859677095 -1.55426430847 0.00438199524095
2 -0.558302123818 -1.7402834012 -2.34530968948 0.00470275406136
3 -0.485459917291 -2.16595273092 -3.24000352311 0.00309749693321
4 -0.394178113201 -2.6494503298 -4.10304265764 0.00822186339959
5 -0.038202774542 -3.13442136279 -4.89356563802 0.00592601920076
6 0.399251114693 -3.45211543928 -5.7269387436 0.00358396035132
7 0.756007930726 -3.76729666829 -6.59881893228 0.00559739672032
8 1.07787414542 -4.03342217253 -7.50011354752 0.0048429094202
9 1.49363456065 -4.27850850211 -8.36831462746 0.00379147190561
10 1.87942999013 -4.56838890712 -9.23652834125 0.0250196807927
11 2.28933120459 -4.82869730462 -10.1029348977 0.00341577316756
12 2.63021987318 -4.85898637059 -11.0353047568 0.00292327256761
13 2.85042657178 -4.83978044204 -12.0035843574 0.00304727346209
14 3.08200598232 -4.83000437352 -12.9693337189 0.00394015405078
15 3.31880745842 -4.82768057785 -13.9338437461 0.00388797507136
16 3.33936961157 -4.75661305839 -14.924228845 0.00464388661831
17 3.27656050542 -4.68655538187 -15.9128842414 0.00477388540865
18 3.13825191247 -4.55903144704 -16.887999941 0.0033510968906
19 2.94215897602 -4.44187932968 -17.8544522936 0.00673591225366
20 2.67027065063 -4.33792344029 -18.8038766311 0.00351784956819
21 2.36935902729 -4.20424833432 -19.7407230407 0.00674260985066
22 2.06539447748 -3.90870359402 -20.6386519327 0.00478256136811
23 1.78291401068 -3.56011472818 -21.5244608126 0.00313196290415
24 1.44331264253 -3.29850042262 -22.4201001765 0.00422668638406
25 1.19171599069 -3.06692328841 -23.3522951935 0.00957398546428
26 0.999694903759 -2.86556093163 -24.3054030189 0.00609319441306
27 0.797168540832 -2.71546680744 -25.2657322816 0.0053702357308
28 0.531147760763 -2.5812189058 -26.2127957484 0.00781394776569
29 0.311969570636 -2.34545450318 -27.1519518185 0.00491427402571
30 0.153627980992 -2.17038195249 -28.1162538922 0.00314744725585
31 0.0249556048032 -2.12696595183 -29.0996852193 0.00144931410295
32 -0.111880274705 -2.1109111265 -30.082834383 0.00486635802245
33 -0.299157963372 -2.09681932634 -31.0576368165 0.00293969372147
34 -0.502716010863 -2.0711214655 -32.0289162551 0.0116797583284
35 -0.758479983212 -2.1393326181 -32.9856223174 0.0026921334553
36 -0.95526717697 -2.13805165037 -33.9585600749 0.00104724674691
37 -0.987937080289 -2.27774050005 -34.940776048 0.00425899582552
38 -1.04125075415 -2.33820550587 -35.9301141585 0.00555025616082
39 -1.16568996502 -2.37806440585 -36.9140625318 0.00396766304978
40 -1.25576075459 -2.40784496369 -37.9020855263 0.0057076192602
41 -1.26653439074 -2.32496528001 -38.8910975865 0.00368096576551
42 -1.45791669309 -2.35400359671 -39.8645518336 0.00363480497726
43 -1.69898752243 -2.37026935504 -40.8271837467 0.0109008232884
44 -1.94645377784 -2.3120320201 -41.7865018579 0.00325780097072
45 -2.45048544502 -2.22576705964 -42.6370000588 0.00513976848564
46 -2.8636916503 -2.28152043968 -43.5375310357 0.00652517350817
47 -3.23126083807 -2.40314114284 -44.4512270884 0.00535215042549
48 -3.58249060211 -2.58296043844 -45.3617114825 0.00523870048309
49 -3.96353765444 -2.75935397672 -46.2607691035 0.00558646796636
50 -4.30025665984 -2.97803444866 -47.1681595576 0.00674895021475
51 -4.4969287885 -3.32276093371 -48.0775372339 0.00830631901107
52 -4.64103763186 -3.74736718933 -48.9625916183 0.00285237789941
53 -4.66095014963 -4.24922951189 -49.8182030123 0.00623450690443
54 -4.72481657285 -4.82669538815 -50.6223756005 0.00317470628434
55 -4.85709043988 -5.50881969878 -51.330453248 0.00660108408261
56 -4.78048554155 -6.11756948089 -52.1099862316 0.011206649233
57 -4.70022575224 -6.69795026096 -52.9104305864 0.00534140411859
58 -4.51709715936 -7.34410814936 -53.6403937776 0.00415620541646
59 -4.30321543837 -7.98360985504 -54.3678168182 0.00956954140121
60 -3.9750606025 -8.6628501523 -55.0117525408 0.00201416727736
61 -3.5130754746 -9.26577392507 -55.6495082936 0.00561886883036
62 -2.91901254019 -9.77214921525 -56.2612893037 0.00248920107036
63 -2.41070378535 -10.2660177305 -56.9550603862 0.00590296219791
64 -1.84664563732 -10.7799634436 -57.5884686119 0.00359727379465
65 -1.23807689742 -11.4292207894 -58.0260914461 0.00506043869746
66 -0.582137223901 -12.0878964217 -58.3713612168 0.00290486361485
67 0.0978337500468 -12.7166477427 -58.725759975 0.00285495859653
68 0.644331332558 -13.3836409449 -58.2361231242 0.00381723616283
69 1.17415485355 -14.0255870197 -57.6971958732 0.00537954013496
70 1.78657188868 -14.5386273772 -57.1098858648 0.0128176424319
71 2.14242615936 -15.078916592 -56.3585180696 0.00750311864624
72 2.61534133069 -15.6083309702 -55.6663844434 0.00396647244521
73 3.09746703836 -16.1390052424 -54.9816489666 0.0070006780567
74 3.65326031761 -16.6439028946 -54.3343549462 0.00548281741771
75 4.21953658071 -17.1780837175 -53.7205837946 0.00440406344223
76 4.84293487889 -17.761684407 -53.2171721463 0.00182776713296
77 5.49353343242 -18.3952256262 -52.8197641855 0.00392181316762
78 6.04699644026 -19.1142095532 -52.4206716603 0.00153802506187
79 6.65844968634 -19.6982208693 -51.9033698156 0.00278818726921
80 7.35314480789 -20.16849867 -51.3754030847 0.00394187310896
81 8.1438743176 -20.6131076719 -50.9760379936 0.00410710155411
82 8.91499532051 -21.1097698518 -50.6004575519 0.00475401279391
83 9.72923481875 -21.5589769292 -50.2576504243 0.00364606555273
84 10.6276188922 -21.8679099981 -49.9753478947 0.0210201850469
85 11.5618432622 -22.1222423814 -49.7644818204 0.00618449123868
86 12.4870493581 -22.4306104016 -49.5891661568 0.00517259788583
87 13.4471773066 -22.6710229488 -49.5432732208 0.0107548403244
88 14.3988741149 -22.8382535587 -49.7621709842 0.00484560401792
89 15.3868534588 -22.911502795 -49.7695855786 0.00627845789645
90 16.3704108842 -22.8757829656 -49.882609387 0.00212596872068
91 17.3271325044 -23.1326968313 -49.8737123948 0.00972635201658
92 18.3078046861 -23.2342677424 -49.7776709712 0.00345460935575
93 19.2776357785 -23.0965083701 -49.630495048 0.00283476751734
94 20.2318125484 -22.8592797886 -49.510348858 0.00388458970452
95 21.1149212696 -22.4212010654 -49.4138525925 0.00322923579602
96 21.9580087241 -21.9032274927 -49.4581366857 0.00245866736083
97 22.7788415652 -21.3650170489 -49.5907440453 0.0042648624151
98 23.635830629 -20.8938580603 -49.7473893156 0.0042298541452
99 24.5240820333 -20.5223339659 -49.9795155307 0.00675240530894
100 25.3439909574 -20.0178478374 -50.2119848612 0.0023355343441
101 26.0484508735 -19.4122774363 -50.5552108665 0.0117023968517
102 26.7033684642 -18.8079618566 -50.9870767631 0.00492564111703
103 26.8398984787 -18.125766227 -50.5631418148 0.0041608201417
104 27.140382429 -17.3376984683 -50.0443675634 0.00243508849261
105 27.4254617486 -16.4873420097 -49.6248181476 0.00375602261367
106 27.6512484791 -15.6751657753 -49.105434817 0.00337820992666
107 27.7654413423 -14.8964376045 -48.5046957865 0.003614463752
108 27.781288438 -14.0673648037 -47.9637239184 0.00154964806187
109 27.7418998405 -13.1802105115 -47.5259912487 0.00341920257053
110 27.4947145157 -12.3505672843 -47.0456237559 0.00290104004742
111 27.3193467017 -11.5708159444 -46.4613419066 0.00976870584156
112 27.0318039028 -10.9125478081 -45.7801414376 0.00417146676345
113 26.6386012354 -10.2300742193 -45.1805181592 0.00373915797777
114 26.2018377711 -9.79815647432 -44.404224119 0.00137431586408
115 25.7232586389 -9.4236583459 -43.622789141 0.00291950467027
116 25.2178288884 -9.19821985116 -42.8020464959 0.004256154878
117 24.6995991637 -9.01442254729 -41.9789508776 0.00885268076263
118 24.2589765814 -8.75342220042 -41.1319420098 0.00405894380699
119 23.9067465606 -8.44921311967 -40.2584256585 0.00504266486846
120 23.5910967414 -8.13473863085 -39.3746663583 0.00865749932592
121 23.2323041139 -7.80155250811 -38.5146376831 0.00494268801428
122 22.8266297693 -7.61605377055 -37.6312686553 0.0241609277015
123 22.5302505472 -7.52858747817 -36.6913553558 0.00355115442217
124 22.3265334428 -7.42140461119 -35.8699146798 0.00372282205851
125 22.1013365685 -7.36180906394 -34.9087710483 0.00301253819787
126 21.8141187999 -7.42653269532 -33.9646797572 0.00858214454568
127 21.6334538105 -7.53465119171 -32.9984962608 0.00706998474417
128 21.3679281026 -7.67143774027 -32.0559102165 0.00430088013809
129 21.2454014464 -7.83948070053 -31.0892852538 0.00409320937951
130 21.1666871643 -7.99054703385 -30.1153645208 0.00282840725164
131 21.3014986671 -8.26698957561 -29.1757575006 0.00482978880244
132 21.5566704605 -8.55072713877 -28.2637715406 0.00217401084474
133 21.835625777 -9.01738300632 -27.438150017 0.0107990667249
134 22.0731477387 -9.46830285143 -26.5912257416 0.00300644542405
135 22.2715414814 -9.84204594369 -25.6979443035 0.00584711863745
136 22.4760519148 -10.0887736063 -24.7629550479 0.006715663493
137 22.8112536947 -10.5126915054 -23.93553781 0.00371676048065
138 23.1776268741 -10.7765988431 -23.056466713 0.00676228329412
139 23.5334798826 -10.972091338 -22.1555424298 0.00394108801209
140 23.7460502801 -11.2355585032 -21.2271849847 0.0042438627708
141 24.0469124145 -11.4964111618 -20.3228751228 0.00520449073597
142 24.421672184 -11.6610827151 -19.4236202869 0.00484815934648
143 24.7907990397 -11.7789899233 -18.5147944208 0.00508249553953
144 24.9484425079 -11.8469075534 -17.5418635881 0.00442493215131
145 25.3205298147 -11.8435703463 -16.6267383375 0.00284417463402
146 25.5056071304 -11.9460512857 -15.6617856002 0.00587471418188
147 25.6025619835 -12.0877625372 -14.6890157381 0.00775025265623
148 25.8043543417 -12.2026940753 -13.7289912791 0.00343160063442
149 26.2308187804 -12.1624967338 -12.8390730872 0.00327818193202
150 26.7551662933 -12.1759596135 -12.0022903449 0.00182353432109
151 27.1056743707 -12.039934776 -11.0890635787 0.00359702763255
152 27.4403566046 -12.0330610989 -10.1599720907 0.00208784614227
153 27.9703618497 -12.015899276 -9.32693638816 0.00254701894702
154 28.3407987055 -12.0854175217 -8.41419742873 0.00524904510065
155 28.5774315974 -11.9646366416 -7.46315991418 0.00435419501901
156 28.7813301654 -11.746454089 -6.52200877302 0.00390067640546
157 29.0203371636 -11.7456184801 -5.56402169442 0.00491452708606
158 29.3963872996 -11.6400321779 -4.65730145406 0.00387488822263
159 29.8950610198 -11.2302187801 -3.91039427153 0.0072313835864
160 30.3120331428 -10.8440602541 -3.10331795775 0.00680351849792
161 30.5969397102 -10.4507857989 -2.24402193006 0.00436113124103
162 30.8960422125 -10.036863896 -1.3994438593 0.00324853155476
163 31.0781397531 -9.58450782552 -0.541394466862 0.00936595701224
164 31.2510463943 -9.03195527259 0.257692878595 0.0077810540602
165 31.5791355915 -8.48912081849 1.01347595967 0.006367957692
166 31.6405226436 -7.83219612378 1.74697418855 0.00456644743543
167 31.5025742679 -7.1343923122 2.43051266822 0.0357245161111
168 31.4835219522 -6.49536570475 3.18120501051 0.00356220213803
169 31.5945289515 -5.69982848144 3.75290464881 0.00242520598603
170 31.8357616967 -4.93511858455 4.32649016883 0.00372816600214
171 32.0042487465 -4.11580079495 4.84819070082 0.00387232894337
172 32.170744193 -3.31002261348 5.39109188302 0.00384242894806
173 32.1418577812 -2.5279168622 5.99037293125 0.00435357274385
174 31.9638860722 -1.81102671988 6.64303118306 0.00678055344171
175 31.842320832 -1.02739389855 7.22824049573 0.0078712066596
176 31.3873040243 -0.285155884175 7.68983857071 0.00174098221273
177 30.9470956984 0.535952754464 8.01065038768 0.00185814899129
178 30.5182680172 1.33140705911 8.40339981498 0.00832165099187
179 30.0595546201 2.11538270431 8.78497589838 0.00601791584417
180 29.5089017641 2.8878080427 9.0505952617 0.00283337231659
181 28.7791449436 3.49113697786 9.32221304088 0.00412592308889
182 27.9976717191 4.01992743865 9.60484697136 0.003161809304
183 27.2437879601 4.62838298269 9.78238241401 0.0041328084093
184 26.3468548635 5.00056602917 9.61826127011 0.00572485620855
185 25.3810780992 5.18446428848 9.56162974443 0.00151198602831
186 24.4370394951 5.36611291493 9.3482778948 0.00447896484502
187 23.4775790117 5.46915006968 9.15233080512 0.0116248326515
188 22.5906561935 5.83744072466 8.93569355399 0.00223791368716
189 21.6804934671 5.89675927783 8.56520581787 0.00383965244355
190 20.7898135874 5.82555676939 8.15206380215 0.00177317506149
191 19.8701959112 5.91510632479 7.81256074055 0.00206676506772
192 18.9524282249 5.84785985506 7.46314243088 0.00402838265433
193 18.141664246 5.41041956677 7.11661071722 0.00334068572434
194 17.4787006125 4.81322810265 6.70123911685 0.00193891823637
195 16.9384289324 4.20904800013 6.14287124603 0.00596508077191
196 16.8821143387 3.2767882981 5.83286900178 0.00608919732502
197 16.9081634442 2.40962243533 5.36856199811 0.00186618301606
198 17.1138360763 1.65243944871 4.77474420996 0.00391791616839
199 17.4035962646 1.04574591092 4.05629939658 0.00608982045504
200 17.6011180252 0.534135322546 3.23940792379 0.00173118991331
201 17.87983051 0.0916204390193 2.40602556115 0.00356087467354
202 18.2347582565 -0.49378449845 1.69954244798 0.00398193063877
203 18.7078724189 -0.874370476708 0.925576991721 0.00580172138854
204 19.1159789013 -1.18562922106 0.0864563373337 0.00545176653778
205 19.5862853245 -1.53551455289 -0.703293788677 0.00237527126229
206 20.2205689954 -1.60170299526 -1.4519549914 0.00372851143786
207 20.9121282646 -1.48917492813 -2.1419462995 0.00259330576616
208 21.6907118525 -1.47642629584 -2.74235226355 0.00341155021457
209 22.4975267481 -0.964746571629 -2.97423883339 0.00306303847552
210 23.3221405788 -0.432431587002 -3.02942614268 0.00399568643912
211 23.5371940422 -0.30669839334 -3.01691887705 0.00141113253375
212 24.3503197669 0.157769884532 -3.2723369523 0.00155805131744
213 25.205068052 0.602129882826 -3.15444455324 0.0034681056677
214 25.7978824438 1.29976704062 -3.4763025708 0.00248794780651
215 26.3763485065 1.94809966518 -3.90829039628 0.0055890923736
216 27.0591929131 2.6178658857 -4.06960655486 0.0146586388252
217 27.5343283213 3.38474119835 -4.42418451068 0.0033460066685
218 28.0392472147 4.1158719348 -4.81119497235 0.00468202262058
219 28.4487280485 4.90875137753 -5.18864210129 0.00159369241179
220 28.8091287635 5.75422198325 -5.4950380648 0.00502135824421
221 28.85866237 6.67556034419 -5.78957718016 0.00264154892302
222 28.3114886469 7.4734436687 -5.83072848677 0.00145202532522
223 27.6788157807 8.20494197167 -5.78386285535 0.00815083928193
224 26.8634766335 8.72276820245 -5.8454202645 0.00745966630394
225 25.9702012263 9.0307067416 -6.05324474401 0.00535425057279
226 25.120358065 9.32274749283 -6.41094432586 0.00673998700055
227 24.4278865478 9.71809539214 -6.95784547206 0.00937785566807
228 23.7141210312 9.91914842324 -7.577583749 0.00874329997011
229 22.8594070059 9.91410981349 -8.02723003855 0.00470189837891
230 21.9808052584 9.8978774979 -8.42715016749 0.00326796235978
231 21.239529824 9.92652596097 -9.04496769796 0.00436909602331
232 20.4365049177 9.93883984524 -9.58010467136 0.000832500750474
233 19.8985434334 9.74106858458 -10.356716683 0.00518446858717
234 19.4291838586 9.55828529415 -11.1797543911 0.00480459815202
235 19.1440474942 9.19942904374 -12.0285638636 0.00177897803898
236 19.0892548302 9.10558717378 -12.9870861546 0.00357200134698
237 19.2629565179 8.92144962034 -13.9176691268 0.00449708602795
238 19.3907621781 8.57975009352 -14.8100350792 0.00404081908645
239 20.1721235408 8.29386203317 -15.2957826406 0.00389881554071
240 20.9244698785 8.07702025892 -15.8568071763 0.00695812610731
241 21.7629449613 8.14240655196 -16.3252449285 0.00331053273808
242 22.5492068779 8.50979638795 -16.7412506356 0.0103779899592
243 23.0482200559 9.30070778332 -16.9650752746 0.00434292737648
244 23.6107468545 10.0361815601 -17.1506031142 0.0039104038334
245 23.9840508418 10.820462152 -17.5395067164 0.00581674918631
246 24.1117200155 11.7616297645 -17.4929261911 0.0044848011768
247 23.5850515073 12.5367026471 -17.6518037815 0.00441817589943
248 23.2361790578 13.4185803324 -17.7062145093 0.0050880353681
249 22.4450181996 13.9316368915 -17.8163388876 0.00431341771215
250 21.6795263631 14.4915942478 -17.8444075426 0.00288247083747
251 20.8386398624 14.9114028358 -17.9723458051 0.00537786894538
252 19.914066476 15.1066319608 -17.8981449099 0.00443309276823
253 19.0018899208 15.2955746583 -17.7257967553 0.00784662105
254 18.0752105303 15.1704355837 -17.5801950088 0.00703072687678
255 17.5266841927 15.0024887794 -16.8280443164 0.00693617171656
256 16.9761958482 14.7328066964 -16.1088488413 0.00673654745489
257 16.2692121376 14.4886370944 -15.5330781164 0.00482118150634
258 15.6861829559 14.0911234628 -14.9070905134 0.00873391636473
259 15.3784910436 13.6095508402 -14.1579765331 0.0045354636559
260 15.0214908515 13.039715032 -13.4991050659 0.00484504131488
261 14.7402020288 12.2248992488 -13.1231836655 0.00611698943615
262 14.77934912 11.7087645828 -12.8986305494 0.00391500520819
263 14.9978326197 10.797470454 -12.8507663913 0.00333535046335
264 15.0249767443 9.90091844084 -12.5767786265 0.0018177659025
265 15.0770277114 9.76101591422 -12.5391581756 0.000511981150672
266 15.7781861401 9.30053680535 -12.7077579277 0.00870462139359
267 16.215037943 9.95406586451 -12.3848217902 0.00434934028289
268 17.0423529451 10.0394939183 -12.2270158434 0.00398505707099
269 17.815220313 10.3774175357 -12.2201156827 0.00499420483923
270 18.2972487565 10.7974554313 -12.7654595947 0.00515122689749
271 18.466595005 11.6118205462 -12.845041953 0.0064036145303
272 18.223194225 12.3375536453 -13.1670185435 0.00539651871945
273 17.7611242351 12.9896994261 -13.3736168901 0.00548720577771
274 17.4753591943 12.4601982149 -13.932317755 0.00914570877289
275 17.9372497881 12.3617882224 -14.5933616948 0.00468480137272
276 18.5410887151 12.5559756336 -15.0923778119 0.00241515982965
277 18.5736610778 12.8328445472 -15.8478405048 0.00742517379251
278 18.9460631782 13.0217470017 -16.5228196333 0.00966278426246
279 18.997816588 12.8383111416 -17.2810812712 0.0040454380833
280 18.6186151454 12.2408104965 -17.5973380461 0.00429243206799
281 18.1594984369 11.7891538208 -18.0180770978 0.00298041757863
282 17.736650032 12.2729210135 -18.4331486548 0.00743237301964
283 17.2044444829 12.7149264096 -18.7312618623 0.0211148360892
284 16.7030949633 13.0973251051 -18.3910617748 0.00652957441407
285 16.0475697733 12.9626660508 -18.6066861933 0.0100785160042
286 15.5528121138 12.8776664507 -19.0672430036 0.00747697111987
287 15.2406607137 13.0787182827 -19.6167753942 0.00539935300579
288 14.979682827 13.3760482837 -20.1310037722 0.00696296286964
289 14.7066875176 13.3507588925 -20.6973046625 0.00445930254311
290 14.5720521788 13.4680537428 -21.2865155818 0.00718594361773
291 14.6039349102 13.3970527035 -20.6995124673 0.00427672947961
292 14.2187696477 13.1874627292 -20.3254028177 0.00562802882143
293 14.0565155345 13.644578349 -20.5955220461 0.00789494108006
294 14.0952226235 14.0491295669 -20.9254084317 0.0187243679941
295 14.381706642 14.3579398053 -21.0331116229 0.0131390751821
296 14.2100204714 14.6530508338 -20.9294980747 0.0223048391763
297 14.3352072665 14.8359356122 -20.9094477639 0.00815193783704
298 14.4691755029 14.7169041737 -20.8955837581 0.00760682729966
299 14.4050079272 14.5992664208 -20.8472549884 0.0130524138233
300 14.3309723138 14.6348048464 -20.8740796828 0.00817574119907
301 14.317824332 14.6619589376 -20.9215068365 0.0122654752644
302 14.3080219056 14.6709605336 -20.937147932 0.00840705215174
303 14.3066928051 14.6687772083 -20.9331248304 0.00508763293926
