0 0.62340098764 -0.334748586218 0.419032776971 0.00506487070285
1 1.28819281083 -0.841088644555 0.955652413453 0.0414632247952
2 1.98036040609 -1.32651790152 1.47638182149 0.00279360934219
3 2.76726917913 -1.65298968994 1.9863406289 0.004596767284
4 2.83062469656 -1.66954819046 2.01359343311 0.000378198308777
5 3.77991548994 -1.71748027094 2.29509447053 0.00551731323634
6 4.74743958599 -1.70076365969 2.51010209119 0.00404932367343
7 5.72619502738 -1.70082851035 2.66690789911 0.024356964002
8 6.7027502074 -1.56127212677 2.76219379018 0.00862028418912
9 7.68116430502 -1.40827605293 2.79950157109 0.00126865865122
10 8.65309322744 -1.21687331065 2.8276996923 0.00229385170881
11 9.62868618526 -1.05654510843 2.89521533891 0.00347397959316
12 10.6127863595 -0.948009425925 2.8532334264 0.0110106528858
13 11.4772503265 -0.575192431 2.54407577385 0.00359138900236
14 12.3587976693 -0.206194199783 2.28230475926 0.00227713733761
15 13.191236483 0.19822939516 1.92835329593 0.00337684798827
16 14.0303179204 0.485817161612 1.48676152436 0.00793203341831
17 14.8999787617 0.801391312164 1.13217050133 0.00401525718935
18 15.7673687015 1.14754493043 0.801442939932 0.0047571397468
19 16.6140858811 1.57059935307 0.508891524821 0.00393395444927
20 17.4584041308 1.99201944871 0.207284143855 0.00428624173026
21 18.202904778 2.38875626701 -0.312087652312 0.0110972312992
22 18.928188623 2.80874596012 -0.840139015025 0.00257465237663
23 19.5478494269 3.1703914102 -1.52316220094 0.00463227103001
24 20.0259778649 3.69990210787 -2.21035322775 0.00358705655979
25 20.4335534463 4.22262130023 -2.94644761309 0.0046613666372
26 20.7143425448 4.77703247726 -3.7177584456 0.00890807180625
27 21.010840872 5.28980324866 -4.51158777098 0.0021291432962
28 21.0975875983 5.87575018794 -5.30538785543 0.00468423751679
29 21.0932646453 6.38531947441 -6.15465541003 0.00409315632734
30 21.1219423965 6.9928584477 -6.93626222918 0.00271409451064
31 21.3681794049 7.55879801403 -7.71077434475 0.016309790205
32 21.6274550251 7.97096336939 -8.57302463295 0.00797320841631
33 21.9888179133 8.306440769 -9.43169909348 0.00347475238628
34 22.530352499 8.55679456681 -10.2219011108 0.00319910536568
35 23.2069966221 8.93826237923 -10.8357865838 0.00595398781077
36 24.0760518304 9.02920275994 -11.3011263797 0.00499220152496
37 24.7589491788 9.37618204425 -11.9282647257 0.0103530840422
38 25.4333150265 9.75970824327 -12.5430869618 0.0050363611636
39 26.1647708399 10.095341886 -13.119359236 0.00515445160405
40 26.9763889917 10.3196399249 -13.6395753289 0.00493978778584
41 27.7511819417 10.5095382661 -14.2254368774 0.00475875788005
42 28.4854633947 10.8574430515 -14.7905050426 0.0024832709336
43 29.2030813495 11.3318270612 -15.2798130372 0.00283774871294
44 30.1220666325 11.5970293456 -15.5337045671 0.00458880975529
45 31.0348936182 11.8845115779 -15.7853932729 0.00212886554229
46 31.8584606611 12.3479938254 -16.0788868755 0.000899516316258
47 32.6216785075 12.8795159788 -16.4168125726 0.00398398536535
48 33.58521648 12.8756588643 -16.1916509446 0.00528722156178
49 34.5497106006 12.7687404484 -15.9984186965 0.001298108082
50 35.5003587304 12.8140100767 -15.7278127508 0.00425847604135
51 36.4524381606 12.7926918856 -15.459443157 0.00423730716858
52 37.4234950428 12.7651327948 -15.2720099547 0.000803087270612
53 38.4040512609 12.7059493757 -15.1544226934 0.00365541732903
54 39.362344077 12.7989257011 -14.9268320374 0.00293405676473
55 40.3247698974 12.9207880189 -14.7329386714 0.00574170971434
56 41.2415004475 12.923722096 -14.3611372533 0.00262714409786
57 42.1459461041 12.5259010357 -14.3136177762 0.0037071772424
58 43.0618102278 12.1612901469 -14.2316038597 0.00493403184002
59 44.0249342373 11.9760463211 -14.1032963472 0.0020334858236
60 45.0001147421 11.8785574431 -13.9696279805 0.00287551951168
61 45.9853674178 11.8618731397 -13.8842517496 0.00327601235653
62 46.8239888655 12.379924876 -13.9652738206 0.00381766443039
63 47.63238687 12.9424878543 -14.0556715803 0.00341971473906
64 48.5044054664 13.4071638731 -14.0974839793 0.0126790621373
65 49.2804769399 14.0028388105 -13.9534862687 0.00667804155178
66 49.9813796961 14.6820944071 -13.7951540894 0.00235226627825
67 50.5870748222 15.4594732999 -13.7146307859 0.00401464847598
68 51.128067824 16.2753684879 -13.5759382466 0.00415435832312
69 51.4230026234 17.1129577179 -13.1411574396 0.00604076926388
70 51.6860258343 17.8378524264 -12.522386652 0.003749316511
71 51.8677426464 18.6098398217 -11.9320843395 0.00525485417732
72 51.6524073585 19.4493444909 -11.4565306597 0.00375449957633
73 51.4886252846 20.2952180453 -10.9718771385 0.00328509382247
74 51.2556811035 21.1190716128 -10.4777572911 0.00292463469328
75 51.2366212581 22.0432965445 -10.1277726997 0.0043622861599
76 51.1849395696 23.0027397172 -9.89598699853 0.00222389183596
77 51.0247093369 23.9535135323 -9.67865458725 0.00454046202574
78 50.6639036409 24.8548753532 -9.49387393297 0.00214944779819
79 50.5435155304 25.8303420919 -9.390459264 0.00640608041119
80 50.2894919984 26.7654145577 -9.58464995788 0.00561514149778
81 49.9964179221 27.7012272821 -9.70643505223 0.00425780372262
82 49.6974885655 28.6416887412 -9.75689753276 0.00999039427392
83 49.4460378135 29.5958644194 -9.80666887563 0.00590050276465
84 49.0327206955 30.4906820153 -9.73960576636 0.00446287484475
85 48.4868552518 31.3121750005 -9.79535355623 0.00671541131532
86 47.8841042708 32.0939401188 -9.83156798331 0.00672074106199
87 47.1120188029 32.6883979284 -9.66989030439 0.0152708668662
88 46.2790203243 33.1611595756 -9.42924688268 0.00170668085344
89 45.3777555185 33.5073215313 -9.22152806732 0.00606606879418
90 44.4586074509 33.8250109726 -9.05022048607 0.00429301572497
91 43.5437270938 34.1544098342 -8.87847806244 0.00609863607684
92 42.606887104 34.4133972605 -8.70493498849 0.0136068495361
93 41.6345645697 34.5145723814 -8.56752656653 0.00211887768163
94 40.6596016588 34.661896552 -8.61456492271 0.00225160047752
95 39.6812631146 34.7690845994 -8.69059550706 0.00413836853772
96 39.6807359578 34.7693349274 -8.6906154055 2.98661597516e-06
97 38.8076588441 35.2126849821 -8.81015084763 0.00331932634688
98 37.8697137226 35.4909619562 -8.93602794019 0.00219357776751
99 36.9009254096 35.6710654916 -8.98042512354 0.0036816011077
100 35.9289936125 35.5709755412 -9.11532737226 0.00887083945996
101 34.9688962569 35.4604140094 -9.3118640945 0.0044655078632
102 34.0551797889 35.1632243863 -9.53394723582 0.0031834766122
103 33.2063858238 34.7960850372 -9.87632493086 0.00290960094348
104 32.3422062907 34.4856254278 -10.2357674066 0.0023715479056
105 31.5190560278 34.0637729984 -10.5775024289 0.00540371581045
106 30.7504936599 33.5679036878 -10.9457447288 0.00471167327412
107 30.0106279475 33.1213631423 -11.4203896917 0.00272154480127
108 29.2381213492 32.601572367 -11.7444324118 0.0107225896043
109 28.608312202 31.9638850732 -12.154764016 0.00424379755757
110 27.7669432953 31.5989781554 -12.5159794408 0.00458243198418
111 26.9908103203 31.1209701789 -12.890856186 0.00482382290624
112 26.28648395 30.7798921796 -13.4899916147 0.00665874558505
113 25.4388871726 30.5549318188 -13.9395142368 0.0114942430506
114 24.6167860067 30.2205303048 -14.367378743 0.00229771871208
115 23.7793126663 29.8192626797 -14.6964040059 0.00328501979032
116 23.0200290472 29.5491803005 -15.2631371486 0.00520314116734
117 22.2809649672 29.1639559676 -15.7883476504 0.00279871931074
118 21.6784709573 28.675454461 -16.3956266979 0.00408192703207
119 21.0565393263 28.2366437697 -17.0208877501 0.00398428450512
120 20.2947118408 27.7410421279 -17.4004280152 0.00345860427941
121 19.702962043 27.3291439332 -18.0714530155 0.00218730736266
122 19.2912983102 26.8664803575 -18.8373379203 0.00352777471663
123 19.0230352633 26.5410750317 -19.7274201007 0.00893499122987
124 18.7999085415 26.2743233858 -20.6487794168 0.00110715908806
125 18.8326308294 26.0946646264 -21.6165126533 0.00884602680347
126 18.9738699168 25.8233555055 -22.5524507402 0.00309266026685
127 19.165263096 25.8318980511 -23.5182468254 0.00501213424095
128 19.4039450519 25.8689741199 -24.4726817377 0.00552448990837
129 19.5609827023 26.1279018507 -25.4093693108 0.0112746466776
130 19.7742281762 26.4710327672 -26.3068412115 0.00358949645185
131 19.968226397 26.7678690099 -27.2248929142 0.00329766375289
132 20.0911732171 27.1591818253 -28.1194248496 0.00669478158117
133 20.457354095 27.7928550004 -28.7769671442 0.00284153150381
134 20.0185978609 28.414289672 -29.4008098 0.0044896226878
135 19.3731777372 28.8641116016 -29.9913847532 0.00576943860609
136 18.7311147194 29.4338213727 -30.4715909404 0.00559352486644
137 18.4090765391 30.2178219037 -30.9704436668 0.00404003971353
138 18.0327954288 31.0038771842 -31.4260506106 0.00408436031301
139 17.7948639056 31.9150960352 -31.7087041383 0.00489047975328
140 17.3705741245 32.7786548265 -31.9108522124 0.00152781842869
141 16.8596207474 33.5955752398 -32.1061167464 0.00831393793659
142 16.0525029238 33.5538565146 -32.6657831872 0.0032784592742
143 15.3946487501 33.6522339632 -33.3896301137 0.00263922021614
144 14.6208349974 33.6867229757 -33.9948030055 0.00191340639416
145 13.9382544813 33.5864189895 -34.6949700091 0.00338672910686
146 13.2073810883 33.4204123722 -35.3308124922 0.00529449027609
147 12.3450940243 33.2622046437 -35.7748083502 0.00470635056519
148 11.6840861255 32.77732344 -36.316594341 0.00161944850646
149 11.0609454522 32.4563937435 -37.0053012814 0.00629062224943
150 10.4150512689 32.1749954576 -37.6901372018 0.00839351183442
151 9.74032064742 31.891318189 -38.3453229728 0.00383010826522
152 9.28529209453 31.112722558 -38.7344432942 0.0121714504488
153 8.75067753821 30.4370914659 -39.2055321573 0.00480204134086
154 8.2217047961 29.8311437091 -39.7686368041 0.00107198294427
155 7.85832176335 29.0977935394 -40.3110041165 0.00294145413115
156 7.44660195332 28.3615391464 -40.8132759513 0.00593834819132
157 7.21033155015 27.5097842409 -41.2401854037 0.00294283939138
158 7.08083177777 26.6144957769 -41.6211042711 0.00263293647038
159 7.39161737081 25.8605881729 -42.167390933 0.00377705052552
160 7.75372994334 25.2766585246 -42.8682846555 0.00196839188463
161 8.26861220636 24.7319333429 -43.5018289332 0.00375009259579
162 8.49763466027 24.0211860889 -44.1385641863 0.00430044659761
163 9.11875611681 23.7583464152 -44.8513356664 0.012292938491
164 9.80553903986 23.5354571134 -45.5153919534 0.00598096189484
165 10.4496807333 23.3793942038 -46.2384590779 0.00420878625592
166 11.2070496342 23.3077878679 -46.8573913543 0.00637306562547
167 12.1274713267 22.9701147285 -46.8498114752 0.00240437083506
168 13.088506756 23.1632671687 -46.8654693018 0.00515393523158
169 14.0302444411 23.3469692155 -46.6647078421 0.00193949857503
170 14.8951471692 23.1085257124 -46.26974718 0.00384026982724
171 15.6541176811 23.2909450297 -46.8626547899 0.00313005038333
172 16.5078535653 23.5455773841 -47.2711536409 0.00317305461155
173 17.4037006377 23.9426529062 -47.2615320134 0.00227013180174
174 18.3380559782 24.2239128186 -47.1717024083 0.00541733597712
175 19.1891128841 24.6899313358 -47.0358285707 0.00282242546747
176 20.0510423546 25.1383365959 -46.9101342998 0.00324876507833
177 20.7964016992 25.6582664189 -46.5443218896 0.00663120535814
178 21.5296306514 26.2591902206 -46.2981883038 0.00290772434587
179 22.1085134153 27.0099346472 -46.0523366457 0.00518911492121
180 22.4543119539 27.910568951 -45.8845470037 0.00434674642814
181 22.490145164 28.8744854854 -45.7165463612 0.00239557308407
182 22.4427540487 29.1601665237 -45.7143892368 0.00194165532111
183 21.9899869359 30.0233224242 -45.7865420053 0.00510337271
184 21.1221594134 30.4600789397 -45.8916967069 0.0177663979913
185 20.2295399001 30.795948312 -46.1021397475 0.00872669448077
186 19.5554224591 31.2347301033 -46.6558139526 0.00321968728728
187 19.0738720504 31.7739692936 -47.3121237447 0.00311466246842
188 18.6436425236 32.26158779 -48.040424922 0.0283258477211
189 18.1803580267 32.6125956807 -48.8237691448 0.0043601047171
190 17.6617014037 32.7572657663 -49.636955009 0.0057949921066
191 16.9904319128 32.8393857559 -50.3393144707 0.00253140478812
192 16.3060778794 32.9733408328 -51.0206118116 0.00370040983664
193 15.4995780248 32.9268806928 -51.5659934196 0.00590450169204
194 14.8737028456 32.9838284723 -52.3108925413 0.00514311269082
195 14.2651644322 32.9280896024 -53.0698746161 0.00253211312483
196 13.6888332317 33.197110672 -53.8079363121 0.00529563043141
197 13.0757761495 33.3539941618 -54.5484915151 0.0101433830715
198 12.4682485759 33.1597567812 -55.284207896 0.00278308151868
199 11.6623945783 32.8385793314 -55.7258108116 0.00241852569775
200 10.798405342 32.50717417 -56.0274376046 0.00448919177311
201 10.1268803187 31.8291900393 -56.2178924823 0.00185539912907
202 9.36778174594 31.2310766973 -56.3307729563 0.00466040493234
203 8.53443615404 30.7306385767 -56.3685173161 0.00375915495451
204 7.8601473434 30.0301009198 -56.3930902905 0.00437648485048
205 7.38027126041 29.1855878375 -56.3463799717 0.0043019157767
206 7.00848726936 28.2881462137 -56.3053452608 0.00994540308732
207 6.54024009489 27.4594285438 -56.1091891075 0.00299248979261
208 6.23890631231 26.5926321667 -55.7895448707 0.0013275515304
209 6.00183039206 25.7436272714 -55.3805896222 0.00443480317983
210 5.89534406601 24.8476991616 -55.0202946294 0.00211456993699
211 5.53216799517 24.0642558241 -54.5752775732 0.00388108339537
212 5.32478123588 23.2396135308 -54.10585542 0.017956506067
213 5.17703677632 22.4353781313 -53.5831606397 0.0289532057922
214 5.17963985755 21.6165497672 -53.0649285496 0.00509099399144
215 5.28552200876 20.7109442218 -52.7377622512 0.00216923672347
216 5.58997069687 19.8426540457 -52.4352450526 0.00512373288359
217 6.21718853435 19.1578752483 -52.1608980484 0.00485915659295
218 6.85769732402 18.4444825199 -52.0273215824 0.00315054579475
219 7.29099519052 17.7155241912 -51.5606522203 0.00365933451379
220 7.70497778801 17.20240266 -50.8520243083 0.00459958300721
221 8.05101799091 16.8335247694 -50.0269673435 0.0098263726704
222 8.46825403419 16.5759626981 -49.1932648929 0.00542211718135
223 8.80792246321 16.6274813828 -48.2893892472 0.00988305684625
224 8.92984889216 16.6613745538 -47.3312640623 0.0118998572934
225 9.04612996606 16.8228864248 -46.3862783731 0.00558987721329
226 9.2813165224 17.0725473581 -45.4839466237 0.00436631234073
227 9.3745650199 17.2475366476 -44.5394404413 0.00635880270562
228 9.41678108877 17.6464607675 -43.6621961624 0.00374151153292
229 9.53491650222 17.9958988907 -42.7711414516 0.00320338165774
230 9.8428514035 18.3120351416 -41.9139370677 0.0106329696102
231 10.0751839226 18.8284272979 -41.1345802421 0.00689491357942
232 10.1556449125 18.8578285674 -40.1753247699 0.00918663299635
233 10.1768645247 19.0346016601 -39.2295265695 0.0062348484493
234 10.5734619055 19.3212352424 -38.4014844644 0.00451420354537
235 10.7487732008 19.6330364343 -37.5089307363 0.00593642773636
236 10.5505060428 20.0112834978 -36.6479420225 0.00397663918223
237 10.1333469556 20.6732239768 -36.0908500928 0.00277517040355
238 9.84333306117 21.3433869204 -35.4671487101 0.00488748303117
239 9.4868295463 21.9671580646 -34.8304910178 0.00320696190124
240 9.0332896172 22.5939030302 -34.2626770475 0.00636563160066
241 8.78171902314 23.3457084849 -33.7228657528 0.00539159249162
242 8.40718321289 23.6729613284 -32.9029916446 0.00494235329426
243 8.08978523204 24.241721374 -32.199923635 0.00444824304696
244 7.88068401123 25.0307409575 -31.6987235759 0.00245105925429
245 7.68502828273 25.7190202642 -31.0621088254 0.00381877853211
246 7.63028861243 26.4831789234 -30.487988598 0.00404013693014
247 7.38417826757 27.2787683562 -30.0166231901 0.0010535297592
248 7.07103709642 28.1554684576 -29.7960930406 0.00378924414818
249 6.6958950742 28.9558986953 -29.4309297935 0.00337415707417
250 6.16820635484 29.717237368 -29.6675229922 0.00865085643371
251 5.71033029592 30.5363829885 -29.845990087 0.00359406074482
252 5.11520561819 31.2167084925 -30.1540915521 0.00274653776584
253 4.5949817933 31.9943305805 -30.3438947109 0.00366065301696
254 4.26529776047 32.8620325086 -30.5654767708 0.00253643458973
255 4.08374165557 33.7984699208 -30.5489652573 0.00753553942806
256 3.80296827348 34.6738549631 -30.8013141727 0.00216978777369
257 3.3976539445 35.5278884888 -30.6802108938 0.00349850088438
258 3.06179787636 36.0102641664 -29.9298862474 0.00258482437908
259 2.69575086856 36.2360146404 -29.0794400974 0.013975937463
260 2.53197673796 36.195429893 -28.1428646299 0.00347688940616
261 2.5579438771 36.2716568537 -27.1949872656 0.0040834825709
262 3.09712208481 36.0456228444 -26.4454831888 0.00545172568954
263 3.64814617346 35.970253534 -25.6753317403 0.00433673085184
264 4.17990503901 36.2154034232 -24.9279551934 0.00782432020094
265 4.41726223706 36.6064587128 -24.0969050233 0.00324048242022
266 4.63796596094 36.8841511043 -23.2174258082 0.00325252913893
267 4.33596520983 37.1933336801 -22.3738288267 0.00324788438651
268 4.05827177067 37.4445624852 -21.5034587415 0.00376406996758
269 3.59598821211 37.7066883137 -20.7197340313 0.0111054396517
270 2.91316416243 37.9580690956 -20.1163615686 0.0053565122555
271 2.1709928354 38.195645054 -19.5827447087 0.00370314924916
272 3.02220489271 38.5241424487 -19.8239526824 0.00609411495043
273 3.90722388288 38.7862442462 -20.0164530245 0.00195472835629
274 4.45389011242 39.5428404361 -19.8854109695 0.00415278696305
275 4.89531884524 40.3602979344 -19.7296999313 0.0108083392914
276 5.05313858659 41.2834590384 -19.6450814975 0.00479615015106
277 5.12397231125 42.2037599549 -19.8211075927 0.00253414366484
278 5.18048232334 43.0529808507 -20.218707037 0.00398261129879
279 4.98388946219 43.7734261436 -20.7878303116 0.0020340216153
280 4.06089164098 43.6293242987 -20.7001405449 0.00735910373217
281 4.7475597896 44.1037124133 -21.1266459898 0.00821063244468
282 5.58524190069 44.5189461618 -21.1638641681 0.00422277734777
283 6.35505863698 45.0488347963 -21.1366216957 0.0035007903701
284 6.85446961902 45.8374674332 -21.1770459595 0.00256197051162
285 7.10745147004 46.7259047717 -21.0397757707 0.00332314499735
286 7.362087822 47.4918422946 -20.5707919916 0.00440394333545
287 7.25772111707 47.9289709844 -19.7529422612 0.00312658072386
288 7.18711363089 48.2556710492 -18.8821775017 0.00650160754783
289 6.96958149622 48.1184143458 -17.9868708775 0.0049097293176
290 6.66159509857 47.7358190195 -17.1967208515 0.00537158360894
291 6.15148566844 47.4386907447 -16.4792005728 0.00577042569012
292 5.95530584215 47.2997425097 -15.5825654911 0.0097400704192
293 6.07510742199 47.161273332 -14.6745958404 0.00473256472246
294 6.46502132045 46.8664442369 -13.8893745832 0.00651939970818
295 7.21101764327 46.6604941614 -13.3863596859 0.0013292113111
296 8.06815624724 46.7684185637 -13.7099374057 0.0105429849869
297 8.67281579942 47.2266174886 -14.2306766442 0.00501710659092
298 8.8114928289 48.0591114124 -14.5937229539 0.0043619676622
299 8.59396547013 48.938951498 -14.7362334421 0.00460969038099
300 8.50687419401 49.8126353287 -14.9983723448 0.00252126432342
301 7.97103490654 50.5195649054 -15.2252295544 0.00753301101675
302 7.43079640142 51.2372316292 -15.3912262579 0.00379752651556
303 6.61738204589 51.6029225937 -15.1985445512 0.00411114666987
304 6.0486525792 51.0388653137 -14.7637133044 0.00190195828962
305 5.75819383636 50.1840283466 -14.6449349642 0.00478535108845
306 5.75558456503 49.5076420253 -14.0366644139 0.00438038803494
307 6.397151936 49.1457093144 -13.5054336316 0.00511290379146
308 7.13204041837 48.637226845 -13.3552125451 0.00464667754267
309 7.89609236181 48.1865898709 -13.1774429636 0.00401688928168
310 8.3840479661 47.6041469195 -12.6883299374 0.0096798601006
311 9.02278043524 47.630504499 -12.0540794854 0.00466932168855
312 9.365627026 48.1670265498 -11.4196426496 0.00188595841138
313 9.63763470877 48.3604116701 -10.585320367 0.0261700262359
314 9.86881755141 48.9720509141 -9.98515936763 0.00196279629001
315 9.14421104745 49.4379518067 -9.77744967487 0.00856128998619
316 8.56502359139 50.102823552 -9.80397997484 0.00432188905962
317 7.72702426875 50.3654723249 -9.74598323294 0.00706194937133
318 6.98376106611 50.633536414 -9.36574052036 0.00235021927439
319 6.28123840194 50.803103439 -8.8709645926 0.00468771398009
320 5.62298617411 50.4223631684 -8.44160630998 0.0055383972161
321 5.49185323077 49.633214903 -8.09926887927 0.00829486346476
322 4.73092671739 49.2915987752 -8.32949351708 0.0046598532855
323 3.96671216999 48.9205645023 -8.18083057803 0.0143992523513
324 3.39080375679 48.2932658518 -8.23246897119 0.00409902141142
325 3.49120585308 47.5725271923 -8.67310024159 0.00623155732434
326 3.67893010323 47.1544655827 -9.38529979091 0.00646824065322
327 3.63915919162 46.8794639024 -10.1804621623 0.00450821110858
328 3.86147820867 46.2807305897 -10.7230435715 0.0388124488987
329 3.98470980846 45.886787502 -11.4102701611 0.00766133315651
330 3.56974600169 45.3587389096 -11.824337749 0.00570354625316
331 3.24271239108 44.7463974516 -11.4652481963 0.00894659469239
332 3.12872194506 44.3967384367 -10.7885729582 0.00551846577713
333 2.73274497623 43.8146877733 -10.4995464983 0.00596844684769
334 2.0825051852 43.8716691397 -10.8727033325 0.00749104729751
335 1.74967840464 43.933949957 -11.5310836402 0.00380726903828
336 1.77591604796 43.9068264259 -12.2641595677 0.00718150650939
337 2.27951704679 44.1695821854 -12.7063462776 0.00561417170062
338 1.62542191713 44.0093327213 -12.9260007656 0.00505060635221
339 1.03120539182 44.3491035204 -13.0610859319 0.0119064753833
340 0.621560382608 43.8665647406 -13.2816563538 0.0035737100112
341 0.38703989453 43.3585434019 -13.6345552141 0.0489856997592
342 0.492372546153 43.5015585537 -14.0912126779 0.00980573951321
343 0.34187328186 43.3548123773 -14.4800050441 0.0095312464719
344 0.000477944100062 43.5326644917 -14.4208763941 0.015771450901
345 0.23789495482 43.414291798 -14.5327281688 0.00853486152901
346 0.467369051647 43.4660423025 -14.4935530345 0.00692851493396
347 0.608368319942 43.3717369238 -14.6017845496 0.0151580598422
348 0.707271625146 43.3032823307 -14.6409145909 0.00877700927763
349 0.666342860769 43.3374222377 -14.7131611662 0.0208469380836
350 0.655530458132 43.3187422193 -14.7114692909 0.0090086401018
351 0.65974536842 43.3170169618 -14.7119610554 0.00495032520631
