0 -0.0151428610566 -0.569526662872 0.462037437711 0.00322018593379
1 0.0245529254558 -1.34406109603 1.082330994 0.00276094702523
2 -0.00433578876808 -2.15343627363 1.65703318468 0.00199320319928
3 0.074142704033 -2.95473481344 2.23836822416 0.00262264455813
4 0.588188961588 -3.71850127161 2.61057147327 0.00903659540935
5 1.05251244088 -4.52702416048 2.95221840618 0.00323844922567
6 1.63471769877 -5.27057175231 3.25908375125 0.004684868996
7 2.24972359708 -6.01743219285 3.48247738425 0.00373821419809
8 2.9077378419 -6.66760808953 3.84332266007 0.00534526095156
9 3.66653548245 -7.28858427041 3.99971745618 0.0051581965979
10 4.38984511421 -7.91646053759 4.26125116676 0.00669653569572
11 5.08402424614 -8.55679784218 4.56756788465 0.0046672727063
12 5.7354210996 -9.14221623441 5.03521977025 0.0106409201882
13 6.38611357293 -9.6857070739 5.55179997413 0.00479948615291
14 7.0896710091 -10.210666159 6.01548415518 0.001636313563
15 7.85285294091 -10.6728403776 6.45080477431 0.00494564032632
16 8.64666259837 -10.9549988087 6.97595261567 0.00239921161318
17 9.43314755131 -11.271386392 7.49251972894 0.00493375019345
18 10.2553071501 -11.6151014421 7.92995188151 0.00478457044762
19 10.9490593681 -11.8661127195 8.594141231 0.00384350043036
20 11.7427858504 -12.1457579343 9.1206048748 0.00521870262666
21 12.5840692107 -12.2984442345 9.62482463316 0.00494798889944
22 13.4180364429 -12.3239982492 10.1625159838 0.00555821604491
23 14.0968363739 -12.5410537346 10.8534382289 0.00680440607287
24 14.7255373994 -12.6468597027 11.6141952044 0.0038485679739
25 15.4247707747 -12.7446188824 12.3118081955 0.00456353718422
26 16.1763282337 -12.8922469171 12.9430336589 0.00356838308851
27 16.9692204405 -13.0645867412 13.5145610791 0.0108601630997
28 17.7193693328 -13.2046066312 14.1490671646 0.00478504703748
29 18.3549028048 -13.2537251685 14.9097282787 0.00372310090042
30 18.8155416719 -13.2289804377 15.7884375713 0.0025982398324
31 19.3760245915 -13.1814067545 16.6060387974 0.00309387041598
32 19.9962145342 -13.2243205394 17.3795681721 0.00365776755379
33 20.5218328085 -13.2754962542 18.2197583609 0.0056707659886
34 21.0294068361 -13.3447457097 19.0696577664 0.00489489524036
35 21.5293115828 -13.5367272121 19.9050825391 0.00359901799882
36 22.1093721434 -13.6292650232 20.7048375549 0.00266635934016
37 22.7362997664 -13.6197093949 21.473908504 0.00340930019708
38 23.2971294435 -13.5831155405 22.291657355 0.00350096022926
39 23.80318425 -13.5471622807 23.1444027283 0.00257671107529
40 24.400586923 -13.5129029017 23.9358823647 0.00473241763587
41 25.1027519591 -13.463992844 24.6351581345 0.00443661187467
42 25.8572578514 -13.4356133849 25.2787886724 0.00368071895159
43 26.4411645731 -13.3287149223 26.0737645164 0.00539609840888
44 26.9503483188 -13.122852982 26.9000005814 0.00489391778337
45 27.4477285556 -12.8591761243 27.7169098835 0.00341205497116
46 27.9959042937 -12.5666324571 28.4902903244 0.00401470500039
47 28.5122642626 -12.2181795601 29.262366701 0.00343450489072
48 28.9034055687 -11.908249314 30.1197455436 0.00402035267121
49 29.19616939 -11.3075644608 30.8528988352 0.0111815962463
50 29.1457176536 -11.2522881489 31.8420576116 0.00735240527681
51 29.059148779 -11.22804356 32.8299173094 0.00507941954837
52 29.0598277322 -10.9499327658 33.7820325261 0.00647252006061
53 28.8764959361 -10.6096696374 34.6954780016 0.00598525794048
54 28.803059867 -10.367495371 35.6544788389 0.00534803729748
55 28.6844655061 -10.1008841758 36.6023749442 0.00368888189498
56 28.5798176598 -9.7913532004 37.5387731496 0.00434521347717
57 28.492239637 -9.49385273224 38.4807792803 0.00330529408309
58 28.3812525622 -9.20375595489 39.4226056992 0.00525421277189
59 28.2483303544 -8.91435435535 40.3617666862 0.00448365630285
60 28.1042886944 -8.49375398911 41.2481690878 0.00605214869035
61 27.8577592065 -8.11991604268 42.1329027508 0.00321396269132
62 27.6130284432 -8.0327032272 43.0898686042 0.00289188610949
63 27.3220997798 -7.8803497793 44.0254880539 0.0055810253394
64 27.0804373071 -7.65479724014 44.9603083127 0.00505468534224
65 26.6555867461 -7.33484912262 45.7970783231 0.00818971014758
66 26.286631002 -7.08712127669 46.6833461117 0.00300246307467
67 25.803791435 -6.74360194107 47.4781697503 0.00539850348028
68 25.2945115995 -6.460342563 48.2801767159 0.00880612349854
69 24.9864298321 -6.22145338427 49.1916447105 0.00474108744725
70 24.6332708606 -6.01359351348 50.0942862784 0.00250277716444
71 24.2946190087 -5.80690436064 51.002720711 0.00575993306257
72 24.0587917561 -5.62292012689 51.9477800528 0.0033128679587
73 23.6578873617 -5.44163577895 52.8360017831 0.00467564431624
74 23.0755437778 -5.29867790128 53.6252115758 0.00370460198497
75 22.3911510379 -4.93615666042 54.2436573115 0.00548196304456
76 21.8074928847 -4.49201028226 54.9102236019 0.00163586178577
77 21.1321721782 -4.10248586813 55.5221078784 0.00566041675496
78 20.4243397855 -3.64940916144 56.047251541 0.0038054194681
79 19.6864870464 -3.32325920546 56.6227898086 0.00151865695488
80 18.8423680718 -2.94116395533 56.974110595 0.00492314333719
81 17.9792951681 -2.57397377841 57.2937359256 0.00336061965505
82 17.2263993551 -2.02892101691 57.6371107789 0.00945645241859
83 16.5376877462 -1.39229370365 57.9566144178 0.0194674864131
84 15.8250985624 -0.776862568594 58.2646332418 0.00385358663706
85 15.1308693497 -0.117339011813 58.5184486103 0.00262922330733
86 14.3528657729 0.384312276111 58.8711299131 0.0043594203881
87 13.5079473093 0.729331321497 59.2562856285 0.00581755571826
88 12.7202535585 1.30876064808 59.4142214966 0.00470696840371
89 11.9600956791 1.92677208344 59.5601425732 0.00186868390367
90 11.0948173775 2.3918074815 59.4333492417 0.031719710263
91 10.3029559814 2.74223404958 58.9529578265 0.00584933480804
92 9.79146778016 2.9095684605 58.6347773049 0.00439769840564
93 9.01920571592 3.16889836075 58.0731066666 0.00392625251447
94 8.17727542095 3.46869723286 57.6485244254 0.00295740188043
95 7.27138533377 3.74942857968 57.3666383811 0.00102988565723
96 6.30251468833 3.8030369841 57.1735354891 0.00716862399289
97 5.39662398084 3.51112717265 56.9035237215 0.00331510437383
98 4.49070921667 3.24461417538 56.6085839557 0.00345511587335
99 3.58650428681 2.84510130503 56.5710540128 0.00752988362189
100 2.76129005305 2.32934411346 56.393590902 0.00295915169103
101 2.06273301256 1.6534318293 56.2103331301 0.00378774133348
102 1.44207082582 0.906821888946 56.0213763876 0.00504300048882
103 0.901582076387 0.110003471156 55.7950676388 0.00999047342045
104 0.344763830398 -0.67238494225 55.5586427615 0.000789352612571
105 -0.204086314594 -1.46520527077 55.3389694648 0.00905928584724
106 -0.813477194467 -2.19074187413 55.0558910169 0.00183774681646
107 -1.65600067825 -2.70771944389 55.0826604302 0.00288409905076
108 -2.415095348 -3.32991557129 54.9625590478 0.00190459107499
109 -3.17417559051 -3.94962084919 54.8302583396 0.00310343125603
110 -3.96046591116 -4.51886000084 54.6421067227 0.0118779262856
111 -4.61528484475 -5.25156149202 54.5334682546 0.00390303178502
112 -5.25384836052 -5.99136349629 54.384146881 0.00319212152876
113 -5.83339012508 -6.79106673073 54.3405470453 0.00458426683789
114 -6.23432435546 -7.68151362266 54.1870340058 0.00236750812157
115 -6.48840163669 -8.6367537552 54.1976986556 0.00299748198222
116 -6.71250293458 -9.59824887617 54.1487301247 0.0107384306549
117 -6.86671176659 -10.5738862762 54.183669905 0.00253228705629
118 -6.65130495032 -11.5279336912 54.0414814857 0.0059565609523
119 -6.2244261356 -12.4192301242 54.0489691317 0.00736918580975
120 -5.84465653741 -13.3292903638 54.1130125947 0.00302809317122
121 -5.41261735423 -14.2099887511 53.9938993508 0.00642872581021
122 -4.75997913699 -14.9368932697 53.845530051 0.00434227337563
123 -4.31906998157 -15.7465055281 53.4899802764 0.00721996857573
124 -3.91100080716 -16.5529480165 53.0908882821 0.00377747855722
125 -3.43182701222 -17.3447226928 52.7451567674 0.00428360389397
126 -2.82885317217 -17.9945177461 52.3090740051 0.00463890407586
127 -2.3613673757 -18.7030268839 51.8037277554 0.00409761454625
128 -1.98105864454 -19.4525510855 51.2846941499 0.00691376169236
129 -1.81849255296 -20.1894543973 50.8592373335 0.00477185116295
130 -1.6436792168 -20.9796603539 50.2946926302 0.00444733472238
131 -1.40362372261 -21.6634253246 49.6250066199 0.00439351649703
132 -1.24953242329 -22.2744715695 48.8657544573 0.00475010359999
133 -1.04335730698 -22.8821837017 48.1163327111 0.00617545204545
134 -0.717444468707 -23.3528808218 47.3128670256 0.0100058201484
135 -0.421202484441 -23.9430193387 46.5800689147 0.00268462488845
136 0.0431856397676 -24.5940479483 46.0027010457 0.00620399164
137 0.400481265748 -25.2857565423 45.3972469631 0.00392353050894
138 0.940569742841 -25.9116151817 44.8595137288 0.0043817974692
139 1.5682004811 -26.4525099849 44.3247784462 0.00647312333842
140 2.24345819447 -26.8683499996 43.7387912005 0.003463248008
141 3.01995168367 -27.0977487586 43.1761179469 0.00541993236071
142 3.88394319541 -27.2445447048 42.7245325823 0.0113947603905
143 4.78292643664 -27.2681493958 42.3209423078 0.00419977126212
144 5.48718838106 -27.3843917077 41.6411326173 0.00469733458418
145 6.24639558048 -27.5665126033 41.0395608631 0.00258364709474
146 7.04920604315 -27.6539933665 40.4745849898 0.00569355851131
147 7.91096377246 -27.596211312 40.0000588699 0.00441838394492
148 8.77916158549 -27.3623718934 39.5969104383 0.00473875324477
149 9.62252350221 -27.1856519148 39.119021101 0.00826940671442
150 10.3804361769 -26.9869158464 38.5217324499 0.00120674250785
151 11.0593889959 -26.985369709 37.8077695877 0.00325827366016
152 11.5989427441 -26.819561173 37.0002520811 0.0074364846745
153 12.2516965028 -26.5567753852 36.31088172 0.00274211639062
154 12.9402116025 -26.2532966889 35.6751924336 0.00348007999169
155 13.6633987067 -25.8310735277 35.1567311631 0.0182418781521
156 14.2737497926 -25.2626505498 34.6334151227 0.00322103111704
157 14.9301726697 -24.7843505943 34.0768677403 0.00351076397757
158 15.4525451951 -24.1531219326 33.5310079973 0.006288749276
159 16.0886165715 -23.5568773764 33.0739131865 0.00948784325918
160 16.4565656636 -22.7544948522 32.6386007369 0.00748273640827
161 17.1674198536 -22.0982839691 32.4585057271 0.00193394334827
162 17.9383579958 -21.5023355588 32.3214421246 0.00399440820035
163 18.6852513211 -20.8622001621 32.3441415943 0.00487727700957
164 19.4315187262 -20.2333429476 32.2192420392 0.0140566592269
165 20.0634694826 -19.496721121 32.059524459 0.00542626781898
166 20.8497322147 -18.923475137 32.2025785278 0.0030151878925
167 21.7023095285 -18.449566529 32.0772999484 0.00430648514584
168 22.4911131104 -17.977246648 31.7283332749 0.00489891334285
169 23.3196483227 -17.4526697539 31.6563874729 0.001973897697
170 24.0967587409 -16.8552167685 31.5795490213 0.00209923591694
171 24.6438333443 -16.0528275534 31.4260314409 0.00357958330188
172 24.9937480311 -15.1461683781 31.2774358875 0.00225839588533
173 25.6029042609 -14.379428806 31.19084821 0.00419064174557
174 26.1619666537 -13.5717013336 31.1544953378 0.00207050310931
175 26.7849536833 -12.8193279121 31.0447469336 0.00545023861833
176 27.4424911617 -12.1016870796 31.1813274456 0.0056139580944
177 28.0385638085 -11.3323889863 31.3179967615 0.00621121338259
178 28.6305059987 -10.5503590011 31.377846428 0.00945316620952
179 28.9768592444 -9.64032083494 31.5084252079 0.00469896342512
180 29.2662298136 -8.70227315778 31.5446663057 0.0048227535899
181 29.4188630539 -7.74620496894 31.7103131131 0.00368140846997
182 29.8386805167 -6.86592223307 31.8264964919 0.00451643061568
183 30.2105906806 -5.96042614327 31.7476811731 0.0026214142441
184 30.5627224755 -5.04384596313 31.7327278125 0.00605629833139
185 30.7998309209 -4.09836263054 31.8507759241 0.00424216672228
186 30.9885390667 -3.13825737283 31.9313839582 0.0102199153979
187 31.0422541085 -2.18775131762 32.1704599242 0.0057469962113
188 30.9579635973 -1.21030830442 32.1972723896 0.00464427299273
189 30.8938728304 -0.233651398779 32.2683420619 0.00459523838304
190 30.9921104768 0.715976083378 32.4950581848 0.00274129348875
191 30.8696400936 1.64631666696 32.7817777266 0.00277689662956
192 30.5924197682 2.55880220132 33.012247684 0.00358704761071
193 30.5194754344 3.51817853103 33.2038226055 0.00226429545961
194 30.230162937 4.41303552119 33.4828888769 0.0019879249499
195 30.1208137987 3.47242796048 33.738916778 0.00327042917008
196 29.8268182298 2.57515506401 34.0045697732 0.00368959966083
197 29.6605561441 1.64152186544 34.2547979011 0.00199635802859
198 29.592286154 0.869179365181 34.8555129229 0.00462604900197
199 29.3480104216 0.511699378973 35.7356431919 0.00313036984587
200 29.0758727409 0.208774231834 36.6279089375 0.00426329114322
201 28.9811166066 -0.0492766331614 37.5693188283 0.00397994738434
202 28.774031629 -0.166144887393 38.5206885773 0.00416833348535
203 28.390339414 -0.253631242699 39.4187468535 0.00358549484975
204 27.9762069237 -0.543384709687 40.2587939711 0.00492589223912
205 27.800040116 -0.876937991339 41.163607844 0.00417414184955
206 27.4490051328 -0.977984008495 42.0731941372 0.00217445346268
207 27.0521608503 -1.01361523041 42.9686850037 0.00291253231067
208 26.5254572035 -0.893483581843 43.7863491407 0.00360420669194
209 26.136352679 -0.863356736871 44.6852542637 0.00329589123864
210 25.822628414 -0.788916847455 45.6105893067 0.00406705428942
211 25.404444644 -0.603709856693 46.4770482855 0.00139628735339
212 25.1924976781 -0.378911338983 47.4068243804 0.00390332407072
213 25.2111136466 -0.161400389125 48.3618724654 0.0158296644538
214 25.2487515499 0.0904992340025 49.3074251198 0.00368510762457
215 25.1829430273 0.475405284505 50.205310223 0.00261321768485
216 25.0470331632 0.877441101779 51.0875897032 0.000960841386315
217 24.9917636441 1.25132263863 51.9907257787 0.00364329116731
218 24.9196020882 1.66393483028 52.8754972794 0.00496077671647
219 24.8661079449 1.90544507264 53.8225463618 0.00480648066086
220 24.2430811608 1.52818188149 54.4759910973 0.00198563098164
221 23.8324799568 0.950531307628 55.1506144557 0.00758293255766
222 23.3503520972 0.361249708885 55.7647850823 0.00209655397853
223 23.0274216001 -0.308009796066 56.4008782976 0.00541973409936
224 22.7682912236 -1.06423448776 56.9642663994 0.00167285067276
225 22.3167341917 -1.27885011858 57.8049000733 0.00421151846153
226 21.8967803781 -1.30857812574 58.6876205432 0.00498436939402
227 21.9404474655 -0.947401983684 59.5952707796 0.00744924915995
228 21.9930838373 -0.58374611873 60.5012097814 0.00585197717838
229 21.9103654645 -0.232375860167 61.4095549877 0.00344041817945
230 21.6281711036 0.174105009742 62.2523098574 0.0280493498069
231 21.3302025735 0.322786552999 63.1702153941 0.00427498464326
232 20.8855771609 0.450888189576 64.0298535084 0.00833552226493
233 20.5888505192 0.568996925966 64.9521469785 0.00268357586294
234 20.2629955448 0.727228988532 65.8583474201 0.00497459768833
235 19.9003780515 0.925256434182 66.7422837204 0.0346105711629
236 19.0291343702 0.807767686631 67.1620528305 0.00297573242054
237 18.3044215809 0.701509262102 67.804363185 0.00463262558296
238 17.5080589849 0.58978958929 68.3538559039 0.00869674013012
239 16.6019621022 0.493775472851 68.6967230508 0.00883269991727
240 15.7088156191 0.25741008716 69.0024961043 0.00285296999209
241 15.0579647443 -0.355679740731 69.3864409055 0.00542758779551
242 14.4308978686 -1.07050463546 69.591821113 0.00300017529898
243 13.6334052516 -1.33562878252 70.0817430512 0.00672482609486
244 12.845148864 -1.56488783946 70.6031657178 0.00722746215274
245 11.9798019016 -1.78842140818 70.9856288223 0.00545908823761
246 11.1578287174 -2.20437360006 71.2953142424 0.00800062112148
247 10.2357474716 -2.36392769742 71.0342496577 0.00280414726289
248 9.43926293257 -2.62141096113 70.5412127487 0.00324228687314
249 8.64590487578 -2.85185982993 70.0303506588 0.00172357801337
250 7.88569791246 -3.07876144958 69.4699896572 0.00652471789911
251 7.21414176131 -3.19881223004 68.7789154939 0.0039192287867
252 6.73605837865 -3.26214030322 67.9361303243 0.00349136421723
253 6.19810823656 -3.33498451591 67.131278749 0.00755897089622
254 5.35334613616 -3.42012528127 66.6617199453 0.0046779804879
255 4.5609276576 -3.32806385621 66.109813844 0.0047184902534
256 4.04670874391 -3.16338994299 65.3039803567 0.00601286927036
257 3.49155282338 -2.85761834116 64.570140565 0.00241022639889
258 2.81919734553 -2.82450780086 63.8724520433 0.00284798481659
259 2.31259796815 -2.82885894234 63.0458984074 0.00672491306202
260 1.60309010269 -2.66781702024 62.4059260802 0.00554467253206
261 1.00354643369 -2.47805604077 61.6690269723 0.00716966577585
262 0.479978681976 -2.37688000385 60.8606298001 0.00316750707624
263 -0.354549070011 -2.19191459311 60.4063095272 0.00118315598657
264 -1.17929295643 -2.00271151708 59.9362598353 0.0049108220181
265 -2.00176732243 -1.72743737832 59.5071367638 0.00232418488092
266 -2.92631617474 -1.67839920865 59.2263746463 0.00373787229756
267 -3.84924955356 -1.54830983072 58.9677708354 0.00370978645303
268 -4.80360751374 -1.58457309647 58.8159911339 0.00641147166715
269 -5.58236775993 -1.28348606722 59.3033906363 0.0058607650567
270 -6.45745078387 -1.01712183048 59.6150660526 0.00323008893485
271 -7.3915701371 -0.777811195385 59.6745503956 0.00206771142153
272 -8.34000078102 -0.606471046657 59.7399061887 0.00524572149803
273 -9.29355362667 -0.456817374905 59.7103153333 0.00220502675121
274 -10.251570761 -0.337412226797 59.6954757135 0.00425515852928
275 -11.1990010595 -0.488418998387 59.5889162993 0.00433565895512
276 -11.8668789325 -1.02519741713 59.1447476997 0.00242769264655
277 -12.505975636 -1.47456734199 58.5782226334 0.00508878658347
278 -13.1337679441 -2.12992807457 58.2513689367 0.00808598615774
279 -13.476188657 -2.8492513321 57.7082380339 0.00553000841806
280 -13.3028639907 -3.75154411874 57.417483248 0.00481349334303
281 -12.7751630136 -4.47561769573 57.0633820978 0.0042024273582
282 -13.4551783982 -5.08592459313 56.7589946322 0.0102255309415
283 -13.8232266258 -5.97169266557 56.6813854029 0.00802511218448
284 -13.8995355772 -6.86394415719 56.3304262973 0.00398448610834
285 -13.9512428773 -7.77372231532 56.0236006919 0.0033556419979
286 -14.1193708832 -8.70822758839 55.874013489 0.00366912561467
287 -14.2404619366 -9.65174145018 55.7378893911 0.0043781198699
288 -14.0921182545 -10.5750101384 55.5179303652 0.00236369163101
289 -13.8484334805 -11.5030258959 55.5604651565 0.00285746736119
290 -13.527977243 -12.4046141146 55.6406744058 0.0015831403569
291 -12.9966119555 -13.1985323886 55.7360623425 0.00515795261395
292 -12.5954336088 -14.057389871 55.5863518643 0.00324150160147
293 -12.1972795967 -14.871464756 55.2711439951 0.00239605957328
294 -11.6177108647 -15.5366787378 54.8944759993 0.00566646735744
295 -10.8955556655 -16.1052797199 54.6215323849 0.0065301320865
296 -10.0900469744 -16.6053431633 54.4826418831 0.00316121207324
297 -9.91113750926 -16.4789796027 53.5494309341 0.00430799119836
298 -9.6013715132 -16.1604499943 52.700585956 0.00639089828332
299 -9.33451952434 -15.6636991193 51.9267916796 0.00378012859586
300 -8.9886707642 -15.3802389086 51.0804472058 0.000708517015593
301 -9.80303385376 -15.3134336389 50.5826246514 0.0147466978756
302 -10.1593451531 -14.4283804366 50.6302576039 0.00374766179798
303 -10.3280583785 -13.5154273486 50.4066713853 0.00504350225277
304 -10.1478869084 -12.5889814309 50.2645240964 0.00475212890285
305 -9.81011778708 -11.6976169836 50.3024293177 0.00488928490533
306 -10.1141818309 -10.7950176536 50.2578389822 0.00412848754178
307 -10.5444621245 -9.9486073132 50.1754432332 0.0049318477584
308 -11.4930758358 -9.93652811967 50.2612475658 0.00329249087759
309 -12.4218691606 -9.92889847728 50.0513338916 0.00984595531522
310 -13.210730277 -10.1625914343 49.5736797844 0.00344923861484
311 -14.0613248177 -10.5027597134 49.3189864388 0.00512946200531
312 -14.7491312234 -11.1293620063 49.1259611524 0.00432818803479
313 -14.7734072684 -11.9019586757 49.6782040416 0.00534857017923
314 -14.5747238592 -12.7337135366 50.0902604581 0.00493575797339
315 -14.5523645069 -13.4558684569 50.7053359171 0.00742647114913
316 -14.3551671031 -14.1565496018 51.3126105501 0.00552536995425
317 -13.7728570177 -14.6960527137 51.829348132 0.00323872805744
318 -13.1965057383 -15.34653329 52.2046873622 0.00922525251242
319 -12.4468608845 -15.6670361811 52.6836510201 0.00403949733871
320 -11.9197763701 -16.3182572297 53.1208192778 0.0128052005514
321 -11.1968162737 -16.923817461 53.1238584957 0.0041175982229
322 -10.382307133 -17.3963872673 53.1630987075 0.00696518840735
323 -9.69147978334 -17.9797838236 53.4256154262 0.00553453638068
324 -9.25216931356 -18.8112606312 53.4476887154 0.0095168030277
325 -9.31035065599 -19.7134511192 53.7023960223 0.00480949164537
326 -9.10587672922 -20.5873073595 53.9769235796 0.00221532055862
327 -8.73418278858 -21.446789315 53.9209942252 0.00229533289149
328 -8.05873760461 -22.0806193886 54.0671548367 0.00266327551999
329 -7.23626985624 -22.4538970019 54.317756111 0.00400124104003
330 -6.34103241312 -22.1897673827 54.2401855422 0.00746555570853
331 -5.47744316476 -22.001704605 53.9338128903 0.00548011966649
332 -4.57745985536 -21.8388852705 53.7424405262 0.00215272764722
333 -4.00911679765 -22.2945177875 53.1573034327 0.00673188988259
334 -3.49482819647 -22.8333917588 52.5953573353 0.00453200900799
335 -2.72646170696 -23.2689830758 52.2978879717 0.00769111171281
336 -1.82240804623 -23.3878136907 52.1126606645 0.00646363125173
337 -0.913073782472 -23.4506393791 51.932358822 0.00257732986654
338 -0.0877737365925 -23.0326499703 52.0128510738 0.00509489272488
339 0.534099433723 -22.3445690253 52.0254099469 0.00237756619262
340 0.924558831308 -21.5047410941 52.0659302635 0.00904465066046
341 1.11662284019 -20.6049992704 51.9691502315 0.00159235663955
342 1.48480324748 -19.7906557392 51.7313967489 0.00444442043188
343 1.55657702977 -18.8876264488 51.9122655421 0.00719913252831
344 1.69873420107 -18.0614712164 52.2966520014 0.00616506822203
345 1.95118481149 -17.1796575985 52.3747699601 0.0072778746235
346 2.3725868885 -16.3688555055 52.4702269487 0.00568570526726
347 2.46971143485 -15.5473050493 52.8669257933 0.00435067582996
348 2.23644757445 -14.8804218859 53.4508203786 0.00217906438128
349 1.78804160151 -14.3720060289 54.0668908063 0.00767258238822
350 1.54334449549 -14.1674106211 54.9238398803 0.00546078468408
351 1.16060461227 -13.9439978271 55.7217152555 0.00524275006864
352 0.570614073387 -13.9991799703 56.4135697816 0.0068597701662
353 0.345085288704 -14.6400405921 57.0170053115 0.00745510575115
354 0.256829306883 -15.3875540935 57.5215384354 0.00528769185506
355 0.636717269266 -15.4853596751 58.3371255204 0.00326577465738
356 0.935396440588 -15.4122382366 59.1872315441 0.00391738535631
357 1.42327522971 -15.5932426851 59.9244839976 0.00869305773552
358 1.4668563431 -15.6531171886 60.8211449768 0.00364099715269
359 1.86420987802 -16.0545513346 61.5191100477 0.00317437580497
360 2.39863322955 -16.1479555948 62.2331005206 0.0047406895034
361 3.11911483701 -16.3444919457 62.7254010024 0.00226487567745
362 3.75395567538 -16.614182701 63.2936935616 0.00649220842058
363 4.4620638472 -16.4570759855 63.8111438122 0.00497766153505
364 5.18209299582 -15.9590317701 63.9625205998 0.00314900929997
365 5.81708246871 -15.3622946139 64.1289278788 0.00523633618806
366 6.24068036241 -14.6182477848 64.352300744 0.00706680864375
367 6.34874215467 -13.7997727568 64.6616754573 0.0058184484407
368 6.51473947582 -12.9372461824 64.6386118898 0.00563726013889
369 6.7564995629 -12.1438034834 64.3569954471 0.00442903263792
370 6.24224328018 -11.8049952765 64.9774766936 0.00559815270852
371 5.6542487326 -12.4430919268 64.9078067923 0.00468918526158
372 5.58057852909 -13.2520455323 65.2138324555 0.00299883093283
373 5.02222529939 -13.8132021467 65.5658819239 0.00448187661875
374 4.86788606624 -14.5994096533 65.8883783059 0.00519980812293
375 5.33431030474 -15.2781155102 66.1376239066 0.00573668241862
376 5.36244731097 -16.0809940837 66.4354819635 0.00489973280139
377 5.72900248439 -16.6731251807 66.9295693193 0.00692961508308
378 6.20723879033 -16.6396951935 66.2281630363 0.00627043980034
379 7.02530766635 -16.5403989059 66.0456625357 0.0175376208852
380 7.47060879248 -16.319031669 65.3800977681 0.00588327242288
381 7.24539645622 -15.6649711849 64.9304091096 0.00332339207675
382 6.67031070633 -15.2948199029 64.4743620862 0.00588777344196
383 5.94023396221 -15.0377984488 64.2158148528 0.0108493132539
384 5.426799472 -14.4189500353 64.2459025576 0.00635914820955
385 4.89632850855 -14.2811575993 63.6692388859 0.0100116057907
386 5.46281339869 -14.0600068015 64.1623401884 0.0183941716227
387 6.05945267445 -14.4132672972 64.4641319446 0.0136271430828
388 6.66848960493 -14.1045481317 64.7322558987 0.0073187404117
389 7.25313558988 -13.695297789 64.8275884168 0.00758554406759
390 7.31484390847 -13.9415523189 65.4866609457 0.0114781804749
391 7.43514788226 -14.4974161856 65.859355207 0.0121366413976
392 7.3001595087 -14.9170162887 66.3363507664 0.00533893367507
393 7.52291574629 -14.5485887463 66.8023437099 0.0100847151103
394 7.75170222906 -15.0237870534 67.0943762317 0.0084164564855
395 7.48817226 -14.7796930482 67.5423646422 0.00694997075136
396 7.07668669542 -14.4784539959 67.7411390034 0.0123796181978
397 6.67524529863 -14.1928057269 67.7827561175 0.0113612816986
398 6.30508529708 -14.0845049979 67.5721511536 0.00723685501409
399 5.9510408805 -14.1122188125 67.7601075302 0.0109240614235
400 6.24982006432 -14.0424949305 67.8817444834 0.0341867982392
401 6.37426065386 -14.0371061624 67.9483666532 0.00606835421777
402 6.38743148885 -14.0981027641 67.8537088835 0.0089988362326
403 6.45160051144 -14.0864729306 67.8959536244 0.00952081644836
404 6.44784133165 -14.0448683966 67.9099497377 0.0134118947068
405 6.45327833967 -14.0365446831 67.9066565602 0.00873488957256
