0 0.591896393188 0.795741928599 0.0579195431771 0.00472409242755
1 0.729229942566 1.05023475608 0.028277571591 0.000882094176807
2 1.18269349722 1.92367664025 -0.106522657183 0.0023474615923
3 1.65570280162 2.78755729699 -0.235567642255 0.00276953335742
4 2.04046299036 3.69976037592 -0.316183089236 0.00680908394365
5 2.36808386648 4.63707958257 -0.28991915423 0.0117572713552
6 2.88983307973 5.45188732129 -0.514341520779 0.00546143982136
7 3.42319639404 6.26749905588 -0.706040233054 0.00464379521577
8 3.82878513958 7.09637755174 -1.07330848129 0.00365384556002
9 4.2049675744 7.89895121933 -1.52138440431 0.00296261184871
10 4.34264483155 8.79140180181 -1.93484914652 0.00433860022154
11 4.45852616111 9.71834089986 -2.27201245209 0.00606656041998
12 4.50447514756 10.6278904171 -2.66810142226 0.00237262087547
13 4.45851267109 11.5796088298 -2.94802606767 0.00263916292664
14 4.07251763835 12.4944251342 -2.96577373015 0.00287124739303
15 3.60922187245 13.3724237955 -2.99116874146 0.0069607512524
16 3.02534973847 14.1654749173 -3.11872911031 0.00789399385062
17 2.42713802105 14.9511412009 -3.01430499167 0.00330786406403
18 1.82258393538 15.7359469928 -2.94652056369 0.00394768545898
19 1.20358771328 16.5122993938 -2.9374264252 0.00985620339241
20 0.647311810449 17.3340830035 -2.97054957864 0.00653717095615
21 0.124512627162 18.1766115238 -3.02185756397 0.00156709473741
22 -0.257736529047 18.7328255827 -3.13024230774 0.00799448826764
23 -0.89339757222 19.4785215354 -3.28970511796 0.0028661148848
24 -1.45250117457 20.2458855173 -3.57970029002 0.00575916213967
25 -2.06563517199 20.9393626553 -3.93837989961 0.00736368667114
26 -2.68289039618 21.4205023292 -4.54910184511 0.00360599697818
27 -3.28241826916 21.7571054678 -5.2651628321 0.00929160248519
28 -3.8687985198 22.030115694 -6.01817136067 0.00542789806609
29 -4.58011064452 22.4761949475 -6.54762425728 0.0163000325542
30 -5.28925944352 22.8494331226 -7.13321823277 0.00416733677839
31 -5.93759524008 23.2361455913 -7.77758446501 0.00307404400582
32 -6.59070757201 23.5034867986 -8.47547595431 0.00336450230864
33 -7.16970109691 23.6125825699 -9.27419177581 0.00310900696393
34 -7.74638768395 23.5723355347 -10.0809542534 0.00421212361593
35 -8.20329447351 23.7664577703 -10.9403630689 0.00422559055252
36 -8.80980282761 23.8684710312 -11.7192682861 0.00210377311967
37 -9.36892106015 24.1263246935 -12.4976178824 0.00563652796815
38 -9.96910104722 24.309614615 -13.2664185861 0.00067224034293
39 -10.5816275721 24.3521133429 -14.0460774497 0.00400828582992
40 -11.2688065493 24.3544138266 -14.7620208485 0.00698246217957
41 -11.8595621737 24.3814095317 -15.5589086384 0.00468709684343
42 -12.462939585 24.3295145877 -16.3449991239 0.00364456828851
43 -13.0936958148 24.3774934654 -17.1095196567 0.00557076642751
44 -13.764707924 24.3476976892 -17.8398807474 0.00529922972699
45 -14.35108949 24.2506930598 -18.6344158542 0.00384791567321
46 -15.0206540555 24.4700386231 -19.333007001 0.00820699599717
47 -15.7416286651 24.5296038883 -20.0119819932 0.00101436825856
48 -16.4569171728 24.5075878406 -20.699170911 0.00536492878413
49 -17.1769106057 24.5335957457 -21.381242271 0.00295082908371
50 -17.8467047514 24.6391272355 -22.1054724845 0.000991470236833
51 -17.9400602561 24.6477281064 -22.1902683926 0.00043461759403
52 -18.5672369394 24.6189040898 -22.9578605787 0.00544324637723
53 -19.1793966944 24.4297073971 -23.7146773673 0.00513258968182
54 -19.7126315224 24.223940726 -24.524977779 0.00398448592764
55 -20.329344554 24.0154991447 -25.2729117118 0.0033661954449
56 -20.9448675613 23.715028271 -25.9898363785 0.000828222109356
57 -21.6878374376 23.5101811594 -26.6136306818 0.0103572784452
58 -22.4381637926 23.3087430797 -27.2295715682 0.00254902584267
59 -23.041630229 23.180691471 -28.005724174 0.00218112104737
60 -23.6655030021 23.0204593099 -28.7594164613 0.00528330530767
61 -24.2130433666 22.849832122 -29.5681104692 0.00788382658543
62 -24.8443656544 22.648006465 -30.3053099903 0.00928453947687
63 -25.3875623178 22.3535529406 -31.0804829847 0.00443710900144
64 -25.7973253576 21.8038630069 -31.7963799716 0.00969400294165
65 -26.2707789049 21.2420243129 -32.4616624775 0.00376326449554
66 -26.6455400259 20.624407569 -33.1402489909 0.00564933332794
67 -26.9018213866 20.0409991837 -33.8993854843 0.00752754145118
68 -27.1646227096 19.4425731496 -34.6443992339 0.0194048654442
69 -27.2812083772 18.909119997 -35.4713379044 0.0178686377015
70 -27.3461187078 18.4267480444 -36.3343905994 0.013052926577
71 -27.3600819858 17.9426330709 -37.1986848864 0.0020588931334
72 -27.2288219896 17.5334923399 -38.0913926583 0.00601448899566
73 -27.0527572393 17.0347216529 -38.9290456408 0.00518439318324
74 -26.7979818257 16.4324706168 -39.6731506687 0.00224149024442
75 -26.6327597808 15.8190666395 -40.4332299246 0.00336164607308
76 -26.5196285442 15.2254448216 -41.2181245087 0.00435483930447
77 -26.3980830745 14.6727850788 -42.031136031 0.00361802428004
78 -26.2181848586 14.3075368948 -42.9341417617 0.00461830042195
79 -26.1032334047 13.8149140726 -43.7857275927 0.00625515324721
80 -25.8491164004 13.3346635483 -44.6138367583 0.00297732979473
81 -25.5724673377 12.8307149698 -45.4203257257 0.00373794238013
82 -25.2268011567 12.3976045774 -46.2411809821 0.00477176250908
83 -24.785023905 12.0719673869 -47.0655558576 0.0025236551821
84 -24.1899312335 11.7741118063 -47.7989460095 0.00467656315739
85 -23.5618007939 11.5441487246 -48.5291570978 0.00690723259169
86 -23.0244949543 11.3828058631 -49.3451500989 0.0233141953837
87 -22.6527108675 11.2715387459 -50.2560007756 0.00430106773869
88 -22.3292789174 11.3023508418 -51.1912226464 0.00105491770664
89 -21.9635903705 11.4277796717 -52.1026526668 0.00454219589214
90 -21.6291411315 11.6228498783 -53.013795516 0.00394168263529
91 -21.3469458736 11.7661096374 -53.951816885 0.00363251536548
92 -21.1369810105 12.0258170647 -54.8837202453 0.00557955671342
93 -20.9510804653 12.4735487414 -55.7467485232 0.00467823998079
94 -20.8874458316 13.0332923203 -56.5606098416 0.0106810528458
95 -20.8291707718 13.7201160779 -57.2708006401 0.00332434804331
96 -20.8410400949 14.5534394472 -57.8044577654 0.00425129440452
97 -21.0169652695 15.3811587543 -58.3174954485 0.00353024900005
98 -21.2366331672 16.205764341 -58.8184762226 0.00436414009197
99 -21.4202890395 16.9591099572 -59.4332274271 0.00404859817682
100 -21.6209132839 17.7079334058 -60.0481417803 0.00582635383988
101 -21.9422362971 18.3486289037 -60.7302666316 0.000755025904377
102 -22.3379884869 19.0112172528 -61.3494171313 0.00765100539836
103 -22.8398310649 19.6284826173 -61.9376145649 0.00272873981058
104 -23.333259282 20.3257416291 -62.4367260861 0.00376244382985
105 -23.9399769652 20.9754582555 -62.8708053028 0.00591268480461
106 -24.506190981 21.6696763079 -63.2903432955 0.00299395489098
107 -25.0725543892 22.3906519431 -63.6617004739 0.00409374238445
108 -25.7559513358 23.0835178623 -63.8385313508 0.0057248920816
109 -26.3842160733 23.7782699558 -64.1561548149 0.00170987671146
110 -27.0928346654 24.4420786308 -64.3444174042 0.00620453438468
111 -27.8839960572 24.9709631854 -64.6136117113 0.00361328011378
112 -28.4672172147 25.7053502291 -64.9276023726 0.0017091399245
113 -29.0144074322 26.4819998358 -65.2022259286 0.00434827115945
114 -29.4855915525 27.3050707838 -65.4823630346 0.00733365508272
115 -30.1205762206 28.0489199165 -65.6281559275 0.0035423026699
116 -30.833662577 28.7131882329 -65.7953716664 0.00373421938382
117 -31.5910371606 29.3216405696 -65.9792295299 0.00452923514256
118 -32.4256405276 29.8337708003 -66.1159716812 0.00618546091788
119 -33.2666620047 30.3348774778 -66.2537758127 0.00318146696718
120 -34.1491225399 30.7543218217 -66.4043820782 0.00637588095439
121 -35.0573783075 31.1357834134 -66.4866957176 0.00424321407928
122 -35.989788213 31.4472383239 -66.5903273999 0.00495171886359
123 -36.9391569781 31.6355710777 -66.7910048985 0.00590227434317
124 -37.8861512396 31.7440100114 -67.052488177 0.00212398857347
125 -38.8181231994 31.6061521776 -67.3513496906 0.00637712879899
126 -39.776549512 31.46450777 -67.5465335246 0.00184273691532
127 -40.7150350483 31.3440258085 -67.8319250196 0.00376756686708
128 -41.6236569309 31.2064939068 -68.1954510656 0.00543513112618
129 -42.4893463397 30.9756118713 -68.6123880581 0.00844367591773
130 -43.3043294676 30.6141129777 -69.0384209878 0.00284167915409
131 -43.9935432535 29.9887509607 -69.3703837167 0.00261270101606
132 -44.4744973504 29.2067442268 -69.7356148716 0.00611238190757
133 -44.8032433855 28.3652557552 -70.1355467562 0.003877450523
134 -44.9860787565 27.3954865397 -70.1812728547 0.00320656681141
135 -45.0181772323 26.4326914459 -70.4001677461 0.00639504206696
136 -45.0267649902 25.4492342463 -70.4923556446 0.00328462516572
137 -45.0101816739 24.4639246352 -70.5599927696 0.00520656963966
138 -44.9599174084 23.477846522 -70.5337506529 0.00549202208497
139 -44.9095907382 22.500252775 -70.6649923027 0.0062548837173
140 -44.7832740888 21.5255035656 -70.7609467849 0.00270488022121
141 -44.5977172416 20.5814101803 -70.983454928 0.00419586708349
142 -44.3724787999 19.6200513886 -70.9972998215 0.00618334842412
143 -43.9862208791 18.7159663949 -70.9054950522 0.00217177933139
144 -43.6285997401 17.828136881 -70.662947856 0.00283232988174
145 -43.2837271732 16.9468475129 -70.3813508408 0.00484751487644
146 -42.9573447285 16.0520819267 -70.1212482793 0.00614780085129
147 -42.6057490367 15.2265323552 -69.709509054 0.00588912385142
148 -42.1786407371 14.5751256721 -69.1029838288 0.00355342209883
149 -41.6308236443 13.9980005975 -68.5187321296 0.00269070736708
150 -41.0490798363 13.5126985105 -67.8858472163 0.00395833801717
151 -40.5651965424 12.9390321859 -67.2446305942 0.00383949260518
152 -39.9728921182 12.4953427364 -66.5914674478 0.00878378834016
153 -39.3978983839 12.0072925351 -65.9548610154 0.00919996634159
154 -38.6844692016 11.7611038039 -65.319050123 0.00541324253013
155 -37.9860449334 11.5968506285 -64.6415868295 0.00631543746425
156 -37.2284324852 11.6798301897 -64.014947553 0.00254909748944
157 -36.4303615844 11.8231790946 -63.4528340949 0.0043045997685
158 -35.5916650585 11.9821013185 -62.9582392838 0.00326314833597
159 -34.7277770367 12.0689535738 -62.48989252 0.00533690970058
160 -33.9025878464 12.2166620263 -61.969967905 0.010771742647
161 -33.0358603066 12.4262079211 -61.5485207382 0.00222513224816
162 -32.3181129558 11.7696942416 -61.7111267468 0.00450926651081
163 -31.5906967946 11.1217890155 -61.8646580509 0.00631739555517
164 -30.8596276172 10.4601850873 -61.8755988495 0.00384178343328
165 -30.1307089054 9.81507956342 -61.7183643834 0.00444968991603
166 -29.3805913936 9.23154083287 -61.4558591133 0.00117140756954
167 -28.6185146129 8.61544825742 -61.3476408195 0.00296294150865
168 -27.8153036859 8.04829315647 -61.275928511 0.0052402426984
169 -26.9208819976 7.64839514331 -61.1668371508 0.00128658457168
170 -25.9864060261 7.33807543228 -61.1196742851 0.00793770892716
171 -25.0633342071 7.06720260717 -60.9049022878 0.00341197837565
172 -24.16671611 7.07349678862 -60.4955643812 0.00670073239209
173 -23.2402440399 7.07697819744 -60.1595055741 0.0031767760845
174 -22.2742775137 6.94351736618 -60.0171846407 0.018276491227
175 -21.3322790451 6.86311569187 -59.7400357729 0.00229848859128
176 -20.3658756158 6.86703115857 -59.5487364294 0.00423140176556
177 -19.4020498204 6.6969317649 -59.4368885897 0.00505190838177
178 -18.4211817446 6.70281173484 -59.3468430425 0.00543137938303
179 -17.4389002522 6.6392757324 -59.380867412 0.00567683185912
180 -16.4571761536 6.56882093688 -59.4147198897 0.0062381335218
181 -15.4875209095 6.53042126318 -59.5820555155 0.00535249671656
182 -14.5443980088 6.43513811608 -59.8485091367 0.00296264049017
183 -13.6173413999 6.27573700815 -60.1394141019 0.00531987746806
184 -12.6930437171 6.38690746268 -60.4597564409 0.00336986950597
185 -11.7394337986 6.53260798321 -60.6561207811 0.00455913282249
186 -10.8173199312 6.81954609924 -60.8468556889 0.00381141288277
187 -9.85142466459 6.81380932813 -61.0363108362 0.00789909368003
188 -8.92549090922 6.77247476916 -61.3673570469 0.00292502396422
189 -8.09483390554 6.90988601646 -61.8770262521 0.00634674676755
190 -7.36001866125 7.21681662551 -62.4552128011 0.00486251746898
191 -6.61790884795 7.60700847116 -62.9702636634 0.00557312876812
192 -5.96366069148 8.13202541821 -63.4844388072 0.00582587942089
193 -5.34674959984 8.72154432112 -63.9740601976 0.00211345482061
194 -4.80636797372 9.38721241829 -64.4563835227 0.00377391785647
195 -4.35654512622 10.0593534348 -65.0163468355 0.00416709789187
196 -3.89537012447 10.6548614588 -65.6490082263 0.00642224136831
197 -3.87773098014 11.4672245714 -66.2031227919 0.0159160272753
198 -3.84388555866 12.1403598461 -66.9190577536 0.00888892665036
199 -3.69403559013 12.771192163 -67.658043904 0.00437016686697
200 -3.72700216516 13.5906415778 -68.1998987242 0.00521535630953
201 -3.98239079884 14.4147144624 -68.6706725128 0.00355531649896
202 -4.60316367144 14.729218053 -69.364712678 0.00516672974147
203 -5.0733752358 15.168281523 -70.1076311428 0.006873280155
204 -5.60665449462 15.5424946305 -70.8432288385 0.0053290753295
205 -6.01965819742 15.7150683318 -71.4021733098 0.00441884047797
206 -6.56695842367 15.8420757164 -72.2071699006 0.00569010817527
207 -6.84114065813 16.03505117 -73.1297506314 0.00687866343716
208 -7.02075232877 16.1407754323 -74.088852185 0.00566557695809
209 -6.92369159264 16.7706184328 -74.8349786678 0.00728062623142
210 -6.3943429285 16.3471738563 -75.5441675821 0.00400879849204
211 -6.03234225735 15.8057161277 -76.2777092598 0.00672242902481
212 -5.73437310651 15.2187294966 -77.0047920017 0.00606929540689
213 -5.66435050914 14.6407305731 -77.7939572381 0.00565752972984
214 -5.41512626997 14.2005675174 -78.6340169943 0.0040022956335
215 -5.23034244152 13.7625688068 -79.491570774 0.00485368994884
216 -5.14257606143 13.4781550008 -80.425729667 0.0088723851217
217 -4.81630908662 13.3845325675 -81.3452855015 0.00236366592379
218 -4.47035463504 13.1354855121 -82.2278541637 0.00741606271779
219 -4.08451378363 12.8437039073 -83.0800408758 0.00649532950881
220 -3.66024679433 12.3397251557 -83.8051389531 0.00622290526613
221 -3.3508145803 11.9619171549 -84.6543129856 0.00651312367789
222 -3.22384109266 11.9022731715 -84.8778423268 0.000865106237316
223 -2.6229823068 11.7660178132 -85.6371364814 0.0026595307772
224 -1.98975431396 11.5490333031 -86.3497763704 0.00466516403436
225 -1.36341710349 11.4560264833 -87.0945761794 0.00918590144628
226 -0.718355434851 11.3844164306 -87.8252432262 0.00300366913069
227 -0.28326605223 10.8591063606 -88.5249829736 0.00424773943365
228 0.0302684834528 10.5138912731 -89.3836715689 0.00399897378631
229 0.301312427227 10.1653173922 -90.2552365689 0.00481182292001
230 0.532100649227 9.97039782648 -91.1842790162 0.00697054792639
231 0.928038866704 9.63850232677 -92.0130572688 0.00512619086194
232 1.28766163204 9.27822391417 -92.8463299749 0.00495790449632
233 1.62090985439 8.92078541737 -93.6915226662 0.00410035719563
234 1.91006742304 8.47502706376 -94.5103939839 0.00627413019006
235 2.19318497123 8.25529763281 -95.4182141755 0.00362686807425
236 2.53186610887 8.03254845843 -96.3058961313 0.00607604621352
237 2.91798290299 7.91141801599 -97.1936638433 0.035582113871
238 3.35316534406 7.63821629328 -98.0214610163 0.00606237529389
239 3.56874361236 7.45300324759 -98.9532351277 0.0051258747955
240 3.59979405136 7.22357690191 -99.8992886232 0.00451859038984
241 4.21870011431 6.96190463185 -100.603842214 0.00253683718869
242 4.98805534539 6.91113856442 -101.198065778 0.00215649629514
243 5.61471996808 6.84731403029 -101.940235107 0.00096725135845
244 6.17944124251 7.02367446277 -102.713249468 0.00239967745228
245 6.49512132101 7.01610626092 -103.234397266 0.00247678744912
246 7.21956152935 6.79842331262 -103.84369331 0.00172157600368
247 8.0051211144 6.63474014653 -104.390797012 0.0190730905217
248 8.88183122637 6.60190527216 -104.805110625 0.00934165041388
249 9.81661014845 6.36601963918 -104.909288353 0.00175651424999
250 10.7724148246 6.33999164759 -105.070263526 0.003874993708
251 11.6953098435 6.39186975151 -105.362517114 0.00279851099649
252 12.53763971 6.52961893794 -105.822083173 0.00267663361837
253 13.4844394805 6.60263538532 -106.015709022 0.004799199121
254 14.160294414 6.92794290318 -106.629325055 0.00850184550311
255 14.7747213825 7.19429043048 -107.329276572 0.00599564249468
256 15.5027619404 7.50349991035 -107.887788058 0.00232128821351
257 16.3149732035 7.94253551921 -108.17875855 0.00411774643219
258 16.9629807356 8.62402439846 -108.407437243 0.00506508249099
259 17.5413088766 9.34079576555 -108.703931414 0.00525409383874
260 17.6279990903 10.3026367895 -108.757021346 0.00495280323663
261 17.5514759526 11.2665187637 -108.757852995 0.00250629349961
262 17.267693426 12.1573156838 -109.004150877 0.00165976774784
263 17.0652796483 12.9873733171 -109.456614009 0.00467230382579
264 16.699516388 13.8171728487 -109.790846011 0.00378700742919
265 16.1207207333 14.5303014701 -110.09092767 0.00192851345964
266 15.4744097339 15.1312735287 -110.484084731 0.00488630840941
267 14.9000963562 15.7315105901 -110.976906197 0.00560845585127
268 14.119335222 16.0286889897 -111.461078635 0.00199346273761
269 13.3654972455 16.1204694133 -112.057345621 0.00476812667609
270 12.5810587372 16.1488964791 -112.619004979 0.00599036976113
271 11.7723515044 15.9435780213 -113.103388349 0.00310997267371
272 10.8177559479 15.8498092658 -113.203867097 0.00690510641837
273 9.87210631196 15.7811652141 -113.029701677 0.00719986693363
274 8.92978843431 15.596511441 -113.108994511 0.00509051608684
275 8.20226474165 15.0003727716 -113.316493603 0.00488096520825
276 7.659061051 14.2676728342 -113.625081556 0.00116023151785
277 6.92175963509 13.6793051502 -113.817771544 0.00641059369584
278 6.34900640466 12.9060901885 -113.827723992 0.00308882838467
279 5.54865188245 12.4670227393 -114.131617273 0.00282326731741
280 4.94075327703 11.7509140178 -114.338725125 0.003548042549
281 4.26590113296 11.0737419766 -114.235176861 0.00371309897053
282 3.6831727995 10.5060707231 -113.722650125 0.0213678971054
283 3.21699068386 9.67013166292 -113.792773673 0.00565931469572
284 2.71393259488 8.85339990642 -113.799475241 0.00570762759221
285 2.44620605621 8.00460402582 -114.156283722 0.0076301867899
286 2.45822821925 7.26486377142 -114.765548802 0.00353500732054
287 2.47622490556 6.5394544761 -115.391231506 0.00455634470388
288 2.47418764279 5.7365545699 -115.913206938 0.00776820594818
289 2.79109964442 5.09133542147 -116.545069352 0.00262001139467
290 3.22122255086 4.33583152749 -116.944337094 0.00445757887322
291 3.65897120008 3.8582984979 -117.648081752 0.00934044771313
292 4.04176233882 3.36331357898 -118.370424324 0.00294571911385
293 4.4559637811 2.93830271226 -119.119190131 0.0041503208689
294 4.56385303994 3.04083731226 -119.036383855 0.000747249117947
295 5.15513405363 3.61012628024 -118.557418772 0.00304589714218
296 5.67175154603 4.33195224028 -118.219267471 0.0034405098282
297 6.00480547929 5.20601552827 -118.056568048 0.00162904517156
298 6.50934833032 5.83680687774 -117.557644619 0.00729934475243
299 6.86396124416 6.42298452727 -116.901363049 0.00476787484449
300 6.77817717563 7.27031915667 -116.485172478 0.00542252260382
301 6.67958775211 8.12460456195 -116.088007198 0.00234703477422
302 6.37330474981 8.99725502311 -115.88506523 0.00257805804112
303 5.75021868508 9.68175601548 -115.687283717 0.00625037500949
304 5.16514688932 10.4245547211 -115.703223691 0.00156632439109
305 4.37522463632 10.9428116353 -115.666321606 0.00386097927058
306 3.62337381461 11.3405299231 -115.254252144 0.00766659679684
307 2.89086111447 11.8767444014 -114.995346903 0.00590771996794
308 2.15869917157 12.0398500399 -114.423166786 0.0032424723933
309 1.23691447324 12.1212151945 -114.243283359 0.00579365131981
310 0.331768481503 11.8610474138 -114.235498774 0.00457909300652
311 -0.379175161889 11.3034100727 -113.971875617 0.0030179652541
312 -1.10169769985 10.7919613906 -114.290451613 0.00297298896008
313 -1.54807339561 10.0321666541 -114.618684743 0.0011534937309
314 -1.27587330099 9.14601771385 -114.462358728 0.00464478182179
315 -0.724597915529 8.44838823411 -114.159079544 0.00402918378443
316 -0.294599000906 7.77532213094 -113.665367862 0.00206085746492
317 -0.000408696251067 7.0618753361 -113.130972064 0.00292784800648
318 -0.0287196729721 6.36788410717 -112.500066935 0.00367181378861
319 -0.11647775218 5.92455276076 -111.678094391 0.00350021067141
320 -0.23896177886 5.44134183929 -110.884230751 0.0103715015308
321 -0.0501185322272 5.06568886502 -110.048302658 0.00328365562141
322 0.511431297283 4.47383871938 -109.592375853 0.00451577978077
323 0.960547144229 3.76596112102 -109.181149187 0.0303791919335
324 1.3358044007 2.93418959348 -109.014030949 0.00390088814422
325 1.76447554202 2.13757597146 -109.215864865 0.00333648258606
326 2.10223627111 1.56160723256 -109.858325497 0.00388590125026
327 2.5090823546 1.11113669993 -110.557418504 0.00929428477625
328 3.18738306587 1.0947012325 -111.184101839 0.00137429902498
329 3.83866651769 1.66033394622 -111.51235156 0.0277494050205
330 4.44727090443 2.29287500023 -111.774001114 0.0201654066522
331 5.06878262638 2.88300542345 -112.080597441 0.00581850467654
332 5.31114825669 3.32323793734 -112.838217462 0.00410701290866
333 5.27031530493 3.54121997416 -113.718867017 0.00464022103865
334 4.61933895616 3.49830615694 -114.347693677 0.00804933595453
335 3.90405168662 3.34989713714 -114.878942408 0.0057636930298
336 3.57082315865 2.85126602606 -115.552052455 0.00346094788481
337 2.89310427551 2.47440203483 -116.008711157 0.00474068792997
338 2.39511507262 1.91764141164 -116.507607117 0.00617857452985
339 1.76651945493 1.38508871155 -116.859180335 0.00533552936194
340 0.957658030545 1.24800689752 -116.504804974 0.00676268191565
341 0.143078767332 1.01189146773 -116.232217394 0.00666322132758
342 -0.320947732598 0.725354975993 -115.530506411 0.00283190313321
343 -0.801015000362 0.108292530304 -115.111622493 0.00556408635803
344 -1.3308514123 -0.434299560582 -114.656379109 0.00466831567271
345 -1.96842879194 -1.03607814638 -114.752881057 0.00630686944295
346 -2.08807817113 -1.87472854872 -114.987615329 0.00448135779332
347 -1.97622725425 -2.66670313714 -114.628001566 0.00474121575412
348 -2.13362446125 -3.32300714342 -114.071362343 0.00698037030701
349 -1.92961667733 -4.10171049443 -113.739420207 0.00588257262705
350 -2.05258563189 -4.82816569226 -113.281258401 0.00501530114473
351 -2.46266620525 -4.95711447936 -112.530198666 0.00743669406935
352 -2.97224316546 -5.64259476236 -112.432014241 0.00480649056985
353 -3.14147170764 -5.78921200044 -113.260328327 0.00448504643108
354 -3.55645711697 -5.40146766521 -113.898804849 0.00283658374094
355 -3.85504681729 -4.98672609799 -114.581417981 0.0117061696948
356 -4.21654016347 -5.59139925004 -115.045790009 0.00366275560547
357 -4.14515300286 -5.98891185826 -114.966721794 0.00315705552274
358 -3.80649812819 -6.75118191801 -114.918237793 0.0146128581204
359 -3.78807016042 -7.45888646768 -115.338325013 0.00606646227313
360 -3.12929639626 -7.86331392197 -115.603395234 0.0101647985484
361 -2.32439754719 -7.87053732178 -115.65635288 0.0057349745943
362 -2.09516482247 -8.60998774371 -115.859942719 0.00408714438631
363 -2.29310470797 -9.36498207161 -115.99933081 0.00782098590116
364 -2.41428678205 -10.1013516994 -115.761718055 0.0106160589407
365 -1.98654984231 -10.7370534185 -115.702308578 0.00954523050429
366 -1.69781568308 -11.3785955539 -115.974402106 0.0083490337779
367 -1.00657698361 -11.6123431541 -116.10039387 0.00537791983875
368 -1.19807154449 -11.0434547851 -116.518644272 0.00794824458669
369 -1.75688672609 -11.4687625182 -116.660060393 0.00820753367993
370 -2.26983235965 -11.6862893707 -117.08409477 0.00675327217343
371 -2.72267141562 -12.1870449123 -117.197944674 0.00919686028325
372 -3.23582200481 -12.3444818091 -117.586720905 0.00709765030046
373 -2.91120991933 -12.0550353548 -118.061743125 0.00475266658354
374 -2.83696794307 -11.9056201924 -118.077120752 0.00135783379651
375 -2.58962221442 -11.7847442847 -118.164916475 0.0112763469405
376 -2.79282759748 -11.6961899973 -118.2002651 0.0139016788672
377 -2.93610035021 -11.6471441301 -118.178299621 0.033820300395
378 -2.91367762325 -11.6555498342 -118.185998828 0.0153818093865
