0 0.561784860583 -0.45132639398 -0.683889306873 0.00376554764262
1 0.669101336713 -0.542691977525 -0.837510293229 0.000784740116491
2 1.04937086092 -0.875594543621 -1.69098870116 0.00620627684032
3 1.48356527467 -1.09107835648 -2.5563371317 0.0043344925182
4 1.86897682635 -1.31439476559 -3.44252659451 0.00565430017435
5 2.26391806629 -1.50211025348 -4.332729999 0.00206608063201
6 2.85289238654 -1.63596715949 -5.11936579102 0.00467902724267
7 3.42621353727 -1.75520685671 -5.91976446484 0.00687833240599
8 3.963438506 -1.972067764 -6.7246442572 0.00586286045523
9 4.44187998741 -2.2395409884 -7.5510581938 0.00447031704579
10 4.69687637895 -2.75711754465 -8.35755348654 0.00339391980111
11 4.97168685582 -3.30961123286 -9.13377326259 0.00296246728284
12 5.2891772206 -3.72515841841 -9.97627014213 0.00430635147713
13 5.71372180409 -4.00921241022 -10.8261555129 0.0102780742352
14 6.37293197725 -4.26614287295 -11.5207480652 0.00554343290461
15 7.0855522549 -4.45579830166 -12.183431502 0.0058307955287
16 7.80980159221 -4.65487837111 -12.8304976335 0.00565531521069
17 8.4496654556 -4.68033137061 -13.5873080994 0.0105803393314
18 9.23674426278 -4.67362063064 -14.1898829832 0.00385372900381
19 10.2116156002 -4.68840023287 -14.3684680778 0.00273566104509
20 11.1952977083 -4.69734653113 -14.489846656 0.00545972461117
21 12.0667777745 -4.23055749087 -14.4191572297 0.00841532917885
22 12.8859961361 -3.70157443801 -14.2421889906 0.00206469201365
23 13.5536429187 -2.99009908067 -14.0681732312 0.00418487873849
24 14.0706276896 -2.18906653084 -13.797507794 0.012993356385
25 14.6016281791 -1.43145336731 -13.4424272009 0.00553125653194
26 15.1246523229 -0.606304977933 -13.2766279867 0.0102866457998
27 15.5734687113 0.27328979066 -13.1951563161 0.00365166315136
28 15.9934371558 1.1020120834 -12.8507889929 0.00637574279302
29 16.4241798289 1.95145372223 -12.577755965 0.00731091048355
30 16.717714877 2.84589126188 -12.2689579717 0.00626997276994
31 16.9635695373 3.72498249748 -11.8839692689 0.00376001463177
32 17.2331442576 4.59457146284 -11.4933893852 0.00284547189189
33 17.4030776021 5.49872666374 -11.12598431 0.00306963087266
34 17.2934542029 6.43374923159 -10.8177349689 0.00471568626617
35 17.2156412251 7.33798484172 -10.4208033888 0.0026129501458
36 17.0571611692 8.18702711811 -9.93577919545 0.00360654240976
37 16.8551572626 9.0126655619 -9.42714766063 0.00373262458252
38 16.7277318069 9.8328184772 -8.88653984522 0.00419322025379
39 16.6320685904 10.5898991784 -8.25503928796 0.0065494751888
40 16.2713671148 11.3211869206 -7.69281012205 0.00334517726498
41 15.9139111613 12.0839024145 -7.17183665659 0.00621740917246
42 15.428482784 12.7840860369 -6.66693700905 0.00337887246607
43 14.7037832911 13.2361496064 -6.16572166348 0.00517268578255
44 13.9258065022 13.4914591304 -5.60869808421 0.00919919314203
45 13.1025017433 13.6840355073 -5.09330531509 0.00593462967914
46 12.141438678 13.7723333118 -4.87208039653 0.00995109384394
47 11.1641257645 13.8140679942 -4.71934776171 0.00224921891521
48 10.20012013 13.8518658388 -4.49698289065 0.0037875800045
49 9.28425656854 14.044577054 -4.17419116587 0.00583038147311
50 8.43401227844 14.2847615766 -3.72756982528 0.00295014391225
51 7.62252052177 14.6675509101 -3.30927454893 0.0107269967445
52 6.81625607609 15.1255601248 -2.96288627223 0.00405202013667
53 6.09485042696 15.6612717246 -2.54772804697 0.00418630685943
54 5.43727575448 16.1289471956 -1.97446738418 0.00351521028302
55 4.80608897802 16.6251433798 -1.39559973867 0.00470110287919
56 4.20145973126 17.1256827007 -0.792682920956 0.00528639560863
57 3.5849541528 17.4341711413 -0.0825145308491 0.0061654179629
58 2.75648875757 17.2760862688 0.435218986902 0.00265171352034
59 1.99565095256 16.9078572272 0.949883525422 0.0031189412452
60 1.27186399915 16.4450960785 1.44107390626 0.0105476110849
61 0.551732278166 15.9402233555 1.89450317741 0.00667728231893
62 -0.273097474185 15.5582587508 2.28527767469 0.00704489150654
63 -0.973926773157 15.0059096846 2.71256921648 0.00541311698786
64 -1.75130265341 14.5394532214 3.10858232945 0.00202739907611
65 -2.52061792076 14.0276114491 3.46191575205 0.0256700791546
66 -3.22301758439 13.5191255758 3.93763369276 0.00389005881742
67 -3.91136606441 12.9671185353 4.38441250745 0.00444515508849
68 -4.4843872112 12.2857501558 4.81504014178 0.00553104298018
69 -4.91675465983 11.5632662025 5.33374667039 0.00396247053196
70 -5.29809742755 10.7776765921 5.79776241471 0.00306361594721
71 -5.42759859723 9.86648106499 6.15934814695 0.00134632030985
72 -5.57202828755 8.97056426479 6.55209208156 0.00614140350564
73 -5.72091160171 8.13057314385 7.05203110012 0.00430820260545
74 -5.56919782158 7.20367484327 7.36088086371 0.00860986440944
75 -5.27334424175 6.32098615891 7.69361273778 0.0032843672641
76 -4.93071424039 5.56040648845 8.22418071427 0.00209343986677
77 -4.65130583245 4.73593446337 8.69267779632 0.00535536892935
78 -4.33504123334 4.06194302411 9.34305888339 0.00288769998524
79 -4.08542320313 3.38828754276 10.0221159638 0.0058323895478
80 -3.76053766714 2.72440348487 10.6784811241 0.00861438058498
81 -3.37795929828 2.10449525638 11.3465253403 0.00463545234561
82 -3.64246111908 1.20189918172 11.6499331482 0.00724360583421
83 -3.70361053428 0.268878440378 11.9697464672 0.00289428795104
84 -3.61334127968 -0.680593699917 12.2282526794 0.00371425449606
85 -3.40260474285 -1.5956551031 12.5359140016 0.00386319567957
86 -3.33737867252 -1.76858578308 12.5772329056 0.000978339804116
87 -2.91899211846 -2.65363244533 12.7077276993 0.00324159340181
88 -2.45185420634 -3.51123114086 12.8547568283 0.00965811158285
89 -2.07162380874 -4.40072878183 13.0530298883 0.0052877174061
90 -1.79603323057 -5.3448622123 13.1403061355 0.00397770563166
91 -1.53676871488 -6.28770955585 13.2770043479 0.00484153040597
92 -1.23249336706 -7.22177631379 13.3754007453 0.00435379657879
93 -0.954850655893 -8.16213840431 13.4906245489 0.00613141898054
94 -0.649078816346 -9.08662369752 13.6528910357 0.00443027681963
95 -0.170678559878 -9.9495701333 13.6239591003 0.00437385689135
96 0.511282423328 -10.6627662768 13.6004409413 0.00597284280543
97 1.16834103435 -11.3973401079 13.5475192883 0.00699598230244
98 1.90293538174 -12.0380502969 13.3931783544 0.00635854633727
99 2.69656834102 -12.5351662881 13.0819647969 0.00345429517377
100 3.56943790985 -12.934891425 12.8538380948 0.00294040345616
101 4.43477152525 -13.247825208 12.4975347926 0.00378192231093
102 5.36478265791 -13.457354373 12.2431076718 0.00436287553488
103 6.23910805901 -13.6937218367 11.8517393071 0.00370463031937
104 7.13676741909 -13.5518659849 11.4677220747 0.00735237928848
105 8.02790599395 -13.4042731056 11.0711309721 0.00191973293673
106 8.92652689839 -13.2969038676 10.6785800882 0.00544527465578
107 9.81043237776 -13.0251648203 10.3352854983 0.00388138695756
108 10.6923942472 -12.7028346679 10.0334375911 0.00660659766673
109 11.4726474763 -12.2407826915 9.64558752754 0.0134580637921
110 12.0887185673 -11.5726030166 9.26304905815 0.00321012957658
111 12.5349084534 -10.773391725 8.89640996394 0.00313100870201
112 13.1996410771 -10.3674778659 8.29173142532 0.00120073554312
113 13.8102171273 -9.86857912958 7.69967756763 0.00561696301729
114 14.3879159534 -9.36125901986 7.08244343118 0.00479679504877
115 15.0188016116 -8.92921929752 6.46012543309 0.00178875674754
116 15.2537791428 -8.120114056 5.94828845997 0.0022748649706
117 15.3887773115 -7.33502949765 5.3675715953 0.00385785326367
118 15.5578069214 -6.68946036604 4.64199213371 0.00199452937092
119 15.5827409576 -5.91543224196 4.03213838976 0.00229620784746
120 15.7857614288 -5.37460406716 3.23338014786 0.00587758810934
121 16.0554482274 -4.96807207063 2.37687293543 0.00400708719572
122 16.2363042453 -4.57675037096 1.49049204967 0.0057563081253
123 16.3161564302 -4.21182687728 0.578449930337 0.0034506156453
124 16.4449919853 -3.72021157656 -0.265896139803 0.00464532250733
125 16.4486414332 -3.13556491776 -1.05911642853 0.00332090939574
126 17.1950847229 -2.58823257937 -0.721607274819 0.00418509483545
127 17.6191167303 -1.75593615848 -0.40854799988 0.00182280264698
128 18.3042958566 -1.11993827949 -0.0978938119777 0.00344459393944
129 18.9237034628 -0.365352106349 0.0334712435114 0.00697769310396
130 19.5143849255 0.421642268295 -0.00933571977136 0.00545217843894
131 20.0525320038 1.23123002181 -0.167141126724 0.00296104536885
132 20.5870838169 2.02498937885 -0.399646452427 0.00370595115873
133 21.0744191185 2.8462804711 -0.63991123982 0.0037935941954
134 20.8842661475 3.80800682977 -0.732207339879 0.0037409794406
135 20.4647553341 4.69731834549 -0.681159462148 0.00632558048121
136 20.1143541174 5.61042139484 -0.793990900654 0.00304911354242
137 19.8012111353 6.5433949497 -0.819763990011 0.00494600247908
138 19.4423303979 7.44849878505 -0.964681695652 0.00546296699199
139 19.0538661685 8.33854637179 -1.12511971621 0.00294540726616
140 18.6809109115 9.2405509843 -1.25167891769 0.00337556271109
141 18.3195901559 10.100420536 -0.937469787117 0.0185539753763
142 17.902367492 10.9441970302 -0.651158866045 0.00515618353261
143 17.4853980777 11.7638239534 -0.301592445439 0.00601462040939
144 17.0794997643 12.604457038 0.0085736934234 0.00329723052361
145 16.5751839078 13.3971973258 0.299648117464 0.0053086743184
146 15.8875024668 13.9995367818 0.662432219315 0.00406649865519
147 15.1703910114 14.5419252864 1.06088462921 0.00356509763673
148 14.4310951967 15.0443649454 1.47084731833 0.00154001453989
149 13.6154885148 15.4169538176 1.87455153528 0.00233674117371
150 12.7778557589 15.6844978708 2.31470694943 0.00498989505418
151 11.9253674574 15.7347312519 2.80207293458 0.00141799056107
152 11.0888160726 15.6993138876 3.31751065034 0.00336185177347
153 10.2110436637 15.576251062 3.74288688814 0.00223684061827
154 9.38272748859 15.4300602352 4.25186172345 0.0124066533225
155 8.51625537393 15.0335627466 4.49260916474 0.00134421818149
156 7.76397211015 14.5660692777 4.91861849673 0.00516427768153
157 7.0908332155 13.9348822376 5.25656886067 0.00288821787513
158 6.7613107467 13.2550076317 5.88502936487 0.00463641716661
159 6.50157890358 12.7009023045 6.65393696238 0.00404478531588
160 5.89286146388 12.6094680818 7.41986950583 0.00624735305341
161 5.44592367894 12.1778162536 8.1809342735 0.00338136668538
162 5.21462691401 11.4760244724 8.82827735933 0.00364868923665
163 4.86359646343 11.3245987248 9.73326721206 0.00555492300013
164 4.63312848335 11.3167049947 10.6881557056 0.0044254494135
165 4.48140011072 11.2641341161 11.6571965062 0.00542165912726
166 4.46772584089 11.3268030066 12.6372475575 0.00471401525623
167 4.91836863485 11.4742910278 13.4971591982 0.00658849409342
168 5.46097919248 11.6924570356 14.2857681567 0.00816458249588
169 5.82281389249 12.0844946634 15.1097789714 0.00670761574713
170 6.01819474902 12.6450464921 15.8913693481 0.00570759981507
171 6.16474202703 13.1213575804 16.7367935161 0.00512645131169
172 6.04875859483 13.6917615873 17.526723963 0.00646168273806
173 5.83794061754 14.1392925201 18.3739810358 0.00374058000254
174 5.82264786107 14.5885149151 19.245987784 0.0021597442677
175 5.87317565993 15.1253388223 20.0654632683 0.024420406289
176 5.92603636323 15.7671181976 20.8046277907 0.00847220138405
177 5.77708916284 16.3870801753 21.5490024896 0.00491661375513
178 5.38535937122 16.799686663 22.3469685454 0.00446834937329
179 5.0258622964 17.1316086108 23.1960102889 0.00206679401994
180 4.74924030548 17.6248049208 23.9962355394 0.00242480420082
181 4.32201437169 18.1360214354 24.7146014884 0.00367349757787
182 3.9059644171 18.3968204835 25.5623962924 0.00753207527513
183 3.50512818352 18.786311773 26.3667970325 0.00441194549157
184 3.06094974752 19.2094480336 27.130223805 0.00354950326522
185 2.68440527766 19.4084979055 28.0121003756 0.00415651581128
186 2.32576522638 19.9407389493 28.7515766143 0.00466128343446
187 1.82560006095 20.3664447489 29.4775760041 0.00159879870502
188 1.22897287712 20.7810385987 30.1336688992 0.00508381592757
189 0.990625934342 21.4078296432 30.8467015115 0.00307687147334
190 0.624170307514 21.8977473507 31.6106846005 0.00388550223054
191 0.233700015623 22.2729570654 32.4259001701 0.00394520521547
192 -0.177620899598 22.1837699523 33.3093901927 0.00258819326089
193 -0.561564635216 21.9428528736 34.1766129514 0.000926683362554
194 -0.961063053599 21.5675992611 34.9871637408 0.0031615330655
195 -1.14528838187 21.037910147 35.7888553789 0.00443633289517
196 -1.55124220522 20.6157735832 36.5724043219 0.00199351687531
197 -1.98859092923 20.13261071 37.3018228136 0.00522543283304
198 -2.11604523668 19.6303398898 38.1313221062 0.00439458267905
199 -2.4277205562 19.0944704731 38.8875953397 0.00460216827995
200 -2.48468813053 18.5449287122 39.6943147465 0.00498222618834
201 -2.55276691357 17.9949281423 40.49967563 0.00570651106869
202 -2.72073191673 17.6080281605 41.3814901028 0.00270456690754
203 -2.91834745995 17.1841560875 42.2397361618 0.00325793645484
204 -3.11909794114 16.9239451518 43.1601623442 0.00358345023316
205 -3.0081843094 16.6083550373 44.078353001 0.00342867962161
206 -2.67934920052 16.4727015905 44.9884168024 0.00611337663997
207 -2.27422857233 16.3216178058 45.8644151085 0.00308350264379
208 -2.37224029487 16.6104694837 46.7924031692 0.00499518656095
209 -2.56047229397 16.8550669149 47.7190238766 0.00282693123329
210 -2.77501731249 17.2229548562 48.597809131 0.00851910564733
211 -3.04437408681 17.5891395537 49.4617635217 0.00359970784329
212 -3.3238537951 18.0119787305 50.2959586221 0.00543073264138
213 -3.38097489544 18.2987481119 51.2271218532 0.00208391698361
214 -3.30881089772 18.7928380545 52.0655466766 0.00448875573201
215 -3.42476654817 19.0678873022 52.5007663793 0.00230061798318
216 -3.76105661605 19.625657161 53.2229520007 0.01403508231
217 -4.34638346105 20.2312621447 53.7076480834 0.00489426101523
218 -4.90357523275 20.8535652286 54.2037920133 0.00383802573886
219 -5.44737556763 21.4172185832 54.7784263748 0.00561171305215
220 -6.20505586649 21.9540665021 55.0623327483 0.00117884337562
221 -7.00568077008 22.5033309129 55.0657504407 0.00596918915261
222 -7.79847911884 23.0514767919 54.9509325692 0.0070844737785
223 -8.69214283287 23.4200553441 55.0347980474 0.00196988706347
224 -9.59690693861 23.5341605734 54.7034068289 0.00497413909971
225 -10.4541195859 23.7204776068 54.2892732233 0.00593804448802
226 -11.3466739391 23.9207788313 53.9673620284 0.00405755477222
227 -12.2229317341 24.1690101978 53.6348410651 0.0043071753934
228 -12.9745009461 24.4411614986 53.0863237977 0.00289702478034
229 -13.6632712082 25.0601780151 52.8004984675 0.0042170157488
230 -14.3125949598 25.6969435277 52.4661291072 0.00294939104602
231 -15.1261181263 25.6716046256 51.9404775342 0.00631864796482
232 -15.934062433 25.6725008257 51.4062803629 0.00654168669237
233 -16.664025223 25.4361049397 50.8156816282 0.00634280050149
234 -16.9180859314 24.9316868901 50.0294383666 0.00625537587483
235 -17.0560944461 24.5295924951 49.1599996882 0.00553882142138
236 -17.1499427182 23.7101474521 48.654822395 0.00417162868041
237 -17.1656955767 22.8524084353 48.208709818 0.00125602359329
238 -16.8915673094 22.0066356627 47.8288377348 0.00303564226412
239 -16.2800874014 21.4214641852 47.3617284545 0.00505451550737
240 -15.7359155793 21.0820351174 46.6385667708 0.00469271517792
241 -15.2013746556 20.9619002904 45.8424993335 0.00220211902672
242 -14.8288525149 20.7879410406 44.9679983668 0.00519561180899
243 -14.7823081951 20.6706068622 44.0101740844 0.00469478608442
244 -14.838266336 20.5336036077 43.0557617722 0.00521128120509
245 -15.2496049746 20.4834128149 42.1838151923 0.00598628644362
246 -15.4410320281 20.2334733912 41.2715344299 0.00989069511225
247 -14.9128978454 19.7591000674 40.6190746553 0.0118468718852
248 -14.2195551033 19.0909801253 40.6416178215 0.00574608925746
249 -13.4548502435 18.5117332211 40.5606222843 0.0109590374068
250 -12.8313560387 17.7792058487 40.5563440046 0.00496833736247
251 -12.2342753454 17.0258707701 40.5817987702 0.00408812370168
252 -11.6793625235 16.2477587154 40.6853108373 0.00987327201758
253 -11.0579065569 15.5887754166 41.0051958975 0.00664086871649
254 -10.3335427223 15.0483709775 41.3293454182 0.000900792188102
255 -9.45345412227 14.6659110837 41.3559688611 0.00332291285476
256 -8.68767115856 14.2616548835 41.769995116 0.00245383105658
257 -7.78142347982 14.1886720126 42.0768777574 0.00351698793671
258 -6.86420296071 13.9522444222 42.2284058494 0.00832367208621
259 -6.29614508565 14.6748144452 42.5006541654 0.00241046810942
260 -6.00996685847 15.589257205 42.5187590285 0.008473282199
261 -6.18141777161 16.5187413278 42.3646445012 0.00178585193589
262 -6.50474590782 17.419623463 42.3395296723 0.00432882530954
263 -6.79582954563 18.2834843836 42.0476881734 0.00477720728961
264 -7.36845980276 18.9044906554 41.598288712 0.00473502817042
265 -8.05282741894 19.5342984541 41.3758749888 0.0029969768927
266 -8.68232439969 19.9394024599 40.7808759168 0.00546704720901
267 -9.40431733635 20.0302780512 40.2577757826 0.00283711850901
268 -9.65059673662 20.4641975731 39.4554421998 0.00436666388415
269 -9.95275330627 21.0945862525 38.8210572565 0.00571514559983
270 -10.8656849317 21.1702940598 38.5978393411 0.00518592502014
271 -11.5557865862 21.4078796361 39.1940542632 0.00473317452066
272 -12.268436198 21.8891061254 39.5775056898 0.00647408153563
273 -13.0524459161 22.3214309316 39.8655541325 0.00242931295215
274 -13.8303161876 21.8893922962 40.1690844118 0.00296350490289
275 -14.3459454785 21.5054444823 40.8549658006 0.00390984084908
276 -14.4669313316 21.0081370063 41.642946892 0.00494440602975
277 -14.2946726962 20.7927991934 42.5405602265 0.00512005195497
278 -14.122735171 20.1334477352 43.1848775115 0.0024878145745
279 -13.9505158364 19.5882310682 43.9278639465 0.00261047826607
280 -13.3885112788 18.9427458766 44.3084440103 0.0107561340151
281 -12.5707285919 18.5198026935 44.4696539737 0.00298235141831
282 -11.6431615174 18.5939889382 44.5516528155 0.00860090624265
283 -10.8486908065 19.0779521478 44.4863365202 0.00447874073428
284 -10.3704074376 19.8599540018 44.6532664093 0.00535302998184
285 -9.97725638247 20.6963914316 44.7628087001 0.00407779951627
286 -9.70012240687 21.5515784631 44.5248014557 0.00609043762217
287 -9.25834567309 22.2934622997 44.1826242111 0.00376084517253
288 -8.46840883554 22.4928433517 43.7380740226 0.00214918592895
289 -7.64412562007 22.6752440391 43.3537257293 0.00647291962481
290 -6.89069885962 23.192210889 43.2030843202 0.0116955884776
291 -6.24455281419 23.5408297922 42.642387775 0.00648058679856
292 -6.20240835915 24.2440624547 42.047064635 0.00228720582063
293 -6.42016975122 24.9274458471 41.4680661019 0.00430268178219
294 -6.82499844202 24.7947415643 40.6513495987 0.00513953553994
295 -7.14144866639 25.6341696539 40.4515475573 0.00538208355495
296 -7.35840410934 26.525280438 40.4819253668 0.00381472483944
297 -7.23729377057 27.4337789797 40.4957258969 0.00416730075517
298 -7.37983317086 28.2985370796 40.2307329814 0.00257738491251
299 -7.52910155066 29.1954734513 40.1300773661 0.00816651590473
300 -7.46781217595 30.1034389559 40.1973742271 0.00743515727813
301 -7.50147831321 31.012160319 40.1551280894 0.00572369861528
302 -8.32685526154 31.3173024532 40.3815924668 0.00513274776459
303 -9.12484578523 30.8901612043 40.3236759878 0.00155110877739
304 -9.71998901677 30.4881555134 40.8774653458 0.00284493937318
305 -10.2165368768 30.2208856609 41.5869350016 0.00533366317198
306 -10.7848647517 29.9469415865 42.2349263216 0.00203841872072
307 -11.4108791348 29.9162501328 42.8859779836 0.00280714535268
308 -11.0440401776 30.6187293713 42.454372778 0.006977589358
309 -10.6358766951 31.1225773743 41.8298698402 0.0105549904283
310 -10.0736925298 31.7327763835 42.167927678 0.00829160441244
311 -9.95411137451 32.4388881242 42.7012698652 0.0315238882782
312 -10.2522303099 33.2094150206 43.0000325912 0.00388390381275
313 -10.4324101609 33.7626502861 43.6565135952 0.00541769163772
314 -11.0525646373 33.3719828982 44.1326807501 0.011473944829
315 -11.4123849393 32.8133173886 44.6909555859 0.00205381195398
316 -11.7369618937 33.4845778047 45.132396334 0.00507077698061
317 -11.6155909849 34.2108593958 44.6813601879 0.00707293872707
318 -11.1835864765 34.8196624937 44.256194047 0.0761551579208
319 -11.091240232 35.5194406211 43.9035448394 0.0247250120018
320 -11.2406447338 35.5611513626 43.1641509009 0.00754386956249
321 -11.7837650671 35.994431567 42.9041213715 0.00812808173377
322 -11.574153714 35.8530359829 42.2205923159 0.00970410825778
323 -11.707751918 35.7041569885 42.9020433478 0.00690287424753
324 -11.1859007318 35.4446403676 43.2800530458 0.0111509780608
325 -11.0419056705 34.877097692 43.6025159597 0.00765122914833
326 -10.7717531151 34.9606681969 44.1869754553 0.00681943124636
327 -10.9843461083 35.4329459288 44.5442018909 0.00317076963046
328 -11.2348439523 35.4743017025 43.9782765984 0.0141231420519
329 -10.8292271084 35.453006351 43.5750867123 0.00640938424943
330 -10.4200093788 35.3950139893 43.2154317378 0.012901156158
331 -10.344545432 34.9210665156 43.3253286955 0.0062600900018
332 -9.99395236038 34.6547895149 43.183660015 0.0103535986224
333 -9.64457707083 34.5379354961 43.3632648747 0.0173009062709
334 -9.64936179907 34.5126233734 43.3010431137 0.00152184666174
335 -9.5414540207 34.5253370351 43.0741252366 0.00871367253174
336 -9.62245636397 34.3427917581 43.1158350502 0.00587679581243
337 -9.59258364368 34.4882087112 43.0255852699 0.0108222433915
338 -9.48603037528 34.4552934913 43.0747595687 0.00345735791436
339 -9.43160189255 34.4256162249 42.987733704 0.00921538233675
340 -9.50037083933 34.4239236787 43.0057672084 0.00455332296184
341 -9.49728291135 34.3904650183 43.0490622187 0.00969452201598
342 -9.5214840691 34.3929511164 43.0403142905 0.00457456192293
343 -9.52101056284 34.3780318656 43.0422805614 0.0046402154967
344 -9.52649764913 34.3777608961 43.0460811825 0.00644442232205
