0 -0.798878078511 -0.575431784529 -0.132576031101 0.00520302047182
1 -1.48559158393 -1.29316790053 -0.144218977236 0.00342814074969
2 -2.26750976846 -1.89088514488 -0.0094274962667 0.00849059208871
3 -3.02718948482 -2.52971956688 0.0297023156722 0.00943556980385
4 -3.80015430066 -3.15251104189 -0.00673723461399 0.00195196651743
5 -4.47617069723 -3.87946844963 0.0277491251506 0.0110132774186
6 -5.10260090438 -4.65012640762 0.0126235284304 0.0094695201535
7 -5.74685108559 -5.40413493137 0.0663485864975 0.00427763171557
8 -5.85386025152 -5.55303832636 0.0753253228353 0.000545375495678
9 -6.17960446336 -6.39939308842 -0.310766462775 0.00591916766589
10 -6.48870316585 -7.33423767783 -0.35283780582 0.0167187682324
11 -6.77518979214 -8.2763664351 -0.385472120197 0.00471138054069
12 -6.71909319164 -9.09017889826 0.167084846735 0.00451120188176
13 -6.57010345855 -9.84372811561 0.784031421743 0.00349484509583
14 -6.44355894815 -10.4757256865 1.52915216385 0.00332153804626
15 -6.53111942683 -11.0774205997 2.30430183662 0.0025294676005
16 -6.64080166771 -11.7237781434 3.03958636879 0.00545728657339
17 -6.77076234981 -12.4321945913 3.71151800959 0.00587386297395
18 -6.75760584954 -13.2397098893 4.27519113971 0.00713860335617
19 -6.83850688801 -13.907799151 4.99419738143 0.00669228388475
20 -6.87537099574 -14.4654682434 5.80497687161 0.0047603467269
21 -6.72787879504 -14.9817531866 6.63036866034 0.00385324028474
22 -6.51150846508 -15.406903749 7.49171251382 0.00389546814865
23 -6.45985420147 -16.023773227 8.25726797008 0.00506990093097
24 -6.26708914006 -16.5910381936 9.03840069465 0.00442418631675
25 -6.37713409418 -17.1651501636 9.83040025524 0.00235685638986
26 -6.30487570366 -17.7747973979 10.5998081251 0.00385254632408
27 -6.01902551501 -18.2525357243 11.4114986409 0.00472202510906
28 -5.7477178712 -18.8325644516 12.1588467382 0.00371933453598
29 -5.65638672191 -19.0564341847 12.4772503971 0.00144401701092
30 -5.49173391902 -19.3551653401 13.393518427 0.00640564600338
31 -5.15989199527 -19.8540653695 14.1657271896 0.0038792409845
32 -4.92267513284 -20.3610844052 14.9668434225 0.00437482020626
33 -4.81892163054 -21.0182666711 15.6824584525 0.00181517478287
34 -4.88379913605 -21.7339700159 16.3443856716 0.00528668962719
35 -4.98515491423 -22.5575483546 16.8597184977 0.00480288221026
36 -4.98967941525 -23.2727843072 17.5248333594 0.00282577179928
37 -5.03848863946 -23.9895089427 18.1864233011 0.00642796124407
38 -4.83999323782 -24.7157430113 18.808121099 0.00311093957874
39 -4.49926650799 -25.1341150369 19.6218883891 0.00694887715388
40 -4.22960424222 -25.3768567436 20.5281902372 0.0029172089186
41 -3.97692019569 -25.314785148 21.46903179 0.00751234184795
42 -3.8370124902 -25.3887713857 22.4320334745 0.00269656373848
43 -3.59375622958 -25.3359760028 23.3755625106 0.00577555143155
44 -3.35065037069 -25.4557549144 24.3127701124 0.00240391510875
45 -3.06006231163 -25.7600959779 25.1928200529 0.00405317763773
46 -2.65304594164 -26.0144901767 26.0418476157 0.00405561152681
47 -2.36546260029 -26.1599058553 26.9622827936 0.00722523328173
48 -2.20443793836 -26.1159164078 27.922876843 0.00396838414927
49 -2.35842523421 -25.6815711194 28.781825232 0.00363920853202
50 -2.73016007239 -25.2674832636 29.581922603 0.00112479414225
51 -3.08875183486 -24.8471617842 30.3847145015 0.00276562556679
52 -3.41032808668 -24.4261569398 31.2025747209 0.00815457256751
53 -3.20675980417 -24.4846905068 32.1535158742 0.00356710676193
54 -3.07965693098 -24.4407438631 33.118308617 0.00410609570113
55 -2.85815996492 -24.9284493688 33.9315991219 0.00371076730612
56 -2.63868185701 -25.5709922621 34.6293704194 0.00930176383314
57 -2.32242696068 -26.1696875082 35.3284686018 0.00295569652317
58 -2.03151788675 -26.9110023306 35.8875923687 0.00547963337477
59 -1.62739777831 -27.5748530129 36.4727174543 0.00411774448045
60 -1.01896851669 -27.9798038972 37.1145435778 0.0027735752195
61 -0.205811979688 -28.3684138555 37.4797601903 0.00894762865852
62 0.666910785499 -28.6326665621 37.816485417 0.00361481646753
63 1.60598706322 -28.6468781015 38.0663592931 0.00313413904959
64 2.52741231812 -28.5830685782 38.3682966085 0.00721884452092
65 2.90065904774 -28.5552813477 38.416503649 0.00114178848727
66 3.80307218426 -28.2542476711 38.6019594413 0.007770523444
67 4.64090955149 -28.2956299318 39.0868487466 0.00401720717057
68 5.44076139967 -28.2154715665 39.6274674817 0.00752571608006
69 6.26556884365 -27.7918806822 39.9062530798 0.00606981878176
70 6.87502836099 -27.1610505522 40.3155605613 0.00276825664885
71 7.26093048721 -26.2952641056 40.5104469315 0.0189030406832
72 7.51145057981 -25.4274984951 40.8550297494 0.00896530401406
73 7.42557169662 -24.5977912193 41.342722947 0.0029614349951
74 7.2415341811 -23.9630169068 42.0475490793 0.00525923185339
75 7.00396751659 -23.3556714031 42.7600691021 0.000922138547168
76 6.6789806737 -22.9490435728 43.5737633577 0.00322676509732
77 6.60606546812 -22.7084438525 44.5063498715 0.0055809591348
78 6.63072397746 -22.5627371216 45.4605358096 0.00268038499268
79 6.58438636395 -22.5572563369 46.4248147376 0.00346502460384
80 6.53573128077 -22.5298510377 47.38838759 0.00175919521896
81 6.48774125364 -22.6522372167 48.3444621198 0.00370189705766
82 7.14198263848 -22.5665464563 49.0480478627 0.0037446999589
83 7.77281708275 -22.6861540625 49.7675678495 0.00184007220266
84 8.45385836095 -22.8374464254 50.4331046076 0.0111260004538
85 9.21737949348 -23.1390228316 50.9371608831 0.00335212523656
86 10.1077356725 -23.2281815744 51.2931162922 0.00383076197826
87 11.0170710353 -22.9740624729 51.4809896308 0.00485368423014
88 11.8959557246 -22.7092528408 51.770134587 0.00489494208321
89 12.6933760459 -22.4416868962 52.2372471914 0.00494266019936
90 13.4986820927 -22.2437407972 52.7243833316 0.00479495315144
91 14.31019254 -21.7856430568 52.9603721533 0.00195846976825
92 15.113886782 -21.3136565675 53.1951425596 0.00427170638876
93 15.4416770858 -21.1386563401 52.3085366696 0.0065399223048
94 15.8427130686 -21.0041522651 51.4458567249 0.00194964939127
95 15.7515389126 -20.2464352161 50.8628708323 0.00341380908966
96 15.735485454 -19.3796250344 50.4505981257 0.00537584638784
97 15.3549451884 -18.6190566037 50.0061525055 0.00533025996155
98 14.8714965705 -17.8582227373 49.6786278153 0.0315814221675
99 14.5703176294 -16.9609254558 49.541863527 0.00411720753427
100 14.4701689423 -16.1469102141 49.0504290157 0.00562557120744
101 14.7568257085 -15.3032395792 48.7054123627 0.00793870380209
102 14.835350362 -14.3882748735 48.4443526716 0.00533689878981
103 15.3364349691 -13.6628317846 48.0793398784 0.00313345226594
104 16.0495686405 -13.1064757334 47.7762779816 0.0083427717716
105 16.7115237421 -12.4577844339 47.5542613366 0.00483752038742
106 17.2975635558 -11.7634302643 47.2682411902 0.00565765748145
107 17.8553813733 -10.9979267485 47.3630020629 0.00524925446558
108 18.4901465545 -11.2829869856 46.7137519093 0.00602861228325
109 18.9154846418 -11.5483923727 45.9053702578 0.00372090308771
110 19.5860442552 -11.6333993329 45.2369033604 0.00395322006386
111 20.193054512 -11.8115253245 44.5278326566 0.00272483247855
112 21.0815957096 -11.8015409774 44.1929470281 0.00445529805026
113 21.9604047678 -11.601724271 43.895450514 0.00375061100584
114 21.2714045181 -11.6496900202 43.2447379961 0.00821408966682
115 20.6966538342 -11.8653604481 42.5223144265 0.00395823853709
116 20.1984399087 -11.7608895075 41.7230053771 0.00271830568932
117 19.9087933429 -11.8925680208 40.8305814564 0.00614702094394
118 19.8928000338 -12.1266555757 39.913403388 0.00316058555716
119 20.1691602402 -12.6040508019 39.1447741615 0.00141752645691
120 20.353663922 -12.8356192579 38.2462014556 0.00386416660134
121 19.9673804668 -12.2145961817 37.6474704968 0.0052604054678
122 20.2123474092 -12.9039839553 38.2447689046 0.00710293325139
123 20.7327918936 -13.0926378042 39.009060491 0.00439491262521
124 21.5126136921 -13.1866877777 39.5305039718 0.0013449488613
125 22.3265970048 -13.0329231041 39.9801386439 0.0044835445669
126 23.0239035539 -12.4866944279 40.3001082631 0.00144480494661
127 23.5524670865 -11.7232371311 40.455656643 0.00366945939295
128 24.1675420022 -11.0149227861 40.5288543712 0.00134916351585
129 24.4377727315 -10.1407747926 40.7477687296 0.00225653450353
130 24.553585475 -9.22087586254 40.905164406 0.00494094179528
131 24.397266245 -8.29841926691 40.9922481729 0.00879545578576
132 24.0239194242 -7.45401599769 41.1595029818 0.00263650831784
133 23.5075966489 -6.67184874307 41.193459101 0.0036036608258
134 23.9451900394 -6.84271199948 40.381664374 0.00443242854166
135 23.804852984 -7.12468032728 39.4988542693 0.00719450945618
136 23.2885116304 -7.17797699717 38.7200856802 0.00539716511915
137 23.515959164 -6.85530769135 39.5677551535 0.00947118212883
138 23.775134186 -6.53694709371 40.4059930265 0.00139878895345
139 24.0300066254 -6.24949021479 41.2563669778 0.00464569944628
140 24.1731691538 -5.57951123553 41.8880811051 0.00183939578694
141 24.1921154009 -4.7592779058 42.3287693917 0.00411749886905
142 23.7043481932 -4.30955838598 42.9815946649 0.00393536335844
143 23.1007256032 -4.38443134546 43.6852132241 0.00566054123225
144 22.8868671714 -3.83323394406 44.4017370616 0.012746114707
145 22.6784657749 -3.68695102956 45.2926693738 0.00412268388476
146 22.6690644541 -3.3757505603 46.1643960814 0.00447835902924
147 22.8231848352 -3.49975050648 47.067713905 0.00401866375432
148 22.8352468055 -3.64324620382 47.980246202 0.00465309649332
149 22.6073937369 -3.66481444894 48.8741051088 0.0109336345379
150 22.544735192 -3.21823611535 49.6758115093 0.00445177524544
151 22.3802998551 -2.83337739144 50.4936863242 0.00822283680851
152 22.442189807 -3.06349634532 51.3788995412 0.00604761707397
153 22.4970744368 -3.44124892344 52.2104222497 0.0032912887379
154 22.8434734286 -3.57374861377 53.0458390928 0.00489669464974
155 23.0324825648 -3.3580807765 53.9123287422 0.00159933830483
156 22.9168562035 -2.9193582355 54.7035489526 0.00293376538878
157 22.9026460073 -2.06927362092 55.0293237208 0.00238705080189
158 22.350209414 -1.41313968604 55.3325227895 0.00356949862449
159 21.6304162355 -1.10605611428 55.7946345536 0.011206821393
160 20.8515788327 -0.724432014381 56.0531840483 0.00946971476184
161 20.2216282752 -0.357572370266 56.5846321038 0.0100351024814
162 20.2566168231 -0.688948478745 57.419812392 0.00379698830719
163 20.4140641628 -1.16152212577 58.1664901288 0.00655494559141
164 20.5930758976 -0.96741410116 59.0220160532 0.00723893743645
165 20.7374939867 -0.629273481021 59.8328288184 0.00608720181516
166 20.9565379046 -0.110924909982 60.499982149 0.00755479327435
167 21.5482993047 0.400548958878 60.8764230709 0.00677469079104
168 21.0208805298 0.863840985181 60.3722259301 0.00359874695262
169 20.3864427482 1.36922183964 60.0810683867 0.0055771450475
170 20.3630071197 1.37570977756 59.2218112338 0.00384418564027
171 20.1941417227 1.15168444227 58.4120783651 0.00802930180643
172 20.1784393741 1.01574507265 57.571511891 0.00628018032146
173 20.1503973868 0.684240527603 56.7926544925 0.00269797373868
174 19.9065692717 0.061057043146 56.2779927951 0.00375787997573
175 19.4294152798 -0.311667720539 55.6935829658 0.00554342933738
176 19.6039832646 -0.519012345193 54.9008895479 0.00659053841341
177 19.5281447945 -0.172654287874 54.14806146 0.00349117340237
178 19.2144148497 0.203765315224 54.8165472451 0.015524481472
179 18.9373583088 0.379896362493 55.5619723988 0.00273432860581
180 18.2698178334 0.373831057984 56.0223191053 0.0045732082471
181 18.3378863229 -0.0953077915934 56.6749393397 0.00810912669257
182 18.3016130246 -0.45046376918 57.3851777689 0.00531783915791
183 18.2679179903 -1.15481017081 57.7356305522 0.00588226766779
184 18.0364856234 -1.64089015199 57.1707412371 0.0139309897144
185 18.6280724071 -1.62194738789 56.6936671983 0.00640123289565
186 18.8912463902 -0.932449621946 56.5625207406 0.00715974714343
187 18.9655960343 -1.47622891356 56.0687056239 0.00972557519292
188 19.3550727181 -2.00252448287 56.368874801 0.00557319502548
189 19.7120695907 -2.4713921232 56.7640751494 0.00522929831243
190 20.016164083 -3.09979802589 56.7549734217 0.00454553335328
191 19.9046940937 -3.7758739475 56.8187502519 0.00964554780162
192 19.8465224235 -4.42377691116 56.6801604143 0.00642837270831
193 20.1188727747 -4.92426551603 56.3705767267 0.0065190807007
194 20.5013995302 -4.51443254277 56.0833357094 0.00574990413491
195 21.1118361309 -4.48061951334 56.0542654674 0.00258626662259
196 21.028908269 -4.12148503462 55.5750682136 0.0100839628938
197 21.449172714 -4.33907426806 55.8911096245 0.00851490693609
198 21.070739669 -4.35181994207 55.5114513441 0.00710093666021
199 20.9950917871 -3.87380342361 55.3656976771 0.00334000533798
200 20.9775876632 -4.01728874174 55.8348908643 0.0135138506791
201 20.5973483435 -4.13487091117 55.6899731544 0.0116245734155
202 20.2904075263 -4.29964415974 55.6373022087 0.0109255473632
203 20.0084462802 -4.3088077187 55.6630104599 0.00733079778039
204 20.0632237419 -4.09733885936 55.7647547493 0.0134352801792
205 20.2012215062 -4.0506636201 55.8526203643 0.00690491153849
206 20.1110531381 -3.98877861083 55.9347171134 0.00672333527197
207 20.0916690802 -4.02842247225 55.8377110035 0.00955340716138
208 20.1289782727 -4.0363063084 55.8959610098 0.016951105958
209 20.1119863089 -4.04203030194 55.8997626574 0.00919351577502
210 20.1103666033 -4.04409616781 55.8992384379 0.00335590869787
