0 0.111634343917 -0.971365214465 -0.175768654719 0.00529851951619
1 0.35792701601 -1.90542987477 -0.407566309916 0.0233660351266
2 0.689961914298 -2.78882388511 -0.717472913522 0.0012732659552
3 0.827447082982 -3.19049170888 -0.841298819904 0.00127317896006
4 0.995420072759 -4.07148770918 -1.26773734741 0.012878107562
5 1.30306016157 -4.89599402207 -1.72779480869 0.00548682172972
6 1.68893173093 -5.59283973455 -2.32075041928 0.00555597030609
7 2.14197510035 -6.28569932008 -2.86913008952 0.00261412700502
8 2.69227947848 -6.86337281471 -3.46028836684 0.00232079861268
9 3.38286487842 -7.32846832988 -4.00135427432 0.0032683469226
10 4.15750876087 -7.62288858796 -4.54833538864 0.00871784866261
11 4.87865619874 -7.95201989079 -5.14624349583 0.00398689090406
12 5.62703151643 -8.16042030732 -5.76458508573 0.00440379805072
13 6.24796792131 -8.54908585591 -6.4348038016 0.00701324960815
14 6.90768538333 -9.21239675826 -6.7671562601 0.00231841904287
15 7.72210863521 -9.6861195628 -7.08011365039 0.00198049618854
16 8.59875540639 -10.0828799195 -7.32441633546 0.00577438055582
17 9.49559085389 -10.4542393072 -7.53257356501 0.00337717174235
18 10.451619287 -10.701118958 -7.63538205794 0.00472807356017
19 11.4323483207 -10.7907128175 -7.76030992443 0.00466058745085
20 12.1978828908 -10.8786800881 -8.38619088736 0.00326648749004
21 12.8530952686 -11.1664834846 -9.07420365146 0.0013120141727
22 13.495184401 -11.4646502719 -9.77012264449 0.00557162186244
23 14.172642982 -11.7367339303 -10.4427603996 0.00217791286487
24 14.8727300501 -11.8890954212 -11.1298324946 0.00597664567678
25 15.605963377 -11.8830181211 -11.7989133503 0.00194445247945
26 16.3946637192 -11.8518562296 -12.4008078184 0.00801813244288
27 17.1604244767 -11.8167175112 -13.0313618209 0.00306714500763
28 17.9188127051 -11.7237565592 -13.6649211475 0.00575925291097
29 18.6844480127 -11.5762342209 -14.2790593337 0.0042482647025
30 19.4004510438 -11.3655335845 -14.9333064491 0.0101894757039
31 20.1404641396 -11.1664436359 -15.5639595276 0.00286875831591
32 20.8936787344 -10.9787358016 -16.1823273163 0.00380630181198
33 21.5663086517 -10.6209114406 -16.8182840732 0.0036411201583
34 22.2212579939 -10.3417224528 -17.5096486765 0.00381541465898
35 22.8116775968 -10.0896921433 -18.26645707 0.00490680363211
36 23.467041489 -9.88221978267 -18.9821795145 0.0047804743683
37 23.5866316574 -9.835557493 -19.1324455647 0.00061622583397
38 24.1743539741 -9.58075545388 -19.8899693953 0.00443390205391
39 23.5733165837 -10.2882388296 -20.2395870947 0.00612372231234
40 23.0391865074 -11.0725488429 -20.5285368928 0.00276490654187
41 22.4679701336 -11.801646089 -20.8835540764 0.00415918281526
42 22.0230854035 -12.5680746529 -21.3291364208 0.00592683771967
43 21.6633399945 -13.3333599097 -21.8475469225 0.00499738576573
44 21.4155591691 -14.05396086 -22.4824831432 0.00863756165766
45 21.1458563019 -14.8390403187 -23.0252374454 0.00412539114758
46 20.928366303 -15.6465492709 -23.5583849632 0.00315973370031
47 20.5624015192 -16.5426089333 -23.7743974111 0.00116020576645
48 20.2571226656 -17.4757600642 -23.9141349462 0.00314905173896
49 19.9908320969 -18.4190101003 -24.0652104083 0.00140908221788
50 19.6424682541 -19.3402079972 -24.1812803305 0.00341892630904
51 19.4714720897 -20.3104661466 -24.2942061106 0.013512685363
52 19.3753418154 -21.2771706743 -24.4928851939 0.00501731000781
53 19.3680486423 -22.2641344455 -24.5878040242 0.0042061918905
54 19.3126048677 -23.2517315616 -24.5193664702 0.00411411495437
55 19.4354481608 -24.2355801582 -24.5212514554 0.00291822013961
56 19.6592744669 -25.1930575739 -24.3941365132 0.0012847732576
57 20.0136698992 -26.118600247 -24.3663300545 0.00356020141379
58 20.0865590753 -27.0984671191 -24.2340208885 0.0048541367025
59 20.3285644668 -28.0517069508 -24.1088743296 0.00367558994262
60 20.6591306283 -28.9675700711 -23.9223989922 0.00303688320895
61 21.00055388 -29.8705254818 -23.6967463302 0.0104743918755
62 21.3788052317 -30.7299585461 -23.3789486718 0.00456086735768
63 21.6676970031 -31.590869815 -22.9814258852 0.00182357876935
64 22.0179334997 -32.4726742066 -22.6944415647 0.00209729289911
65 22.4709178121 -33.3082751656 -22.4131019751 0.0072377294506
66 22.9131673684 -34.1488103766 -22.1295617849 0.0128439868195
67 23.4149701395 -34.9850671791 -21.9530431338 0.00174219533426
68 23.8118393009 -35.8670822182 -21.7366742813 0.00621049969852
69 24.1520252048 -36.7117536704 -21.3454947436 0.00818244109201
70 24.5753854178 -37.5107981967 -20.940029736 0.00371948316589
71 25.2192070472 -38.2268207706 -20.7058757808 0.00902460780042
72 25.8254128713 -38.9763390561 -20.4764596188 0.00602209830022
73 26.543615255 -39.6573372302 -20.4293359723 0.00730182287317
74 27.3379982853 -40.157731516 -20.1126648047 0.00471249328729
75 28.0522647973 -40.721505823 -19.7206826985 0.00512019480573
76 28.8343665959 -41.1124536167 -19.2547532342 0.00678687800346
77 29.5668873504 -41.5404016442 -18.7430868276 0.00386414188712
78 30.2913302865 -42.0168314237 -18.2638593955 0.00285302555657
79 31.0647947819 -42.4632281733 -17.8350378548 0.00338604515676
80 31.7473069346 -43.0115517049 -17.3714826682 0.00523817204941
81 32.4953514994 -43.4630622624 -16.9047327995 0.00405733171484
82 33.2555213599 -44.0338265973 -16.6262508657 0.00251722994756
83 34.0205170787 -44.4786410925 -16.1811614714 0.00238022210964
84 34.8006043808 -44.8786575422 -15.7200732759 0.00621676974344
85 35.7150533862 -45.1782856164 -15.4855255759 0.00234189304895
86 36.6440379265 -45.316418512 -15.1710546406 0.00114424740385
87 37.4749588898 -45.7763165683 -14.8899405617 0.0118949646499
88 38.3783282077 -46.085229193 -14.6267468995 0.0031756391549
89 39.2806576287 -46.3879735161 -14.3531160922 0.00185297741144
90 40.2174050563 -46.5079768979 -14.0551138406 0.00422581572303
91 41.1877069695 -46.6436310711 -13.9111511417 0.00514832289299
92 42.1367602775 -46.7264057058 -13.6409750554 0.00210787475926
93 43.0954799867 -46.7641379247 -13.3961405351 0.0129595760541
94 44.0403765704 -46.7673580114 -13.1003829169 0.0045915903462
95 44.9935292081 -46.5061712259 -13.0412955097 0.00508475562514
96 45.892303351 -46.1374052517 -12.8506269314 0.0112238290855
97 46.7783965843 -45.6995126068 -12.795581584 0.00300340185
98 47.5505646442 -45.0830857667 -12.7350360529 0.00338361753896
99 48.1766193604 -44.3163572893 -12.739080916 0.00472806448257
100 48.6718537723 -43.4757803961 -12.9062240233 0.00495020826848
101 49.0810365695 -42.6004770023 -13.120931561 0.00633068162825
102 49.4181266202 -41.9717954366 -13.3113948069 0.00294080193674
103 49.7850497512 -41.0647126182 -13.4584099863 0.00344707878365
104 50.138337627 -40.1518057932 -13.6025355474 0.00533930819181
105 50.3890135242 -39.2337860782 -13.8732894231 0.00216637231731
106 50.0891004293 -38.3559034707 -14.2171754674 0.00559013566089
107 49.7255324262 -37.5046537676 -14.5664254655 0.00726099324382
108 49.3612921191 -36.6450376837 -14.8935863065 0.00105466895386
109 48.9182558179 -35.7629686147 -14.9588634875 0.00413202786051
110 48.4445648966 -34.9062643024 -15.1009625108 0.00332187663278
111 47.8805685843 -34.0941589416 -15.1299741511 0.00618003594822
112 47.2064224698 -33.3705897857 -15.1124401962 0.00213457231857
113 46.442383464 -32.7499204856 -15.0159523294 0.00709075249352
114 45.6483993774 -32.1848152792 -14.8473876426 0.0035083102086
115 44.9555191254 -31.5514240358 -14.5361645448 0.00251265556871
116 44.2181794833 -31.1971388664 -13.9803129749 0.00209211630225
117 43.6387657929 -30.8067478559 -13.2802692046 0.00350992709763
118 43.0433845095 -30.3354408471 -12.646647104 0.00670506403629
119 42.4227596174 -29.9512268995 -11.9794307579 0.00921928656392
120 41.7265343443 -29.7119505365 -11.3192738997 0.0060736065821
121 41.0016549055 -29.526967293 -10.6727491172 0.00379345737969
122 40.3090072764 -29.3883021093 -9.98092359207 0.00410729616081
123 39.6137670476 -29.2515888852 -9.2913739612 0.00484990410255
124 38.964104452 -29.0495536173 -8.57404122248 0.0073008618963
125 38.2387982821 -29.1882556817 -7.91680563105 0.00311176187569
126 37.5401622038 -29.504345189 -7.29296217473 0.00584877490052
127 37.0365594186 -30.0687279415 -6.65662272937 0.00581658697842
128 36.5696687446 -30.5935621446 -5.96124922061 0.00436468347544
129 36.0968010585 -31.1476589228 -5.29323035959 0.0050742292476
130 35.5514852483 -31.6314788626 -4.62590866457 0.00423039320077
131 34.9509248627 -32.19607151 -4.08076403066 0.0043312902858
132 34.585782398 -32.932849208 -3.53271405929 0.00198041308605
133 34.3189438897 -33.6648667876 -2.92488009491 0.00448586808719
134 34.1387699169 -34.2590563983 -2.15612515902 0.00856220601681
135 34.1121369051 -34.9883804481 -1.49006230658 0.00272398219279
136 33.9875053626 -35.8387159526 -1.00270722728 0.00547654043943
137 33.7289418759 -36.602271824 -0.431601737039 0.00547262907558
138 33.6290302664 -37.4554533382 0.0562250026455 0.0039456535399
139 33.5548899639 -38.384075742 0.384701841187 0.00247083469804
140 33.7057406432 -39.2952255196 0.735035924774 0.0049366083965
141 33.9229315551 -40.2208339861 1.00266901428 0.00493951670192
142 34.2445692155 -41.1365532882 1.18550417466 0.00418258679152
143 34.5683629662 -42.0349596988 0.933787822847 0.00344378787533
144 35.1837127774 -42.8019770459 0.842884354268 0.0052757328153
145 35.8230190023 -43.5453436199 0.725379593308 0.00958459368297
146 36.5244019732 -44.2041128293 0.504047905567 0.0037972667449
147 37.2884873336 -44.7390402769 0.180223048612 0.00232289322107
148 38.0721365876 -45.277677096 -0.0853521196934 0.00276491207412
149 38.9059720069 -45.703050987 -0.399178882681 0.0105419516596
150 39.7595505181 -46.0436408143 -0.759556683461 0.0258601689275
151 40.6346551768 -46.3828124628 -1.06445554024 0.00491723751917
152 41.5236306797 -46.7616130149 -1.26418543471 0.00302534019874
153 42.2658224175 -47.2976278651 -1.63224035458 0.00538816005144
154 43.0577247058 -47.7808174275 -1.96823740628 0.00294769283342
155 43.9327638491 -48.1989701878 -2.14939159322 0.00611634421228
156 44.366260181 -48.895983215 -2.69672896582 0.00366745022047
157 44.7313624047 -49.5877627941 -3.2978927301 0.00656145797975
158 45.1049799606 -50.3437232107 -3.80972290584 0.00570990583158
159 45.4669165834 -51.0806451634 -4.35639326885 0.00251858793107
160 45.828884135 -51.7561836534 -4.97728018382 0.00350504004316
161 46.1554377274 -52.5134691845 -5.51822024746 0.00462545255964
162 46.4897052249 -53.3122390906 -5.99024513464 0.00582906398861
163 46.7433257382 -54.0972864869 -6.53045361655 0.00500135854776
164 46.982119465 -54.8213858646 -7.15576502696 0.0113772661958
165 47.2078522123 -55.6116158738 -7.70035024502 0.00829091390155
166 47.5718954038 -56.3723898423 -8.21067656365 0.00667076509311
167 47.9684009796 -57.1254536928 -8.70788494662 0.00358940063308
168 48.0758705943 -58.0608859878 -8.99903755261 0.0012712715007
169 48.341840584 -58.9347290279 -9.36917255028 0.0041830243134
170 48.6508158899 -59.8347349117 -9.62550553789 0.00405546554397
171 48.9266008442 -60.7768035075 -9.71200890328 0.00399960394814
172 49.0633213733 -61.1736509448 -9.76203318736 0.00106722988792
173 49.3105825312 -62.1190077701 -9.87779667556 0.0052450776039
174 49.7654543315 -62.9908810184 -9.84651705051 0.00455090239105
175 50.2858749631 -63.8112946204 -10.0013939589 0.00262010952579
176 51.007140623 -64.4711876274 -10.1114897194 0.0127318169364
177 51.7737461434 -65.0524049607 -10.3161066045 0.00363546537089
178 52.7146253901 -65.2569761985 -10.5164307921 0.00435712123779
179 53.6462094933 -65.2887603922 -10.8298757115 0.00231238342489
180 54.559350029 -65.4768415415 -11.1426402579 0.00452856890374
181 55.4834681004 -65.54703896 -11.4711803106 0.00408125904049
182 56.4516598464 -65.6846440505 -11.5727779829 0.00509347698844
183 57.1856210176 -66.1997390864 -11.9759247958 0.0041438188291
184 57.8337872988 -66.8203002357 -12.3773924183 0.00382941083251
185 58.5907657723 -67.2575364323 -12.8269234915 0.00278809375687
186 59.2969841618 -67.7373742317 -13.3139504672 0.00104177966026
187 59.87563004 -68.3635828041 -13.8030076921 0.0139496388129
188 60.4708281945 -68.9163764057 -14.3560002376 0.0119916425129
189 60.3831352115 -69.1962844711 -15.2938026666 0.00320215401478
190 60.1861936382 -69.5904858931 -16.1719470806 0.00220759788944
191 59.9844228667 -69.9023401109 -17.0815069862 0.00158222760644
192 59.8464948834 -70.2921472417 -17.972689361 0.00517603902632
193 59.5576247105 -70.4811059465 -18.8923903326 0.0056580991857
194 59.2170382716 -70.7309310936 -19.7791377099 0.0029616542398
195 58.9958981335 -71.1728832772 -20.6278688812 0.00299170807053
196 58.7402178006 -71.5795719179 -21.484422984 0.00428281957071
197 58.3284291282 -71.977951716 -22.2818789794 0.00274781767004
198 57.8752531815 -72.4599343577 -23.0073801266 0.00112467528376
199 57.1749132462 -72.851618283 -23.5730284116 0.00394275255734
200 56.6084843928 -73.5009566836 -24.0432804594 0.00202749355411
201 55.9697636798 -74.2280215598 -24.2070521048 0.00413944812968
202 55.3011888703 -74.9033568104 -24.4523670373 0.0014566353856
203 54.7317783969 -75.5839125461 -24.8717413404 0.0045469244159
204 54.3160746386 -76.3191414169 -25.3714767254 0.00346273265571
205 54.1461360593 -77.1039696986 -25.9355359042 0.00932875228335
206 54.0408151277 -77.930259965 -26.4538984132 0.00242493566835
207 53.8837883115 -78.8008255654 -26.8779717331 0.00245507696807
208 53.782661618 -79.7028802965 -27.2498745214 0.00321049288629
209 53.8595262273 -80.6378436199 -27.5362174116 0.00605335137359
210 54.0160751313 -81.5714782044 -27.7923120325 0.00674511733798
211 54.2820610243 -82.5043172619 -27.935426541 0.0038390544324
212 54.6255539715 -83.4076382228 -28.1005481692 0.00281902117382
213 54.6849911979 -84.3775861976 -28.2300385278 0.00515919844833
214 54.8230389115 -85.3333024337 -28.3985862859 0.00627363284407
215 54.6979463623 -86.242928766 -28.0557363793 0.00583860182529
216 54.5127010333 -87.1789932198 -27.8326940213 0.00737506727273
217 54.3395903748 -88.1429595715 -27.8587652538 0.0027409201036
218 54.1945133615 -88.9672732141 -28.3680581294 0.00559794530022
219 54.1979645697 -89.8350939656 -28.8224522128 0.00694985087231
220 54.0182200245 -90.6360503728 -29.3567349867 0.00375667284446
221 53.9528850796 -91.500074141 -29.8130702958 0.004443964482
222 54.007959944 -92.3996127198 -30.195912156 0.00289016821424
223 54.1322031805 -93.2119624027 -30.728234996 0.00357064559623
224 54.2356792791 -94.0735135418 -31.1815481024 0.00382966344888
225 54.0729362725 -94.9005306234 -31.6793968706 0.00405971059519
226 53.9927554262 -95.7051605042 -32.2309942116 0.00527670810675
227 54.0228845368 -96.4941430654 -32.8093119521 0.00364352095721
228 54.1522141084 -97.2275128706 -33.4442494425 0.003147325597
229 54.148723071 -97.9434643922 -34.1113035755 0.00522428451008
230 54.3283994129 -98.6989309602 -34.7064407 0.0032877009153
231 54.4676534518 -99.3711630227 -35.4034536328 0.00369826163053
232 54.65182135 -99.9855487801 -36.1420756585 0.0036425849806
233 55.0568215322 -100.617165503 -36.7695016403 0.00275118452377
234 55.6764625912 -101.102577861 -37.3498866819 0.00433194934396
235 56.3695537399 -101.536863885 -37.8857581367 0.00942611305782
236 56.9460030525 -102.257549214 -38.2078762396 0.00170774802016
237 57.7161078132 -102.77011241 -38.5233971262 0.00345346979461
238 58.5133942713 -103.218606507 -38.8673882623 0.00405768215617
239 59.3923784881 -103.490105113 -39.1968789372 0.00198434456967
240 60.3334961853 -103.389809371 -39.4397105132 0.0067716866016
241 61.245382488 -103.084903233 -39.6122900774 0.00212058971571
242 62.1166527782 -102.736750917 -39.8840782263 0.00181197382746
243 62.8322549747 -102.193846941 -40.2678807373 0.00327180674657
244 63.3606921985 -101.467583975 -40.6515813272 0.00301302176682
245 63.8737721751 -100.849325108 -41.2068947615 0.00364366025575
246 63.8079949828 -100.199415863 -41.9329137032 0.0050091965923
247 63.8835418459 -99.6779361644 -42.7550838823 0.0049947654954
248 64.1478558586 -99.2669154962 -43.6003776129 0.0469267768353
249 64.3778834214 -98.6101337021 -44.2827398172 0.00522479744539
250 64.5388387762 -97.7968679341 -44.7946242958 0.00320234348473
251 64.6024980551 -96.9566458858 -45.2835525527 0.00965446912806
252 64.7262859765 -95.9917095593 -45.2421556169 0.0277310840837
253 64.6847674552 -95.0314698716 -45.093209133 0.00262523333476
254 64.6253605787 -94.0608297321 -45.0853299455 0.00280457173568
255 64.3745607622 -93.1444039272 -44.878435171 0.00149690485565
256 64.0207966221 -92.2604233316 -44.6813469379 0.00186285874269
257 63.1296338363 -91.9247675729 -44.4853284159 0.00497884517664
258 62.171992431 -91.7823336703 -44.3990288969 0.00700223278755
259 61.2186685367 -91.631421584 -44.2866925838 0.00479104078942
260 60.2809834682 -91.6805764956 -44.037324771 0.00411307305872
261 59.4466674432 -92.0156486878 -43.669617578 0.00220315674408
262 58.7467716009 -92.6634422427 -43.4858187088 0.00803293759972
263 58.3749767448 -93.4768598078 -43.1079519916 0.00373977094328
264 58.3201368904 -94.2013282872 -42.4639553407 0.00587746874079
265 58.629469354 -95.0093429653 -42.024339378 0.00321935950246
266 59.1449685654 -95.8161637054 -41.8672725397 0.0011101284853
267 59.8790083287 -96.4501424298 -41.844961911 0.0055144442263
268 60.2546177015 -97.3083061869 -41.5934510576 0.00462200962853
269 60.7591188025 -98.0548041588 -41.2348002458 0.00187328872965
270 61.2795616764 -98.7675614132 -40.8330779532 0.0123559235538
271 62.0549931231 -99.2752280883 -40.5503224318 0.00434059452781
272 62.8824957921 -99.7112841312 -40.2981074737 0.00585725941825
273 63.8308611897 -99.8847983951 -40.389540519 0.00792530756305
274 64.4823714044 -100.561725944 -40.1563113256 0.00308554516288
275 64.9764679794 -101.325827336 -39.8263955793 0.00595512812778
276 65.4260721652 -101.990943534 -39.2861461335 0.00263711343025
277 65.949389649 -102.668117056 -38.834938469 0.00915624390985
278 66.6331550517 -103.297789725 -38.5687737573 0.00543424138194
279 67.5951580555 -103.383958121 -38.5326212004 0.00323146528721
280 68.5168198531 -103.590419838 -38.328232493 0.00546970065847
281 69.4805355877 -103.52397576 -38.3232085005 0.000997821026784
282 70.4399070508 -103.412234072 -38.3371044121 0.00252492359736
283 71.3729530741 -103.186401265 -38.443013719 0.0051734185757
284 72.0849135431 -102.566033501 -38.6441959808 0.00962848343913
285 72.626209282 -101.767284419 -38.6480684502 0.00492091772821
286 73.0065338589 -100.88701549 -38.5436377071 0.00379742694195
287 73.2415976204 -99.9713170771 -38.7339695198 0.00150912455989
288 73.5201073727 -99.0691317604 -38.5382847626 0.0107526531602
289 74.3340220837 -98.5799812527 -38.7016566453 0.00343825156601
290 75.1251595246 -98.0590215509 -38.5265107061 0.00520527358436
291 75.9022485268 -97.5915270435 -38.2025340372 0.00268139661337
292 76.5246186072 -96.8937817341 -37.9728279026 0.00508265757827
293 77.3133023131 -96.3665052878 -37.8109720323 0.00267673256635
294 78.0010936371 -95.8326305259 -37.4011272476 0.00467716762116
295 78.5465808918 -95.4276855723 -36.7197720773 0.00299116113777
296 78.7951915595 -94.9468317979 -35.9244403011 0.00689660812118
297 78.9790496644 -94.4758037755 -35.1065237338 0.00442488055075
298 78.7603755076 -94.4232489132 -34.1717985964 0.00164009899042
299 78.9183795163 -94.5129845547 -33.2278385508 0.00309165274463
300 79.7243419058 -94.6856320716 -32.7344782458 0.00457355199048
301 80.6386810447 -94.8293626096 -32.4791319216 0.00242997361786
302 81.5489934385 -94.9530626688 -32.2006399353 0.00176609447516
303 82.4180480166 -94.7049689443 -31.8773894705 0.00226584738604
304 83.3043739396 -94.3831305021 -31.6993365229 0.00606525734387
305 84.1942059276 -94.0972079861 -31.4839546522 0.00419287899992
306 84.4562782642 -93.7511060907 -30.6285339871 0.00296914960132
307 84.4719406592 -93.2464318066 -29.8132333286 0.00486021148187
308 84.9092813675 -92.6429292644 -29.2107480127 0.00742248798216
309 85.2084642666 -91.8629944689 -28.7425021709 0.00657532930768
310 84.4562835199 -91.3052674188 -28.9396733551 0.00580472254232
311 83.7977599197 -90.6200281825 -29.0467968474 0.004683808814
312 83.2032197959 -89.9046374448 -29.2673843521 0.0049173874011
313 82.5073109028 -89.2553821109 -29.3520654257 0.0143214787641
314 81.6969251816 -88.9384132661 -29.7437310473 0.00400450215733
315 80.8721455909 -88.9551210994 -30.2227061646 0.00248522853776
316 80.1235663173 -89.0430871299 -30.8071253233 0.00357845314743
317 79.4417075688 -89.2738370746 -31.4323191756 0.00257502861063
318 79.0825654303 -89.6111509035 -32.2485308607 0.00129679820781
319 78.9899148153 -90.0817060126 -33.0723795156 0.00261934314079
320 79.2607636474 -90.562335398 -33.8493884524 0.00617678057138
321 79.4913756865 -91.289733193 -34.4187367195 0.00381216912197
322 79.553868729 -91.6780443919 -35.2857144774 0.00358741024248
323 80.2346955884 -91.9024772726 -35.9111312047 0.00625754954904
324 81.1007743984 -91.6230344724 -36.1850822877 0.00632068969724
325 81.9779587585 -91.3126344896 -36.374841107 0.0052853869686
326 82.7718380532 -90.9188376327 -36.035050948 0.00580913350504
327 83.4488766678 -90.3465608596 -35.6980169211 0.00272801266833
328 84.1378795839 -89.7190112854 -35.8717169869 0.00347210117392
329 84.4592268289 -88.8339353565 -35.9778310066 0.00479196412689
330 84.2209439902 -88.0183283573 -35.5594483199 0.00979329348547
331 83.7324387329 -87.3295374602 -35.1332711739 0.00288579851521
332 83.5262908674 -86.9155462843 -34.3080658673 0.00565060321478
333 83.0002152629 -86.2523770571 -33.8885240368 0.00387320749166
334 83.3755719672 -86.1280162363 -33.0305000926 0.00422214343293
335 83.9988060274 -85.8920466791 -32.3620220897 0.00336723151555
336 84.8083922915 -85.8118984521 -31.8846978431 0.00391995564278
337 85.6235166154 -85.888905736 -31.4175012544 0.00680732323074
338 86.3518215086 -85.6341381734 -30.8775230281 0.00580737954593
339 87.0136170209 -85.4472654247 -30.2351680953 0.00506706381496
340 87.8291203708 -85.1131521235 -29.9083310004 0.00536917329521
341 88.3954956987 -84.4892396747 -29.4935942694 0.00883718003417
342 89.0317877669 -83.9946428705 -29.0139952641 0.00458204800629
343 89.6097555999 -83.4108708771 -28.5632135749 0.00367919507996
344 89.7546453295 -82.8126134134 -27.8571277448 0.0115704503563
345 89.770897852 -82.1703471842 -27.1782537087 0.0031973779461
346 89.4435281336 -81.6915754625 -26.4459081097 0.00411980823299
347 89.2473705903 -81.3961873487 -25.5821830791 0.00304216687562
348 88.5029062038 -81.4365339403 -25.0218588526 0.00261002696121
349 87.5987407374 -81.5748498664 -24.8438867775 0.0040218546723
350 86.6734686911 -81.4803334526 -24.8019141875 0.00334721143509
351 86.0574678569 -81.6258077747 -24.1192981163 0.00309234448824
352 85.3949003213 -82.0963048174 -23.6670408103 0.0064113533736
353 84.9464924594 -82.5737330562 -23.0082692955 0.0165009505396
354 84.6144712702 -82.9117004616 -22.2129952734 0.00623543437909
355 84.3589852992 -82.8765938229 -21.3252007723 0.0106950045894
356 84.1698830122 -82.9875510835 -20.429639718 0.00434656857154
357 83.2504079089 -83.004180751 -20.453494613 0.00570542529468
358 82.3799960674 -82.7212685964 -20.3760834648 0.00405097052801
359 81.6235882733 -82.2626007121 -20.6196470063 0.00534292574703
360 81.5694865904 -81.3599270021 -20.4733040841 0.00693869181199
361 81.5496761939 -80.5266457954 -20.0975034122 0.00364280371306
362 81.1290054328 -79.8706253374 -19.6210719948 0.00395183315291
363 80.4576574263 -79.3387766018 -19.3074687984 0.00275390412836
364 80.0592414183 -78.9398736676 -18.5907847423 0.003338450229
365 79.5549509323 -79.0917276636 -17.8475343688 0.00379518781443
366 79.2100782361 -79.0210365295 -17.0083938239 0.00428788338541
367 79.3000185607 -79.3379407315 -16.161515748 0.00566878371856
368 79.5702002214 -79.7075951065 -15.3788667926 0.00354992178221
369 79.9769979468 -79.948689515 -14.6065761446 0.00601241900708
370 80.2453853817 -80.0498096967 -13.7495354274 0.00990217445417
371 81.1149083617 -79.8231048479 -13.7172391066 0.00817756657273
372 81.872596008 -79.5966366864 -13.2951349029 0.00655901172627
373 82.2912711078 -78.8766437982 -12.9709270943 0.00466626803654
374 82.248413644 -78.4492424451 -12.1883647783 0.00567964940392
375 82.5980496981 -77.8201283461 -11.6651905537 0.00399450448934
376 82.9067699085 -77.1280661527 -11.2022932132 0.00568563031215
377 82.6554479111 -76.5436516337 -10.5859484969 0.0106381301577
378 82.5529579257 -76.0671914811 -9.85190386507 0.00360834563134
379 82.3213706996 -75.4094930372 -9.31687170467 0.00460766668862
380 81.6852490638 -75.3198177791 -9.91346659363 0.00609288692706
381 80.9396815209 -75.165695608 -10.3411175487 0.0113175948231
382 81.0141368141 -75.1606536294 -9.47631665894 0.007302790182
383 80.7567019568 -74.9636387936 -8.67597591901 0.00320535156469
384 80.5627115592 -74.1261443809 -8.64368224637 0.00467037161408
385 80.7651734413 -73.6740492511 -7.9427729536 0.0229771547091
386 80.6233032787 -72.9679998017 -8.37797338129 0.0240967388793
387 80.4306166328 -72.1717109539 -8.33477668739 0.00374431316967
388 79.8071787089 -72.1584802868 -7.80618478597 0.00664370995948
389 79.1024121881 -71.7847429697 -7.94763067862 0.00411140556548
390 78.6056082269 -71.1508488346 -7.97339153058 0.0081937341251
391 78.2057826507 -70.701456025 -7.45439251865 0.00311021141424
392 78.3161927848 -70.1266552849 -6.92270905677 0.00676498158708
393 78.5029038501 -69.3868058787 -6.75391655266 0.00441875176982
394 78.9212021322 -69.4033028048 -6.09978166009 0.00284144801941
395 79.348963214 -69.2140657298 -5.48494639946 0.0117085931941
396 79.7826501338 -68.6539176946 -5.74374724247 0.00948008813795
397 80.0983428801 -68.1930085641 -6.22767181429 0.0139935637441
398 80.2950871469 -67.8747427894 -6.83554407231 0.00806808423801
399 80.8340452928 -67.8275999296 -7.27424580545 0.00889526781251
400 80.6560871362 -67.5264463027 -7.8534599385 0.0161687254573
401 80.5209828456 -66.9279482183 -7.69882390946 0.0109661440029
402 80.457863047 -66.4241480409 -7.38133216447 0.00915836810146
403 80.3311255607 -66.2801058111 -6.84750435514 0.00409700760765
404 80.353016213 -65.8891343362 -6.45961842157 0.00850677757607
405 80.0541411451 -65.8503617428 -6.87882470272 0.00481079187271
406 79.6346190261 -66.0698416051 -7.02058529286 0.0084414518962
407 79.1877902935 -66.0939453272 -6.9460721026 0.0361081559692
408 79.1256223443 -66.0566993983 -7.17437747171 0.00916500484475
409 79.0417375172 -66.1316329201 -7.32804913883 0.00521665373781
410 78.9565812478 -66.0296272559 -7.23190876193 0.00737721175403
411 79.0380690329 -65.9407884599 -7.27715712571 0.00634849565803
412 79.0806718449 -65.8677267813 -7.22159595968 0.0149924163662
413 79.1146428985 -65.8641531375 -7.25239099721 0.00887294753853
414 79.1127749214 -65.8754879193 -7.27045765262 0.00853375930534
415 79.1175095205 -65.8771527838 -7.27132523072 0.00532542177002
