0 0.448239478737 0.256215514546 0.848818204051 0.00489485461302
1 0.960889085726 0.409483880387 1.68590302425 0.00166833634949
2 1.42663628721 0.670852340489 2.52361658157 0.00608054198297
3 1.78207237288 1.09177160418 3.35031752684 0.00331419289779
4 2.24053748977 1.45621853935 4.15274726002 0.00960102608109
5 2.59305903042 1.74879346484 5.03421237882 0.0054041421164
6 3.00065327336 2.0011423878 5.90426300342 0.00612612472538
7 3.24548535884 2.29416038717 6.82130407448 0.00301733729481
8 3.30385614714 2.76560912272 7.69368664762 0.00608229251385
9 3.21894593876 3.17802126695 8.59334567927 0.00511688949462
10 3.13780023941 3.65342277017 9.46169529554 0.00755958854668
11 3.05427171389 4.15864535153 10.3127660753 0.00309215998921
12 2.78339175537 4.5969895156 11.1618823102 0.0172506874069
13 2.39719351618 5.0418008519 11.9614690985 0.0033435411899
14 1.91897722916 5.36967404732 12.7677726916 0.00267065151212
15 1.32533100111 5.69228695723 13.4956256172 0.00802071455796
16 0.640934268761 5.98044333742 14.1549704176 0.00416829102097
17 -0.0805186319318 6.2170487897 14.7950074585 0.00605353642771
18 -0.804807045983 6.53151390876 15.397148665 0.00298740143693
19 -1.50588283562 6.76650976719 16.0599575086 0.00322977299927
20 -2.18207710852 6.87120161019 16.7795648643 0.00934768359188
21 -2.99224397823 6.62439882314 17.2978351151 0.00532574490475
22 -3.72703198864 6.21390390618 17.8245394029 0.0131106470828
23 -4.38787665211 5.92187789614 18.5055382536 0.00274156154754
24 -5.02200567054 5.61540794834 19.2053170229 0.00447111623105
25 -5.69293110899 5.44058828284 19.9159440734 0.00349551825174
26 -6.34018440902 5.33241957855 20.6609501708 0.00354178358347
27 -7.07400452082 5.28270410126 21.3277680739 0.00399097719096
28 -7.42392662976 5.22953117485 21.6788624258 0.00183751610626
29 -8.13752359706 5.05799361127 22.3471094818 0.00645082083067
30 -8.91100167851 4.76965233163 22.8981884478 0.00441153743971
31 -9.65385040649 4.36374000938 23.4163128954 0.00517878211264
32 -10.344014298 3.90401622252 23.961585821 0.0188594418333
33 -10.8799853537 3.31381864818 24.5525245653 0.00215094985989
34 -11.3704262773 2.65335758929 25.1075307521 0.00403914016904
35 -11.7965008134 2.04771585485 25.7681523187 0.00218427647323
36 -12.1699143609 1.47491471951 26.4873328263 0.00742956755161
37 -12.5868602067 0.943336853766 27.2141495306 0.00276646829205
38 -13.0074289783 0.421821471398 27.9461308624 0.00272407888783
39 -13.31691785 -0.367996349008 28.4608706705 0.0266510415196
40 -13.7192038627 -1.09265956768 29.0061150153 0.00197298307125
41 -14.1163484648 -1.84492804105 29.5166032854 0.0122867700374
42 -14.4919590211 -2.59472769111 30.0465196349 0.00575965649732
43 -14.6078572033 -3.3484755074 30.6809421564 0.00474362138487
44 -14.4730193932 -4.09900681167 31.3153917908 0.00756056582977
45 -14.6622427903 -4.53158685945 32.1877923444 0.00387956809215
46 -14.7896837255 -4.98014453665 33.063306178 0.00383042411488
47 -14.8912891089 -5.4902720621 33.907910329 0.00423515373576
48 -14.8064984357 -6.06187988868 34.7140848081 0.0123905891126
49 -14.8439960709 -6.60889814525 35.540564017 0.00618101975685
50 -14.7700145463 -7.17682284541 36.3502606797 0.00482871086473
51 -14.7500124358 -7.51404798793 37.2827308032 0.00718238090276
52 -14.5895594392 -7.887922024 38.1871599533 0.00257516325033
53 -14.4551798963 -8.3671238472 39.0449314208 0.0426919715042
54 -14.2753813916 -8.93599291133 39.8367344282 0.00320520853138
55 -14.0800270979 -9.54809399506 40.5917192026 0.0030157150398
56 -13.931335641 -10.1294910734 41.3808182186 0.00316325690423
57 -13.782108779 -10.6896521092 42.1850106231 0.0113501740636
58 -13.1374104647 -11.3465973822 42.5527867579 0.00328475614681
59 -12.3557472357 -11.8603600968 42.8806131995 0.00260842416231
60 -11.5676745269 -12.4106523709 43.1224594011 0.0123375959185
61 -10.6722508944 -12.8039992368 43.2827274068 0.00758744113891
62 -9.74539556008 -13.1059613423 43.4611815078 0.00473069189466
63 -8.8287863873 -13.4089840027 43.6848602183 0.00407163362297
64 -7.8821522438 -13.6232406583 43.8847225312 0.00199755876302
65 -6.92781802354 -13.705353799 44.1385926519 0.00391123125293
66 -5.96802024775 -13.7360301991 44.383003938 0.00370131244085
67 -5.04366235006 -13.7982338566 44.7345006501 0.00249153619118
68 -4.09847102772 -13.9168260952 45.0071824496 0.00309949878182
69 -3.16991880783 -13.9872273243 45.3457214798 0.00287630448108
70 -2.28516764737 -14.0153097489 45.7909019217 0.00435905888089
71 -1.53025964775 -13.9969935601 46.4324164611 0.00242835743222
72 -1.10664188337 -14.1468090526 47.3155617384 0.00446690337844
73 -0.725679149226 -14.2756209703 48.2211364515 0.0119435781593
74 -0.302851565043 -14.383146139 49.1106664501 0.00674998491708
75 0.140485034809 -14.3478839746 49.9959439416 0.00482504841753
76 0.597253977209 -14.4057237909 50.8731256827 0.00486721904686
77 1.06571062509 -14.5644008985 51.7314485659 0.00421439022311
78 1.45973463821 -14.6454290377 52.6367061181 0.0098595308949
79 1.96424085636 -14.6053837599 53.4881767527 0.00329560339101
80 2.38570577592 -14.6248640254 54.3843326453 0.00439482106679
81 2.76951969735 -14.6316719586 55.2973993722 0.00660350617871
82 3.18718071841 -14.58175555 56.1940635183 0.0045576399851
83 3.54538856343 -14.4543051924 57.1085701997 0.00438049355357
84 4.02070020177 -14.2020979988 57.9399744861 0.00330568309375
85 4.60019863531 -13.9739409818 58.7099122255 0.00413847462826
86 5.22861454981 -13.7502852318 59.4418038162 0.00247994224331
87 5.76681843122 -13.5674974845 60.252679985 0.00515794571778
88 6.38650944731 -13.2984954167 60.9766199097 0.00817423123616
89 7.13382279137 -13.6593864246 61.5165629012 0.00573430250279
90 7.78114383654 -14.1291395841 62.1000767101 0.00313662330468
91 8.43369752093 -14.5295468097 62.727767219 0.00170249244322
92 9.09856318385 -15.2233179214 62.9657592296 0.00296881719925
93 9.76809494801 -15.8887821142 63.2638384831 0.00372149669058
94 10.4954776195 -16.4980138228 63.5460664914 0.00514045701934
95 11.0628260506 -17.2599615064 63.8242139797 0.00327213449505
96 11.687565732 -17.9377980311 64.1847906208 0.00289514548329
97 12.0659508866 -18.6059857051 64.8094252101 0.00367293326323
98 12.5731264333 -19.1368159546 65.4733274125 0.00432511276932
99 13.2184137766 -19.5975052531 66.0658127761 0.00540734825222
100 13.8339723746 -20.0276203247 66.710551477 0.00488966976341
101 14.3780146214 -20.5618379612 67.3415337216 0.0337825791797
102 14.896280937 -20.9882800501 68.0685182107 0.0028759357638
103 15.4486343518 -21.3003218632 68.8277680464 0.0108674342783
104 16.1427460276 -21.5779189611 69.4757017902 0.00643979156038
105 16.9031794546 -21.724544072 70.0911505569 0.00380962607376
106 17.4774181144 -21.7846072399 70.894397061 0.0036131908364
107 18.1331912799 -21.8992011124 71.6260282898 0.0112484713729
108 18.6855464914 -22.0053736924 72.4396133875 0.00310775627927
109 19.1800651597 -21.9904248146 73.2960508961 0.00401513627042
110 19.8469166721 -22.0289026406 74.0253884603 0.00627169939356
111 20.4633168975 -21.925692784 74.7918108502 0.00546260007264
112 21.0300493052 -21.7711359298 75.58732484 0.0101166403484
113 21.5280658821 -21.6287308123 76.4296116606 0.00374176877713
114 22.0863547992 -21.3891251514 77.2096990976 0.0253728392356
115 22.5536611035 -20.9050680797 77.9338540643 0.00498818087768
116 23.1177661132 -20.505316912 78.6402236105 0.00213534078557
117 23.617258838 -20.1115362897 79.3967961185 0.0085543104056
118 24.0165362914 -19.6603194397 80.180234829 0.00532716391199
119 24.4207152555 -19.2690876341 80.9928099844 0.00383143592943
120 24.7035947965 -18.8851791739 81.8584018246 0.00819710722867
121 24.9437957207 -18.5234329922 82.7460611192 0.00354290157935
122 25.0768692062 -18.2243274012 83.6784128849 0.00326886879816
123 25.1892817327 -17.7946946523 84.5610927668 0.00441072828351
124 25.3479953057 -17.4725222176 85.4815770533 0.0049434968989
125 25.4728849757 -17.2714893295 86.4408404884 0.00455544393976
126 25.6391727115 -17.4018331912 87.4059627153 0.00318436867296
127 25.7161678578 -17.5728326891 88.3759452699 0.00529935366798
128 25.8277339014 -17.8400217934 89.3204342043 0.00345715397418
129 25.8136352774 -18.0502839797 90.2855384026 0.00440531356991
130 25.9415758983 -18.1294915471 91.2618077799 0.0051079838399
131 25.8854160522 -18.1840062886 92.2464444395 0.00385930642454
132 25.5158720855 -18.742719222 92.9721407057 0.00620178933575
133 25.2156552219 -19.3444897613 93.6952963057 0.00311441197318
134 24.8865648635 -19.9993869624 94.3570451733 0.00854665283251
135 24.5479141374 -20.5874599471 95.0742751907 0.00618675557228
136 24.0695242647 -20.9628987594 95.8521012454 0.00242063724886
137 23.7326619744 -21.4389576367 96.6487636919 0.00548455521465
138 23.3956822591 -21.9276822754 97.4375818905 0.00248132010991
139 22.9611458065 -22.2746791682 98.2532847307 0.00495571382974
140 22.5737017493 -22.7596714167 99.0208227356 0.00275138535274
141 22.2988048318 -23.3644343917 99.7509225518 0.00629090674963
142 21.9464903655 -23.9464050908 100.466024707 0.0097635387301
143 21.4492233631 -24.508589337 101.106782006 0.00089571448481
144 21.1398583709 -25.2387041936 101.694207561 0.00409325579008
145 20.8437854258 -26.0082397906 102.236306509 0.003514592381
146 20.8142683247 -26.7701359678 102.8626554 0.0060674770324
147 20.9801370442 -27.5302518426 103.469461424 0.00663250488387
148 21.1765187449 -28.274583104 104.086502669 0.0046660892873
149 21.4400379835 -28.9963207527 104.705263648 0.00343939728136
150 21.8009858872 -29.6945619259 105.301321243 0.00361420359919
151 21.9639309096 -30.2218920274 106.118958324 0.0127058378149
152 22.0620174711 -31.029497223 106.676453595 0.00273120578489
153 22.2825288737 -31.840446129 107.192485421 0.00930278085638
154 22.1808417413 -32.6904636551 107.681782908 0.00436941194699
155 22.1629510314 -33.5763301579 108.114281647 0.00701752256641
156 22.1577775689 -34.4977094166 108.464908002 0.00378448196679
157 22.0862797148 -35.3803058687 108.898198195 0.0042414556497
158 22.164171897 -36.3049720673 109.23075601 0.00308058917026
159 22.2198593584 -36.9334762379 109.988178378 0.00446273903154
160 22.2931330794 -37.5231194985 110.774722983 0.00252304410437
161 22.4169678697 -38.1568447737 111.519473374 0.00243951341418
162 22.7313599602 -39.0211225924 111.873724765 0.00502663512552
163 22.9991228174 -39.4855082493 112.700822618 0.00509516032109
164 23.4069973098 -39.9831614591 113.447286165 0.00366308825972
165 23.8027192661 -40.3004296952 114.292237488 0.00582997407484
166 24.2513197897 -40.5619990849 115.129707456 0.00423628763387
167 24.6102489771 -40.8583014182 115.998206551 0.00851680718327
168 25.23024342 -41.1597024197 116.701973638 0.00257824000315
169 25.7137222906 -41.4724093055 117.501336166 0.0154892794653
170 26.4121124667 -41.7031997767 118.156248689 0.00113771647481
171 27.1348829693 -41.9422088813 118.781024287 0.00290484530095
172 27.9504533586 -42.0413725634 119.323919833 0.00764388199783
173 28.7167620397 -42.6577160014 119.370974267 0.00457097679393
174 29.587754781 -43.0603409244 119.150834236 0.00676310738228
175 30.4518479406 -43.4363990878 118.866381447 0.00440294635011
176 31.3775732175 -43.6849800995 118.64262592 0.00384342068645
177 32.2694794381 -43.9757245819 118.344819502 0.0026222342141
178 33.1959058489 -44.1917573473 118.092471806 0.00430051630749
179 34.0639119717 -44.3301660712 117.649810261 0.00340853986182
180 34.9565048184 -44.4086680927 117.242965045 0.00764995604417
181 35.8831279999 -44.4312233365 116.912854889 0.00144383800701
182 36.8177836289 -44.4743515267 116.608533677 0.00971131625107
183 37.7357819529 -44.3856364086 116.266287006 0.00722728264011
184 38.5683335123 -44.1671337653 115.790217934 0.00151069412691
185 39.4383582085 -44.098568355 115.336547316 0.0129625484415
186 40.3934795909 -44.0106557099 115.119954164 0.00408632451955
187 41.3589864389 -43.8460152805 115.0338504 0.00344042476428
188 42.3288990969 -43.754081778 114.901870706 0.00401189066567
189 43.2362176557 -43.4394252833 114.691561702 0.00284394637769
190 44.1292532949 -43.029183952 114.714407998 0.0025637555913
191 44.9816207081 -42.5398737403 114.697669878 0.00451140708481
192 45.8170129207 -42.0235551732 114.657696977 0.0049312476655
193 46.6115797515 -41.4605730835 114.525045188 0.00381986268771
194 47.4579711718 -40.9672391943 114.447783018 0.00221594993949
195 48.239373116 -40.3714577829 114.438218725 0.00337304052995
196 49.0608038805 -39.8366179103 114.369634688 0.00320833645558
197 49.7870900502 -39.2297676276 114.105705 0.00572139148274
198 50.6094043601 -38.7623036887 113.840249279 0.00593631865131
199 51.3586888471 -38.2075234323 113.530801752 0.00315831765363
200 52.1031480949 -37.5873215099 113.369788143 0.00384089252179
201 52.7641855536 -36.8754566406 113.225175081 0.00234019609259
202 53.41823141 -36.1824564836 112.987403595 0.00273984931642
203 53.9158122039 -35.3630987959 112.774080533 0.00381090763015
204 54.2234037598 -34.4352796663 112.680281619 0.00303227239599
205 54.3831927745 -33.4666554245 112.66127196 0.00437070945673
206 54.2346712362 -32.5662593439 112.298984741 0.00386021534736
207 53.9311886119 -31.647270082 112.134206511 0.00242039401858
208 53.6009703119 -30.7258181412 112.05964146 0.00587790541866
209 53.250770986 -29.8233097723 111.897541573 0.00840941486507
210 52.9980364053 -28.8764336529 111.846497844 0.0318499573381
211 52.4040143758 -28.1119696492 111.690442017 0.00603497956059
212 51.7630296609 -27.4164948421 111.431950367 0.00360897143066
213 50.9320824848 -26.9784770038 111.151115744 0.00585624289882
214 50.0189929888 -26.6825606457 110.95213266 0.00254665474053
215 49.1976913469 -26.4058273908 110.494128897 0.0120411278723
216 48.2346605831 -26.338043795 110.326358153 0.00341904402563
217 47.312415351 -26.528192136 110.05554884 0.00120432027937
218 46.4975400033 -26.6317182378 109.521341773 0.0214259548237
219 45.7157865557 -27.0310679965 109.087367596 0.00289357979272
220 45.0205863207 -27.4368593806 108.529767559 0.00616564137572
221 44.3705946372 -27.9323811263 107.990772102 0.00131755571558
222 43.9025129527 -28.5573088675 107.400108284 0.00184845565071
223 43.5526180694 -29.283442054 106.844504765 0.00474512463916
224 42.9134316981 -29.9048528478 106.440376772 0.00669505149772
225 42.3663169921 -30.6177958584 106.053036688 0.00735911284734
226 42.0594852148 -31.5051532802 105.77800476 0.00216240233246
227 41.8485315158 -32.445728177 105.611115042 0.00595961532137
228 41.7397675684 -33.3909897338 105.384474445 0.0036331921605
229 41.5074769163 -34.2196359373 104.919697679 0.00843568133802
230 41.4663338381 -35.1066076708 104.510191324 0.00619048716422
231 41.3493955447 -36.0282101668 104.205789571 0.00279078949501
232 41.4944069229 -36.8107077634 103.638016548 0.00648696842393
233 41.8606820376 -37.5105216203 103.062325951 0.00237511375669
234 42.2123974217 -37.4664963556 102.151327059 0.00438858308539
235 42.6439031547 -37.5345481224 101.277017541 0.00431919386672
236 43.1400963238 -37.7035732021 100.452312131 0.00320219236154
237 43.5288354014 -37.6476308724 99.5575681307 0.00250502190988
238 43.7068415416 -37.4960646132 98.6088425871 0.00260677316724
239 43.5887759905 -37.5764300796 97.6422991705 0.00489831233249
240 43.8052488159 -37.8216695291 96.7218504726 0.00442914521749
241 43.7839799861 -38.1066571987 95.787881208 0.00486263735581
242 43.9119678949 -38.3241200268 94.84448211 0.00366824260388
243 44.0440835378 -38.8263988884 94.0177235932 0.00551113944722
244 44.1535673634 -39.4974478725 93.317397808 0.00895071664793
245 44.2494271388 -40.0897788765 92.5478572779 0.00554452037436
246 45.1709811841 -40.4046016709 92.493139279 0.00362506282856
247 46.0005607912 -40.8458213371 92.2318025114 0.0136701060617
248 46.9643507573 -40.9611543418 92.1425403043 0.00573505404221
249 47.7973298759 -40.9624037112 91.6364708908 0.00351257593825
250 48.6667766101 -40.9081983127 91.1996932713 0.00471821798254
251 49.5066114178 -41.0532362473 90.7274916715 0.00377215668045
252 50.3159158072 -40.9917641383 90.1886405157 0.00441907730728
253 51.0959248577 -40.7638586158 89.6515870885 0.00524428615745
254 51.932069571 -40.4927474691 89.2324861012 0.0032793028618
255 52.5685924484 -40.0953300372 88.6119057889 0.00515902371425
256 53.1641182084 -39.7417079033 87.9276540588 0.00182027183244
257 53.4471002283 -39.4548153547 87.0412793888 0.00281267391458
258 53.7354077364 -39.1408297271 86.1660067099 0.00351961229412
259 53.8513740171 -38.6822406844 85.3152748419 0.00379738253312
260 54.2942234197 -38.2535515036 84.562172283 0.00536580246774
261 54.4689207202 -37.6273192319 83.8383641194 0.00477264293051
262 54.5591834135 -37.0990332497 83.0265205258 0.00321941172114
263 54.4562558719 -36.5998299558 82.1980955109 0.010616976213
264 54.35094398 -36.1493599221 81.3429737403 0.00696130601656
265 54.1811249266 -35.3830112959 80.7701382099 0.00936817345366
266 53.8522971012 -34.5871324202 80.3209405243 0.0037737953279
267 53.2199583615 -34.0029662647 79.8716165784 0.0035094434005
268 52.3999518846 -33.5280991002 79.660393069 0.0033023477655
269 51.624397149 -33.0869265401 79.2780220777 0.00446832490972
270 50.7184189476 -32.9137445764 78.9762374751 0.00938394498288
271 49.7804417959 -32.8023042332 78.7554996421 0.00326963250108
272 48.9114553868 -32.6324662173 78.3595668142 0.00678035833128
273 48.0595210365 -32.3598413007 77.9854527493 0.00317248623919
274 47.1657991587 -32.2659446045 77.6218510834 0.00676482358252
275 46.3010456989 -32.1990685493 77.189553171 0.00400963274122
276 45.8300226725 -31.5835411884 76.6080255622 0.0031802814531
277 45.9567021508 -31.1324187904 75.7598309261 0.00178857566942
278 46.0981845313 -30.4366552348 75.1007346818 0.00891925271724
279 46.2072638303 -29.7975665524 74.3814614202 0.00389457779873
280 46.3032659131 -29.1927381244 73.6315976844 0.00635654384687
281 46.4906715576 -28.7443753778 72.7945438292 0.00862630530534
282 46.5186563488 -28.113041493 72.0621952256 0.00421320745523
283 46.4831621768 -27.5642031879 71.2666691641 0.00581280157707
284 46.5009636995 -26.8770119497 70.586993863 0.0076600954056
285 46.5214883303 -26.0153233775 70.1506452333 0.00179515588353
286 46.2223993572 -25.2056367838 69.716972772 0.00625558731247
287 45.6629464397 -24.5637116616 69.2616118133 0.00676379869015
288 44.9853501035 -24.062074344 68.7916732205 0.00623132764578
289 44.3555217096 -24.4581591742 68.1772790565 0.029901992553
290 43.8311375904 -24.9836681701 67.5640182518 0.00340031649121
291 43.425363349 -25.815921202 67.3011659465 0.00445819670235
292 43.2105787697 -26.6871043908 66.9536703924 0.00364348696373
293 42.8926223404 -27.5803779105 67.115502986 0.0058009773499
294 42.726102808 -28.516923712 66.9756636719 0.00430304103635
295 42.5806502396 -29.4366152624 66.7372358182 0.00253825856536
296 42.4414766244 -30.3872761266 66.7207002835 0.0045604505409
297 42.3442246071 -31.3361723381 66.8342315994 0.00553864465821
298 42.2200381081 -32.2517681189 67.0955115 0.00443767807524
299 42.3515200741 -32.9677869115 67.7214480144 0.00662993375806
300 42.7453249574 -33.4507251966 68.4512674066 0.00897980902335
301 43.2898426647 -33.5999951254 69.2264216534 0.00521369377503
302 44.022965144 -33.5799051811 69.8433842742 0.00490641669388
303 44.6619146671 -33.7810681153 70.5283074079 0.00619512751966
304 45.0468386177 -33.5165682588 71.3643799882 0.00785394339044
305 45.611168721 -33.2919456828 72.1037613614 0.00360303232172
306 46.2116018703 -33.0272494517 72.7996904128 0.00774191516111
307 46.7705591722 -32.6250720373 73.4624883943 0.00343090183854
308 47.1767845466 -31.8105263233 73.7520513759 0.00303246074924
309 46.9845431076 -31.0410684753 74.2840950714 0.00515438645049
310 46.440931264 -30.4260325947 74.771226186 0.00900958077368
311 45.972483174 -30.0132861458 75.4923421119 0.00380409770977
312 45.7220204258 -29.8645015837 76.4004593023 0.00569670469384
313 45.3970597234 -30.1103692924 77.2620071971 0.00645437593818
314 45.4696855628 -30.6090587163 78.070049052 0.00317642751573
315 45.6780415093 -31.0601451249 78.882068105 0.00398294534549
316 46.225417464 -31.3625476244 79.5991145027 0.00495169036415
317 46.783059822 -31.5486265339 80.3465584942 0.00363889746305
318 47.3169345393 -31.3656367061 81.1114300188 0.00275010616434
319 47.8666106347 -30.6909521038 81.4920836933 0.00228274835435
320 48.6245217132 -30.1730177978 81.7348196079 0.00682573808369
321 49.2962290843 -29.5545018847 81.9924170821 0.00755349750618
322 49.9002460266 -28.8438219197 82.1610260469 0.00213499419963
323 50.3295678703 -28.0007636584 82.1087734968 0.00721302832149
324 50.880698132 -27.2688465595 81.8705709843 0.0044564416389
325 51.4606453523 -26.7039369853 81.3807069341 0.00364305035769
326 52.2333250552 -26.1588902773 81.3764677536 0.00752894803726
327 52.7081113364 -25.3482910405 81.2776222731 0.00215575925185
328 52.8443446712 -24.4143273056 81.3067998429 0.00256077884029
329 52.6431156926 -23.4923996452 81.33123145 0.00322537296266
330 52.1362869297 -22.7143571497 81.498639544 0.00256514187008
331 51.5139870977 -22.0152471511 81.6149974443 0.0032011603169
332 50.8472957075 -21.4279815114 81.2995676474 0.00281641433626
333 49.9244793011 -21.3836820466 81.1140218078 0.0045709074187
334 49.180136407 -21.5835465892 80.5725316542 0.00429802591403
335 48.5237379038 -21.9971960537 80.0395854796 0.00570667924378
336 48.4658921966 -22.9342888117 79.9909035544 0.00419790759925
337 48.1679390962 -23.8192529841 79.887359963 0.00710648856085
338 48.1915814826 -24.7572861108 79.8791692716 0.00368729274999
339 47.9414823358 -25.6462330082 80.0425377843 0.00350181240239
340 48.1333553044 -26.4654673518 79.6293711695 0.00241031488348
341 47.9771976826 -27.2036865842 79.0736434899 0.0039950640738
342 47.1429489204 -27.5803277535 79.2700339919 0.00523766846105
343 46.3323669709 -28.0260671252 79.4076801695 0.00286482697161
344 45.700544315 -28.7140023544 79.372408828 0.010232977911
345 45.3798256311 -29.5385283668 79.0762331247 0.00779696846263
346 45.6095089394 -30.4285527997 78.9257087032 0.00892773476088
347 45.9823651324 -29.7985864951 78.352058631 0.00443171589885
348 46.0615244312 -29.2695033328 77.5920364734 0.00269800352056
349 45.9082738307 -28.7355098848 76.8476429797 0.00502130032405
350 45.7770163919 -28.281927024 76.048870995 0.00505240660702
351 45.4038952671 -27.7758821178 75.3681914861 0.00200700078223
352 45.0208841051 -27.4474425502 74.5913008747 0.00394564900309
353 44.1578415527 -27.3140879554 74.2867385759 0.00427201509176
354 43.501388307 -27.6304987569 73.8395876585 0.00302719922951
355 43.3578243334 -28.1518276355 73.1055087973 0.00656171323365
356 43.509791391 -28.682720288 72.3825294965 0.00616261436155
357 43.4919877555 -29.1261748875 71.5904032165 0.00579055937109
358 43.7296839008 -29.4338291758 70.7718524773 0.00351751589691
359 44.2344815725 -29.8025816019 70.1179149385 0.00254207712545
360 44.4752015771 -30.0087360778 69.2710257902 0.00343950562007
361 45.2152060889 -30.373831406 68.90623734 0.00503577461589
362 46.0736772169 -30.4716130733 68.6531309468 0.00408893061022
363 46.8372496956 -30.2098502527 68.2573566998 0.00236184411516
364 47.6829794305 -30.3725298273 68.5116449442 0.00363247752719
365 48.490169802 -29.9963446682 68.6152040189 0.00566843582968
366 49.2386110419 -29.5249433522 68.7475845236 0.004546526502
367 50.0280591084 -29.1253092489 68.8647840103 0.00784792988451
368 50.4420388518 -28.7256619475 69.1597487264 0.00349828189412
369 50.7927298468 -27.9447226838 69.2673082857 0.00444507840054
370 50.7281400218 -27.2403961599 69.7574391737 0.00374337937583
371 50.4789187707 -26.4917975239 70.0942661835 0.00957042931687
372 50.0775802238 -26.225529083 70.7974084441 0.00687589178123
373 49.8940420618 -26.2831736836 71.6230957096 0.00534556407796
374 49.6034343405 -26.3243517384 72.4141103442 0.00238376133582
375 49.0875465045 -26.6146979449 73.0119021519 0.00634773712212
376 48.3534074015 -26.8835323096 73.307008302 0.0210058647899
377 47.5798533928 -27.1445961534 73.3262900571 0.0084871391075
378 47.6582030868 -26.9021433697 74.0946226401 0.00658020409722
379 47.7236640268 -27.1793257382 74.8446652022 0.00752683774057
380 47.5670171021 -27.5896655028 75.5016310332 0.0150633439079
381 46.8243227825 -27.768784003 75.589817617 0.00859401826757
382 46.3034487408 -28.3136922613 75.5299512954 0.00534079904035
383 45.8108064615 -28.8687217869 75.4389852387 0.00308605647034
384 45.1843567257 -29.1716916106 75.6986794617 0.0119904874026
385 44.9489918631 -29.8256189813 75.5054757739 0.00560312016184
386 44.5538734254 -30.1000665921 76.0292494129 0.00617407563493
387 44.6667338787 -30.7465967381 75.792594157 0.00922532550951
388 44.633596372 -31.2850069402 75.3834330559 0.00639497528307
389 44.4034094067 -31.7939321763 75.7368744159 0.0072883960254
390 44.4251944786 -32.300291601 75.343719234 0.00746681473443
391 44.6750860647 -32.6955521401 74.9374030573 0.00638182097082
392 44.8288419888 -33.2019278222 75.2174740111 0.00394219148437
393 44.8631188555 -33.7697964137 75.3541432728 0.0111926436411
394 45.0796248678 -33.4525548902 74.9692539666 0.00709416645932
395 44.8766825422 -33.5935952315 74.5181537414 0.0101389421634
396 44.6644202243 -33.8924484035 74.228871089 0.0146373906903
397 44.3186981974 -34.0204491502 74.1037523519 0.00926003575925
398 44.0256175336 -34.0911331777 74.2343250432 0.00962374785457
399 43.8517298271 -34.1280792106 74.0321588206 0.00383230211389
400 43.872415987 -33.9686827579 73.8442713022 0.0193862783562
401 43.7769899618 -34.0236505297 73.9409432967 0.0194725607179
402 43.7936140654 -34.0688932657 73.9852912582 0.00892958011956
403 43.8048496402 -34.0368933268 73.9965881582 0.00896809766942
404 43.7953010352 -34.0276212673 74.0000009392 0.0104745059568
