0 -0.230681430134 -0.958008340643 0.126135091278 0.0047674331274
1 -0.28672910129 -1.9396581102 0.267862299674 0.0064062611276
2 -0.186455895732 -2.91188601418 0.445429078154 0.00151967801628
3 0.00290140515239 -3.8635626903 0.65816605229 0.0079684933068
4 0.275767939564 -4.79964251358 0.847979521968 0.00551723262425
5 0.711269689946 -5.6277042328 1.18167306696 0.00344571352073
6 1.23218163862 -6.39359823131 1.54046302912 0.00388509251253
7 1.7580661178 -7.16811644863 1.87242982493 0.00385090182199
8 2.30794944171 -7.89614540893 2.26512943331 0.00295780098409
9 2.87109219262 -8.57371716147 2.72378401694 0.00440993477525
10 3.40396577796 -9.35029466189 3.03923042085 0.00306835717247
11 3.92633183238 -10.0715266626 3.47909997559 0.00292754408284
12 4.41811699747 -10.8607664443 3.8280021597 0.00449924291779
13 4.92047898906 -11.6216831287 4.22181714176 0.00435307543355
14 5.49078891424 -12.3454120836 4.59245413699 0.00482760869355
15 5.95607557107 -13.0663964006 5.0925348372 0.00585786134268
16 6.50564219064 -13.7124046224 5.6092468776 0.00401027086491
17 7.14271192147 -14.2077505055 6.1881208293 0.00609073612213
18 7.73050408016 -14.6553324073 6.85179221008 0.00461159452222
19 8.35712657866 -15.0725472763 7.49949400817 0.00842199278097
20 9.10825406028 -15.4017981712 8.05944070919 0.00439145408922
21 9.88443707315 -15.6715600075 8.61699408649 0.00153134768111
22 10.7279661275 -15.8929781202 9.09185802101 0.00345836585002
23 11.5660794416 -16.1380516352 9.56465293237 0.0023036496897
24 12.3919424519 -16.4327005231 10.0306347446 0.00428896049588
25 13.2387566778 -16.6313628113 10.509600216 0.00217109297412
26 13.9990142947 -16.9136869029 11.0825513987 0.00932336698279
27 14.7925953701 -16.9877832934 11.6746887584 0.00536294839503
28 15.491791767 -17.0730606193 12.3744898194 0.00412464096535
29 16.163631989 -17.0128392795 13.1030798824 0.00841463712065
30 16.7929578885 -16.8564587978 13.8549176528 0.00454966747662
31 17.5804338738 -16.7058163303 14.4404570466 0.00605313851482
32 18.4058871652 -16.5859428771 14.978836711 0.0057226925323
33 19.2597740599 -16.4537354248 15.4676358339 0.00143222691448
34 20.0382233231 -16.1540316249 16.0058910321 0.00295289103511
35 20.7493333487 -15.7990574999 16.600724028 0.00586223160921
36 21.4753069519 -15.34268417 17.1008359155 0.00466135470721
37 22.2262634625 -14.896687309 17.5725597871 0.00806770872002
38 23.0605352959 -14.4628722183 17.8904514219 0.00228784857108
39 23.8817909272 -13.9722454111 18.155127611 0.00289359826023
40 24.6858053455 -13.4940829767 18.4869869233 0.00322198906722
41 25.4906773807 -12.9906502265 18.7766518759 0.00516147312965
42 26.3200144133 -12.5064342621 19.0273418735 0.00344933238346
43 27.1382052338 -11.9830814432 19.2316329249 0.0109401231144
44 27.977355029 -11.4975151471 19.443783748 0.00368697111534
45 28.8525367656 -11.0302529652 19.468836514 0.00294431856212
46 29.723199833 -10.5739301573 19.605193302 0.00419651845685
47 30.546050158 -10.0772274947 19.8522714293 0.0137677983981
48 31.3267156849 -9.5502280974 20.1645815359 0.00307580328135
49 32.064066678 -8.9124498501 20.3495336088 0.00127450730682
50 32.7439231588 -8.26177489933 20.6642953007 0.00522693241187
51 33.2216578012 -7.42959059392 20.9169416747 0.00439912596436
52 33.792536545 -6.69427596799 21.2604045615 0.00575661590463
53 34.2669981999 -5.92398044092 21.6678805162 0.00719068002045
54 34.8851958382 -5.22876565786 22.0127302627 0.00874808390505
55 35.4546710428 -4.56178573513 22.4766009643 0.00450700918324
56 36.0350662012 -4.00011842175 23.0527879844 0.00691627586025
57 36.7880873754 -3.61949028201 23.5746184458 0.00301688726663
58 37.4954370281 -3.21550166417 24.1408814133 0.00351856983194
59 38.1204449501 -2.72782054984 24.737291772 0.00225232573506
60 38.8372702682 -2.39725299714 25.3381537858 0.00379177740055
61 39.5945628295 -2.18510528117 25.9428085499 0.00514918847123
62 40.2909847567 -1.79201002197 26.5297610549 0.00420347439295
63 40.7872631252 -1.28670478526 27.2243136501 0.00426852322468
64 41.3480570436 -0.627859171106 27.7094368398 0.0025935703045
65 41.9399744684 0.0208022645591 28.1706821473 0.00684736240213
66 42.41776295 0.730199372855 28.6729555952 0.0054895899282
67 42.9599684507 1.44762522999 29.0913229759 0.00268736891147
68 43.476677658 2.1822712299 29.5120283774 0.00722542812233
69 44.0136070233 2.9226216372 29.8956672134 0.00496979873461
70 44.5346730439 3.69027218269 30.2459901518 0.0087114644354
71 45.0288168352 4.29278003484 30.8594178387 0.00943751311971
72 45.5673023188 4.90438094196 31.4245128681 0.002456480689
73 46.1774564494 5.54716995892 31.869286944 0.00500741075746
74 46.6445402414 6.28194366634 32.3438131114 0.00505826398163
75 47.1418293795 6.93865694942 32.895741371 0.0127842772166
76 47.5827181745 7.6189710994 33.4665538192 0.00137617348817
77 47.921726314 8.27050487473 34.1326098399 0.00448562836046
78 48.4587081636 8.88551930279 34.6950747536 0.00377514480602
79 48.9161349925 9.61402928738 35.1879467691 0.00836980175579
80 49.2510168935 10.448166983 35.6060715174 0.00404040066531
81 49.5131281604 11.3224352453 35.9929203913 0.00582377311441
82 49.6232103413 12.1926657837 36.4546797163 0.00800453947296
83 49.6843297799 13.0032228802 37.0219785444 0.00336076248932
84 49.7217442618 13.7475470781 37.6755336032 0.00430271232811
85 49.7129000869 14.4678944492 38.3563617994 0.00410936689904
86 49.6026698961 15.0942428625 39.1166389216 0.0058505831709
87 49.4217009648 15.7880059682 39.8009744386 0.00560049264469
88 49.2316773472 16.4338456948 40.5283642404 0.00657534309852
89 48.9579772644 17.1190141243 41.1900501 0.00522683952492
90 48.5302125175 17.7643589384 41.8086401983 0.00356059516249
91 48.1054412002 18.4340931026 42.4028396676 0.00868130404888
92 47.5124317459 19.052234682 42.900969915 0.00408222863962
93 46.8851968799 19.721742837 43.2753184487 0.00389339288978
94 47.7892881101 20.1204835091 43.2023184872 0.00644549336426
95 48.5195394988 20.7775673852 43.0735235361 0.0067034694538
96 49.2624203283 21.3839296793 42.8245579273 0.00295640299215
97 49.9755014804 22.0519751029 42.661134353 0.0409327425687
98 50.7234552127 22.6990834297 42.6094773637 0.0062545722689
99 51.3493015036 23.4262983094 42.3640205077 0.00358975537439
100 51.9434000643 24.2180343868 42.3940132419 0.00361092453875
101 52.4782871062 25.0403852141 42.529226753 0.00360193183366
102 52.8216084613 25.9600555495 42.6593322102 0.00612205208204
103 52.9573224048 26.9329016361 42.7844130085 0.00315905976289
104 53.0732233034 27.9053364103 42.9306391399 0.00584929213936
105 53.0584805759 28.8911261171 43.0220042455 0.00517076222998
106 53.0995440194 29.8774296279 43.0980371761 0.00228662063133
107 53.011025243 30.8632196856 43.122640692 0.0091706947425
108 52.8858216145 31.8434249645 43.1826033098 0.0008870915595
109 52.8016253756 32.8292307417 43.1485977931 0.00224153145167
110 52.7671834606 33.8077669633 43.0026222288 0.00409009203124
111 52.802859031 34.7910527047 42.893839669 0.00522259790476
112 52.7822573208 35.7786983684 42.830601383 0.0044859131867
113 52.831003537 36.7566249948 42.685407164 0.00409214186097
114 52.7969784624 37.7322962402 42.5221931379 0.00393569174795
115 52.7622820357 38.6199284113 42.0855855774 0.00422674465167
116 52.7698102649 39.4556594738 41.5553239827 0.00313304478616
117 52.59854711 40.2757307937 41.0282777151 0.00448437498986
118 52.3350122807 41.0391539446 40.5921680611 0.00414482930847
119 51.9847348963 41.8906356893 40.232505376 0.0170868594188
120 51.4985663432 42.6784039456 39.8864215464 0.00494822810867
121 51.1524487847 43.4892977074 39.4399982838 0.0029794136085
122 50.7241076988 44.1734505541 38.8698353453 0.00276968897326
123 50.3859546115 44.8085429602 38.1923901267 0.00261637710293
124 50.1880181586 45.5232521987 37.5392708046 0.00865942346354
125 49.8131681096 46.2730334491 37.0161840377 0.00441365318885
126 49.4583973072 46.9834970816 36.4282923754 0.00307869920925
127 48.9585721259 47.6360118606 35.8800671627 0.00481544546605
128 48.4257808823 48.2510038085 35.3197373775 0.0110563777144
129 47.8996368074 48.7758652593 34.668935411 0.00345859025541
130 47.5548408726 49.0390241105 33.7813611994 0.0059825789049
131 47.2121035007 49.241558876 32.8773073182 0.00865053214311
132 46.857304192 49.2852572349 31.9565321461 0.00475099461043
133 46.7713351834 49.3278374532 30.9734976852 0.00372122944382
134 46.6408949849 49.5144665242 30.0124506258 0.00471417686511
135 46.2829815723 49.4503811666 29.09424388 0.00562786089213
136 45.8918909983 49.1962188423 28.2238453759 0.00600966022712
137 45.6133129499 48.7824799614 27.3716702293 0.0146395029672
138 45.4025869903 48.2886960662 26.5431833243 0.00692768017401
139 45.0900434997 47.7805989367 25.756689301 0.0108484566937
140 44.6436758282 47.4318323518 24.9484300805 0.00286352968248
141 44.1678996374 47.0846203847 24.1564941533 0.00428954144271
142 43.8761144419 46.5053923918 23.4126551842 0.0046631358592
143 43.6764350332 45.8509495214 22.7015767721 0.00335458303897
144 43.6051642352 45.2606574869 21.9140224097 0.00489280841449
145 43.6251097964 44.7000186918 21.1022686161 0.00377904998353
146 43.7419324666 44.1484297072 20.2925398779 0.00520681896807
147 43.8198373934 43.5582504446 19.5057583463 0.0243266132981
148 44.1487686403 42.9012390997 18.8478765062 0.0019520539004
149 44.52224692 42.1492141176 18.3306639693 0.00459603997126
150 45.0384331243 41.5371227325 17.7550460414 0.00559373427861
151 45.4969125225 40.9662150823 17.0945946477 0.0029920218199
152 46.0398822748 40.3004303613 16.6107880484 0.0124742423962
153 46.6852912409 39.6567141969 16.2355124283 0.00275354230082
154 47.3381709313 39.2673620009 15.6078561523 0.00642683426203
155 48.06210425 38.9703844177 15.0084215507 0.00448080261429
156 48.8161532648 38.7043721164 14.4321398851 0.0188065356392
157 49.4302397221 38.7744552634 13.6646700239 0.0025379436046
158 49.9983742164 39.1323187058 12.9435115379 0.00799101273393
159 50.5331096865 39.4808979533 12.1930169043 0.00191161585161
160 51.122860309 39.808155801 11.474890589 0.00581039517393
161 51.5752670861 40.230087239 10.708229878 0.00269792261382
162 51.8782468538 40.6834306824 9.88779712052 0.00363595496073
163 52.0335137935 41.0496935107 8.98661495666 0.00343413615229
164 52.276847837 41.2840780602 8.06132931717 0.00539093945246
165 52.4489750081 41.743791286 7.20745514175 0.00547799351002
166 52.3503469203 42.2072749964 6.34411589813 0.00802630031492
167 52.0668754153 42.6874909778 5.53255473534 0.003455750483
168 51.8154204949 43.2412001378 4.75819841378 0.00340455906416
169 51.3817760388 43.8803608782 4.14775235647 0.00496658810579
170 50.7576985364 44.4007554202 3.59211200318 0.00135278476964
171 50.1578079748 44.9182017278 3.00784113747 0.00549325582599
172 49.565696847 45.328381625 2.33700349393 0.0119016806317
173 48.9106219363 45.6341520705 1.66929044436 0.00333730644574
174 48.2765372971 45.9440190562 0.983522980959 0.00517885582811
175 47.5867341048 46.1141266136 0.302781175121 0.0102625971686
176 46.8284476371 45.9719789451 -0.307594396686 0.00749256547961
177 46.0069881443 45.840106687 -0.832240627716 0.00514164785334
178 45.0965795914 45.8494159209 -1.20405393728 0.00136123061893
179 44.2215500333 45.6625053515 -1.61213428363 0.00297357149389
180 43.3247224009 45.5605152226 -2.0024199788 0.00621454006092
181 42.4982347126 45.4402810147 -2.52138423871 0.00525310414124
182 41.7325222513 45.3629923739 -3.13329746489 0.00318126876466
183 41.0559870558 44.9705856622 -3.72904352788 0.00499552864441
184 40.3871353055 44.6091681936 -4.35229448544 0.00299839025257
185 39.7658524648 44.2320568252 -5.0142133967 0.00367189137704
186 39.2511711476 43.8258447825 -5.74657545604 0.0033796168683
187 38.7345875451 43.3239180555 -6.41537124156 0.00796359540797
188 38.4330584905 42.7411893313 -7.14703170338 0.00561817682861
189 38.0411423496 41.9096664875 -7.49390561613 0.0046488486854
190 37.5929098736 41.0407596913 -7.58974831491 0.00407964786246
191 37.3894059204 40.1170499779 -7.85491986969 0.0056791918111
192 37.0039978436 39.2492478284 -8.10614469492 0.00307836966281
193 36.8451729214 38.3169107611 -8.37097301846 0.00525192390302
194 36.7510703367 37.3665511178 -8.59976304005 0.00619127613697
195 36.9081979495 36.3976077636 -8.62326351706 0.00295588903402
196 36.901841582 35.4590707833 -8.91158116879 0.00327456445652
197 37.0304533059 34.5307571661 -9.20411259791 0.00668782907632
198 37.3582743811 33.6055372671 -9.2106785793 0.00235642385748
199 37.7160506619 32.7237099435 -8.97015225322 0.00310630129826
200 38.3381059299 32.0251399137 -8.67281773054 0.00333396306125
201 39.0570636737 31.5324018699 -8.22160015945 0.00964342687149
202 39.8030155377 31.1732248741 -7.69485740081 0.00289023984767
203 40.6298066363 31.0966272808 -7.17204968159 0.00503337846689
204 41.505148271 31.1634046314 -6.73408029508 0.00915859363659
205 42.4111139843 31.2840082803 -6.37810359164 0.00638853693555
206 43.3641440083 31.3052025328 -6.14793440976 0.00156859947282
207 44.2859271381 31.5740390935 -5.94880190653 0.0021789022163
208 45.2318512625 31.8011316745 -5.8257215466 0.00311935599667
209 46.1291626372 32.1831966906 -5.92671715218 0.00624333699166
210 46.9726042976 32.6516088192 -6.1006518926 0.00553102446523
211 47.7283060227 33.2015558519 -6.39612084379 0.00368176513399
212 48.4150968108 33.8418955204 -6.67706104891 0.00319884892559
213 49.0268632502 34.5121071017 -7.04731110307 0.0050537579301
214 49.264135284 35.342323242 -7.51074817058 0.00589764354531
215 49.3645986252 36.1854866113 -7.99966151288 0.0357324694302
216 49.6185509225 36.9917209385 -8.49331460911 0.0110974314001
217 49.8573447601 37.7725615372 -9.03266006868 0.00507878935127
218 50.1871802222 38.5148092455 -9.57821326837 0.0092362439133
219 50.3492547923 39.299737562 -10.138983608 0.0083475363832
220 50.4390695329 40.0321777608 -10.7807808615 0.00327167037562
221 50.487918269 40.8079367793 -11.3740899037 0.00348028564336
222 50.7191092978 41.6469330022 -11.8196449322 0.00584659857591
223 51.1591989491 42.4525601994 -12.1554380989 0.00532184213944
224 51.7226628073 43.2506287653 -12.1811277063 0.00243505995429
225 52.1411199485 44.0794933772 -12.4858669898 0.00314325638545
226 52.2461523092 45.0290537379 -12.690955185 0.00359059458282
227 52.3053451225 45.9713230379 -12.9423088856 0.00425845490715
228 52.047453401 46.8412820894 -13.3042575517 0.00257992342831
229 51.638833105 47.6345426305 -13.701713797 0.00641870543603
230 51.2791331443 48.5052862401 -13.9589076062 0.00345224649696
231 50.8715746735 49.3712740836 -14.1524155931 0.00251980892921
232 50.4701224654 50.213668774 -14.4397588474 0.00182146205834
233 49.9952790021 51.0360171903 -14.6666578779 0.00514287753252
234 49.4064404372 51.7510627932 -14.9747106348 0.00429853367039
235 48.8798757181 52.5686411906 -14.8918931424 0.00199076251592
236 48.3706361134 53.3973330489 -14.9717446773 0.00328746510176
237 47.9328513083 54.2157294543 -14.6703248401 0.00720065055395
238 47.4803752918 54.9691608042 -14.2466763579 0.004779573817
239 46.8492043473 55.6936957498 -14.0790710899 0.00842476154163
240 46.2047760955 56.4208037982 -13.9963469334 0.00466261544134
241 45.6187163051 57.1504851607 -13.7231332114 0.00524464661791
242 44.7966474316 57.6461653838 -13.5539055389 0.00600022789646
243 43.8714573113 57.8511302524 -13.3264545523 0.00620527942602
244 42.9329483196 57.9487679413 -13.0836759197 0.00356684609748
245 41.9827213803 58.0335253469 -12.8865030351 0.0102055709337
246 41.3766946697 57.4108913788 -12.446706928 0.00196522406307
247 40.8606422874 56.6984599187 -12.029182412 0.00344943875168
248 40.4200497711 55.8877192187 -11.7186364724 0.0119657372065
249 39.8194122431 55.1375098494 -11.5660620954 0.00307897485022
250 39.3243906288 54.3627123551 -11.247743068 0.00360884789812
251 39.06887141 53.4466769242 -11.0429771992 0.00389724807974
252 38.9987891528 52.4843876094 -11.1658055283 0.00404453151037
253 39.1700422232 51.5507759517 -11.3773166236 0.00360634175224
254 39.1590569069 51.1650638584 -12.2701818154 0.00380098606356
255 39.3797943332 51.0271768815 -13.2072666609 0.00931425328128
256 39.6492486577 50.844428047 -14.1232615005 0.00212788854886
257 39.9212043443 50.6866421498 -15.0430544269 0.00327595711097
258 40.158153178 50.3234494743 -15.9127988017 0.00376312099215
259 40.2350827942 50.150630817 -16.8659760344 0.00344681823187
260 39.831755342 49.5575405436 -17.5210603435 0.0107277591395
261 39.5088074881 48.7881275363 -18.0171795225 0.00439156291186
262 39.4982060779 48.5228416249 -18.2204206361 0.00211623826414
263 39.810241447 47.7536241738 -18.7223882722 0.00428892497182
264 40.0771307362 46.9492988178 -19.1940096436 0.00270903141098
265 40.376318339 46.0976119872 -19.5480622046 0.00753919574019
266 40.857413357 45.2670277624 -19.6824858568 0.00449131207586
267 41.5206758789 44.6182697626 -19.9621394732 0.00487045134006
268 41.9931771527 44.3480846238 -20.7639239387 0.00450496768496
269 42.4771142211 44.2352676913 -21.5956643054 0.00241051540928
270 42.7544850773 44.1287481018 -22.5178128098 0.003152492825
271 43.2826046957 44.1121092303 -23.3295554859 0.00207886279175
272 43.8053531299 44.0599848381 -24.1431399794 0.00222801502413
273 44.4884469194 44.1785580094 -24.8189911024 0.00440937936023
274 45.2448368722 44.528202892 -25.3113120868 0.00502703415375
275 46.0013104122 45.0295627418 -25.646671585 0.00351995306625
276 46.8632009168 45.4375314672 -25.8088794476 0.00647940570157
277 47.7056743597 45.9062444823 -25.7352736462 0.00427621710096
278 48.5128643007 46.4325679227 -25.6589625171 0.0048267085938
279 49.2514251833 46.4901194608 -25.0380812505 0.00164121210304
280 49.7399176799 46.7832384083 -24.2571833453 0.00282652649985
281 50.2127126598 47.234661143 -23.5454320152 0.00540384154205
282 50.5208936581 48.1134858469 -23.2895539287 0.00466498046823
283 50.6712901172 48.9041138172 -22.7559109251 0.00414571763099
284 50.5034589834 49.6269618708 -22.1383103007 0.0012160943258
285 50.0608303046 50.2833018709 -21.5858873451 0.00555848103567
286 49.4788852884 50.7172028183 -20.9499711816 0.00475731503614
287 48.9243232764 51.2215451487 -20.3426857368 0.00893065748926
288 48.3193905555 51.3563413595 -19.6039841998 0.00444831439844
289 47.7312481045 51.4440632658 -18.8452625271 0.00682500714094
290 47.0142321158 51.652287348 -18.2364398349 0.00769700520234
291 46.1755953459 51.7683613221 -17.7780375576 0.00445793639745
292 45.4749596918 51.9453342535 -17.1421539196 0.003618057543
293 44.8617518453 52.1387827947 -16.426085132 0.00278055566735
294 44.1672582847 52.5081244547 -15.8721678623 0.00420473366798
295 43.7958630357 52.871653825 -15.0626446328 0.00555632131344
296 43.1225227744 53.288202 -14.5174148017 0.00381980111669
297 42.4201671552 53.7985022131 -14.1054044818 0.00583369153694
298 41.652442827 54.2021103906 -13.6927166401 0.00629251254392
299 40.8300791749 54.2800306965 -13.2034181356 0.00773636416656
300 40.0233761866 53.890788301 -12.8596887833 0.00603035755716
301 39.5081393852 53.1553806978 -12.5232498067 0.00281441067803
302 39.4547779344 52.2723887096 -12.1537232494 0.00197954372708
303 38.8976205793 51.6148962468 -11.7340915221 0.00298240894112
304 38.5442817277 50.7737721096 -11.4410519992 0.00446201233998
305 38.2906592286 49.9632159853 -10.997979548 0.00300509337217
306 38.3796742782 49.1075219649 -10.577285742 0.0058581388656
307 38.7450684481 48.2419844261 -10.3948725295 0.00528072466671
308 39.1773390303 47.3897093544 -10.4369502284 0.00258436842666
309 39.5259303618 46.5055623768 -10.5434309237 0.00708471668973
310 40.0071626719 45.7115016736 -10.7698628477 0.0034382406788
311 40.0754905042 44.8104029566 -11.0800148761 0.00247666357899
312 40.2474833525 43.902674471 -11.322481536 0.00424130473525
313 40.8319407945 43.1525420246 -11.4073751271 0.00164675768341
314 40.8502962131 42.2099060635 -11.5567619398 0.00250291064885
315 40.7739476078 41.3369276102 -11.9349301757 0.00825038212515
316 40.9197650868 40.5019065864 -12.371884783 0.00441022956702
317 41.1297465688 39.5848927102 -12.5246730815 0.0068537283697
318 41.4207661111 38.6790307574 -12.5658243586 0.00335698831321
319 41.3428174374 37.7778981451 -12.2686406171 0.00515390751668
320 41.6442790991 36.9118632407 -12.0147585045 0.00375482604819
321 42.1501555947 36.1599672177 -12.3034604866 0.00576821756818
322 42.594724047 35.321447087 -12.3535874639 0.00491690974429
323 43.3185221215 34.7210541138 -12.2198448847 0.00343865144899
324 44.024538449 34.3507006171 -12.0517116894 0.00270180375461
325 44.9465478898 34.4813416175 -12.2071386386 0.00422694287929
326 45.0352781605 34.5357809463 -12.2090831603 0.00053253692087
327 45.7433242153 35.1286160153 -12.3673277234 0.00497949620409
328 46.4862993874 35.6632567424 -12.5633523652 0.00386477585603
329 47.2239733382 36.2310715976 -12.4717034481 0.00365283682456
330 47.7254988912 36.9896647759 -12.6881914259 0.0052396148526
331 48.0382535654 37.759228386 -13.1152076517 0.00779482582549
332 47.8481446704 38.3154766594 -13.8396862455 0.00694423774729
333 47.5657402361 38.6351179027 -14.668174619 0.00227468059126
334 47.3043639658 38.945314584 -15.5066229652 0.00261668323307
335 47.5486942688 38.7729070768 -16.3882816355 0.00522657844272
336 48.054865348 38.7535323547 -17.1679430042 0.0084318029619
337 48.3286183431 38.8915165007 -17.5648726488 0.000865627632643
338 48.6110645758 39.3710481671 -18.2938037292 0.0031157440422
339 49.1593686044 39.9829228361 -18.6982984067 0.00378941945152
340 48.9772132894 40.22096513 -19.5633617185 0.00493134981648
341 48.6140303507 40.4026375105 -20.3822436696 0.00257633478083
342 48.2196514418 40.2877760619 -21.1979608804 0.00329193913728
343 47.8056180496 39.8982524417 -21.9112901992 0.00358333501425
344 47.5492579282 39.3346993878 -22.5795657402 0.00584717384589
345 47.7185010494 38.716298851 -23.2241865536 0.00560514883894
346 48.4217914819 38.1463225172 -23.1708667414 0.00649100756792
347 49.3130789534 37.9925335615 -23.1495012716 0.0127530279097
348 50.0967548282 37.5953016935 -23.3463698166 0.00508778581195
349 50.9195328004 37.2344804431 -23.3349936264 0.00610795357709
350 51.7265182859 36.8511584133 -23.4060096179 0.00538556359563
351 52.6003044039 37.0127310669 -23.3065951414 0.0111963055133
352 53.4031828169 37.3817744769 -23.4093570812 0.014899399604
353 54.0176780177 37.7399582002 -23.933364835 0.00756825546922
354 54.7776828617 37.7447158936 -24.3763860079 0.00453046509538
355 55.5177071478 37.9957022041 -24.7753913363 0.00174149388193
356 56.0539905096 38.3924529641 -25.3444222738 0.00545477404076
357 56.0544353803 38.7349747786 -26.1491394985 0.014027889919
358 55.3960489814 39.2767388313 -25.9997697788 0.00688267441221
359 54.6127682584 39.2419269049 -25.6423253271 0.00392269671468
360 53.930663879 38.7479080882 -25.4731125058 0.00493128878538
361 53.7032443524 37.9247199657 -25.4179447546 0.00708623858986
362 53.1977524746 37.2707924472 -25.2149412131 0.00180214577664
363 53.2442287055 36.4360965401 -25.0624024962 0.00546829323438
364 53.7306044997 35.7730062543 -24.8642224534 0.00285546165472
365 54.1264016663 35.128730027 -24.4893177144 0.00352635407184
366 54.2772034149 34.3019109836 -24.4594910765 0.00744730278507
367 54.7453132822 33.6400685389 -24.6601851468 0.00660639233088
368 55.5350778211 33.4594074048 -24.482020212 0.00408088912625
369 56.2924313527 33.6928212785 -24.2493063975 0.00523022349275
370 56.7362810257 33.6467568884 -23.5587945457 0.00835560279811
371 57.3819656122 33.4913904938 -23.0891108815 0.00613349675511
372 58.0088142883 33.7749971273 -23.5107760536 0.00736268247415
373 57.7841592687 34.353304244 -23.0117618832 0.00918710190432
374 57.2072548136 34.8121392702 -22.7433802837 0.00432489039946
375 56.4687170551 34.5698356213 -22.6980421747 0.00456420244144
376 55.8026942987 34.3469653843 -22.3761070383 0.00619880231713
377 55.7528571368 34.0601875412 -21.6689543065 0.0133237120473
378 55.4143231785 34.109067326 -21.0088292223 0.00615840575881
379 54.817025175 34.5226069452 -20.9225910051 0.0101655257198
380 54.4665293 34.6135434524 -21.537534382 0.0184299754163
381 54.478717049 34.0312345752 -21.8729613044 0.00558681787237
382 53.8332826324 33.9934530032 -21.7526889715 0.00795656895752
383 53.8145665679 33.8181246365 -22.3648151938 0.00735362668389
384 54.2464676335 33.4005273126 -22.2397053703 0.0065991645752
385 54.1818285177 32.9026715633 -22.5540715684 0.00960543731486
386 53.8777924017 32.5988962874 -22.909544844 0.00603491656555
387 53.5690494386 32.1669655469 -22.9605147937 0.0181350789709
388 53.4883206898 31.7588408213 -22.7882032509 0.0150637719294
389 53.4383636167 31.8935703659 -22.4530746686 0.0129885911175
390 53.7017126265 31.927693904 -22.5474271641 0.0129622817925
391 53.800183031 31.8568603959 -22.7178486816 0.00594883174671
392 53.6273445732 31.8154863402 -22.7048661607 0.00511411212371
393 53.7209186083 31.7595683822 -22.5976164424 0.0128353747028
394 53.7876112605 31.7845541644 -22.5336166177 0.00540514915414
395 53.8620220398 31.7869458785 -22.52505045 0.00958952606299
396 53.86950486 31.7541948456 -22.500775356 0.0128334179367
397 53.872279362 31.7604857051 -22.493403898 0.00851233825848
