0 0.845121671473 0.480432665033 0.204605546033 0.00568921741256
1 1.58003095278 1.07008828482 0.519388319456 0.00363439168048
2 2.30696978254 1.688430924 0.795159511468 0.00421381373238
3 3.05337039055 2.29949242153 1.03240797014 0.00587186890386
4 3.65214958228 3.0628488985 1.24570135016 0.0154629365301
5 4.25671637243 3.83953322496 1.37935306499 0.00423444334657
6 4.9181985681 4.57785322323 1.44169618761 0.00417274518848
7 5.45225561752 5.41491303505 1.46695375859 0.0042917398095
8 5.9532761415 6.26926554017 1.54143241457 0.00324032294049
9 6.46827380128 7.09132582412 1.75464858355 0.00303449783185
10 6.8353119836 7.97272587142 2.02825994373 0.00404097193526
11 7.15442492352 8.88499848425 2.25701826784 0.00335903623425
12 7.49562363804 9.78238704139 2.51129057134 0.005122132272
13 7.92235595995 10.1202071962 3.34210366679 0.00247087139252
14 8.29046635168 10.629491252 4.11122849607 0.00387325055327
15 8.65585574818 11.0956301464 4.90847916535 0.00229012743886
16 9.27969476687 11.6647200107 5.43122306758 0.00245594246921
17 9.90152013215 12.3041384746 5.8679556554 0.0251722265162
18 10.4901436655 13.0028388365 6.25699887536 0.0129115559048
19 10.9963289185 13.6688204284 6.7919461289 0.005006447179
20 11.5649982138 14.2647580263 7.34634151545 0.00304415860033
21 12.039895371 14.9372802615 7.90135328293 0.00554226724707
22 12.3985831032 15.6943936843 8.43418967904 0.00479683439336
23 12.7442466149 16.394891424 9.04704140076 0.00581058328659
24 12.892264899 17.1520005707 9.67201406248 0.00262619939682
25 13.0283024004 17.9257614405 10.2790324811 0.00245406520307
26 13.2521903594 18.7515886068 10.782535487 0.0041179676647
27 13.3331068511 19.6419053522 11.2142336186 0.00209469034425
28 13.4202928372 20.4804798677 11.7384155238 0.00494442279407
29 13.2971018321 21.3038415143 12.2791834556 0.00483283372987
30 13.160309092 22.0714167958 12.8936903902 0.00299001371587
31 12.9200084128 22.8223711729 13.4968425966 0.00339067039126
32 12.4210320828 23.2465860236 14.2428633639 0.00435253303587
33 12.0021938514 23.4866745113 15.1102842449 0.00298188853903
34 11.3502152451 23.6926587108 15.8299324147 0.00782482162442
35 10.7080057847 23.9214505367 16.5514179618 0.00323062942162
36 10.1191658179 24.1131358012 17.3271959274 0.00381836623377
37 9.6094098423 24.3411153296 18.1478420319 0.00428602761713
38 9.03361777784 24.3581396131 18.9561800625 0.00804800343748
39 8.57484506923 24.3494909522 19.8363144328 0.01838402057
40 8.19147344186 24.3512701537 20.7517541239 0.00307452524654
41 7.74920445429 24.3445175793 21.6401877225 0.0019901493809
42 7.7057190913 24.3376250763 21.7230892653 0.000215831419794
43 7.26280976273 24.2923341052 22.6093754167 0.00623990577051
44 6.72845799766 24.2953204223 23.4448887167 0.00411431282666
45 6.15749460558 24.415224911 24.2468746232 0.000789666092248
46 5.46757587581 24.4646109838 24.9575661799 0.00404343922962
47 5.19044430428 24.4580383276 25.2631486655 0.00137874731956
48 4.48047141203 24.286294124 25.9335230367 0.00638220681986
49 3.62444997465 24.4370957264 26.4102809734 0.00186219526879
50 2.7737075139 24.6982516414 26.8471010819 0.00484861947311
51 1.92767271116 24.8471418919 27.341859436 0.00490620846886
52 1.13038711223 25.0310630801 27.901495919 0.00371028923676
53 0.694821260835 24.7118423525 28.7328364218 0.00427727988427
54 0.256368417963 24.2507207191 29.4929563641 0.0029742285305
55 -0.18734105033 23.6344639147 30.1300711663 0.0062261266056
56 -0.60130562798 23.0607148749 30.8242974866 0.00344554277139
57 -0.944963073716 22.3464876896 31.4194438807 0.00391454142848
58 -0.907654813523 21.7590473447 32.2169232522 0.00501954237437
59 -0.755200643279 21.2167537457 33.0324398473 0.00574263205655
60 -0.583090991921 20.7646688901 33.8975040848 0.00685514690466
61 -0.459842886279 20.5591508299 34.8592057866 0.00227013273246
62 -0.60719225423 20.5496460614 35.8392441978 0.00613738348778
63 -1.01638117421 20.6396433659 36.7373590163 0.00486194770663
64 -1.35417600748 20.5609962845 37.665692767 0.00196026842404
65 -1.61165071814 20.6006727729 38.621838907 0.00972626197408
66 -1.59670246382 21.0641308206 39.4975574643 0.00468876735005
67 -1.6253980953 21.5402291712 40.3660825508 0.00460057645565
68 -1.35306882112 21.9351801307 41.2330383938 0.0037373180743
69 -1.23095904644 22.4835020994 42.0491960537 0.00282886559786
70 -1.10678918511 23.0741454508 42.8349103409 0.00882106764961
71 -1.06008499232 23.6655563151 43.6283529741 0.00271966046056
72 -1.04861081992 24.3055613418 44.3844632329 0.00716658560264
73 -1.02233489327 24.8911173838 45.1830802388 0.0032151840973
74 -0.962333128815 25.40493213 46.0279032406 0.00430158000251
75 -1.14439598046 25.9394658283 46.8417690549 0.00611997130922
76 -1.29019453162 26.3849937403 47.7143731748 0.00354746331324
77 -1.51328525736 26.908487676 48.5251057754 0.00246499708584
78 -1.75835944926 27.4137355484 49.3410292303 0.00291028384084
79 -2.11151388811 27.8308683362 50.1670503476 0.00257139875067
80 -2.29328159886 28.2776840195 51.0321093062 0.00653060841526
81 -2.48289805243 28.4732149029 51.9843567854 0.00186746127687
82 -2.54240335726 28.4971744 52.9727095502 0.0049686759553
83 -2.73677167046 28.4223304017 53.9409478414 0.00394565068726
84 -2.83653925505 28.3069762891 54.9194931618 0.00403035088462
85 -2.65050937082 28.3028902604 55.8921802856 0.00109748387281
86 -2.41622888821 28.3210264796 56.8542112892 0.00532232713363
87 -2.07354515154 28.2073452171 57.7763040344 0.00475702409405
88 -1.60872666484 28.1311557397 58.6473051711 0.00188470912159
89 -1.58778556933 28.1308625175 59.6373100219 0.0038166221415
90 -1.60361820485 28.2054207235 60.6245666254 0.00418268227827
91 -1.74070370142 28.3429976027 61.5954873911 0.00994790613486
92 -1.85389814918 28.619037722 62.5395299513 0.00623932436818
93 -2.28394869453 29.0138915059 63.3390206095 0.00298161025067
94 -2.68359683519 29.4819747724 64.1143624813 0.00283384809867
95 -3.11087457975 29.8742496618 64.9165451083 0.00706349968688
96 -3.8338218207 30.4806130736 65.2153803619 0.00489614781731
97 -4.64954129602 30.9468859681 65.5264140067 0.00372862955498
98 -5.43400832636 31.4105123949 65.9126351459 0.0037634499533
99 -6.22130407461 31.878600125 66.2874630505 0.00375151370687
100 -6.98680687189 32.2484838448 66.7940238715 0.00641436443245
101 -7.75075271798 32.680742302 67.2509952901 0.00510333187669
102 -8.61988742633 32.9576149452 67.634555112 0.00237986351898
103 -9.52901435382 32.9615806286 68.0252007896 0.00653952792257
104 -10.119350014 32.8807398595 68.2765670545 0.00339667805763
105 -11.0037457191 32.6850113437 68.6730668409 0.00250931576156
106 -11.8153469775 32.4976007286 69.2058491965 0.00203943728097
107 -12.3044163603 32.3340168279 70.0495622278 0.00235225813085
108 -12.8956847315 32.1542163525 70.8214318806 0.00395768328502
109 -13.5416274844 32.0782510324 71.5661480096 0.00827395556426
110 -14.1612777631 31.972264675 72.3292079279 0.0024832559158
111 -14.8747913833 31.8981721461 73.0094813928 0.00385251056485
112 -15.4767135698 31.7435927599 73.7783313761 0.00320645897365
113 -16.0805142576 31.5457504346 74.5356598353 0.00360837725698
114 -16.7395538551 31.2212535212 75.1971010236 0.00500607506852
115 -17.3827850879 30.832610377 75.8391545188 0.00692857340461
116 -18.045910085 30.6125774051 76.5382679248 0.00244680628915
117 -18.6733896793 30.2790714709 77.2252133617 0.00701652469213
118 -19.2484787066 29.7472753225 77.8278116974 0.0121295684829
119 -19.724742533 29.088725769 78.389830894 0.00367003324352
120 -20.2300535704 28.3876911349 78.8688681906 0.00532588181954
121 -20.863236501 27.7318329572 79.2497145586 0.00602290197901
122 -21.3614861745 26.963894507 79.6211933396 0.00463162743177
123 -22.2050824442 26.8297562977 80.1174520782 0.0154068986443
124 -23.0472813638 26.7541923659 80.627912974 0.00360914366485
125 -23.807539993 26.8676464098 81.2481420513 0.00392265921233
126 -24.6060576 27.0005344486 81.8139532064 0.00229212614794
127 -25.4787582525 27.0235868324 82.2756845194 0.00826907596569
128 -26.3893137772 27.1826377458 82.6230934679 0.00345839813149
129 -27.2695228017 27.2669204416 83.0626156527 0.00312642888105
130 -28.2332848865 27.2263199784 83.2733943283 0.00352187022384
131 -29.2038567025 27.1761546652 83.4474554624 0.00322764493083
132 -30.1848102643 27.1409836456 83.5534324063 0.00235696009425
133 -31.1443243797 27.0789887271 83.7774582064 0.00948588608265
134 -32.0816360337 27.2086311153 84.0587423424 0.00711261701824
135 -33.021570723 27.408010363 84.284717753 0.00660153151268
136 -33.9896376697 27.3802660455 84.4749820402 0.00479968989249
137 -34.9527873451 27.5567880647 84.5981771634 0.0043468441989
138 -35.9364539854 27.4977360715 84.6510167022 0.00283155910538
139 -36.9012465397 27.2943870441 84.6106262241 0.00235580952304
140 -37.8825114341 27.1901504387 84.6109634489 0.0059335299741
141 -38.8657620995 27.1743300146 84.6919878277 0.0037695988428
142 -39.8475724671 27.1102532145 84.6182189487 0.00332034187348
143 -40.8158061393 26.9573603955 84.506131114 0.006595281246
144 -41.7280071773 26.5825621067 84.5317018157 0.00562938932722
145 -42.0346693484 25.6546969381 84.6663207972 0.00858568357811
146 -42.0928975239 24.6707097438 84.6311175025 0.00882799893669
147 -42.2771927612 23.7024854026 84.6657352594 0.00767152812139
148 -42.4638385091 22.765259031 84.9090634396 0.00551638065627
149 -42.4806702132 21.8964053934 85.3750796219 0.00421879891721
150 -42.4104896623 21.0705879182 85.9092859852 0.00384145679937
151 -42.8313731868 20.3616992606 85.3684476529 0.00385487301364
152 -43.3128825988 19.7096717356 84.8071248183 0.00313060940071
153 -43.6372202609 18.9807832652 84.2278817776 0.00227634561673
154 -43.9511576392 18.4087802287 83.4887679128 0.00543087151411
155 -44.2650735368 17.8557213584 82.7354606901 0.0468737557956
156 -44.5670681217 17.4298581476 81.8999954942 0.00966333639404
157 -44.6251723568 16.9317146235 81.0522044856 0.00313883426387
158 -44.3174901862 16.2794539507 80.3814422652 0.00425278802779
159 -44.0112353193 15.6862376246 79.6573978076 0.00636297449777
160 -43.6182807398 15.3437638508 78.8218594866 0.00478690440869
161 -43.1893360778 15.0413624456 77.9886551297 0.0312156075341
162 -42.595342519 14.6421943778 77.3131266262 0.0102719922868
163 -41.9913723519 14.1890199917 76.6822798303 0.00390714925315
164 -41.8805222483 14.0294536206 75.7176428064 0.00288724743598
165 -41.5448297524 13.9094183007 74.8005686278 0.00352266559042
166 -41.3264910563 13.7244519807 73.8592185579 0.00287447661304
167 -41.0793037783 13.5369540911 72.925592566 0.00683185399835
168 -40.7597084235 13.3412778319 72.0160788366 0.0043773606624
169 -40.5444427663 13.1359737157 71.0785138271 0.0041212487311
170 -40.4139571983 12.8855891877 70.1363600985 0.00356195837641
171 -40.2395956781 12.9356785288 69.1697380026 0.0185436551009
172 -40.0591371039 12.9241003852 68.2033640217 0.00181987215207
173 -39.6898685997 12.4225120451 67.442870715 0.0188984374185
174 -39.5103106304 11.9218069068 66.6166258752 0.00193902034304
175 -39.3062746719 11.5787332314 65.718686793 0.00241404923245
176 -38.9235469622 11.2179878539 64.8887226639 0.00407793869488
177 -38.4800637835 10.6745271995 64.2008727387 0.0041204447537
178 -38.0075048618 10.2785728486 63.4360368267 0.00411228555361
179 -37.650115934 9.73932219084 62.696877382 0.00360177014139
180 -37.2390179375 9.05803619303 62.1211666625 0.00270429507229
181 -36.4786590545 8.49352136464 61.8613635393 0.00248054449512
182 -35.7650398033 7.82395985731 61.7800376858 0.00859957875504
183 -35.0600085813 7.1978891453 62.0535780627 0.00330562228826
184 -34.2876934752 6.74019640935 62.450838027 0.00469830507558
185 -33.4530233307 6.38223999719 62.8233266066 0.00655654418047
186 -32.5779496387 6.06273188242 63.1322001965 0.0031929375986
187 -31.6382713484 5.78425083593 63.1821588715 0.00624320061541
188 -30.7745660367 6.23582282525 63.0687200057 0.00518960542693
189 -30.0274263551 6.86244436581 62.9607075633 0.0030597870082
190 -29.3084922257 7.52766954329 62.9058974082 0.0061773449121
191 -28.5132320005 8.06752079117 63.101493834 0.00591380097386
192 -27.7225319804 8.64147302444 63.0165519103 0.00333469403869
193 -27.0158237199 9.32034539958 62.9794125698 0.00629748081555
194 -26.4593112489 10.1274592443 62.9951522361 0.00396705776102
195 -25.969219739 10.9765257253 63.0048703626 0.00179291198156
196 -25.3988483395 11.7732907468 63.0357715281 0.00818374298896
197 -25.0007593125 12.6298132209 63.2977986604 0.0031153480548
198 -24.8331114282 13.5249608181 63.6600962415 0.00671234506305
199 -24.8280141033 14.4106694031 64.0794402019 0.0036889568013
200 -24.5385345099 15.2776183687 64.4326223579 0.00370203259546
201 -24.1004504644 15.9398525947 65.0067489464 0.00554282594271
202 -23.816058802 16.5509908576 65.7177820653 0.00313262714288
203 -23.6651990354 17.1785449339 66.4548177246 0.0030177739891
204 -23.786101412 17.7968490134 67.2049823754 0.00312797789605
205 -23.7717643811 18.0022813027 67.4192851591 0.00113088327453
206 -23.879356393 18.8003523347 67.9738087369 0.00379922346292
207 -24.2431236889 19.623480916 68.3556132156 0.00642410572103
208 -24.8381774245 20.2680957006 68.7865099133 0.00412315154373
209 -25.5900374443 20.7867225772 69.1339611303 0.0044462213289
210 -26.4920306789 21.097357563 69.3450841565 0.00750264705028
211 -27.3976969431 21.4601580207 69.2970689054 0.0227043848821
212 -28.3280220484 21.7539018751 69.327321122 0.00539433543511
213 -29.274440397 21.8883250124 69.1308458712 0.00176332028213
214 -30.0307499172 21.5515414357 69.6475886139 0.00255010372407
215 -30.6910775508 21.2620738761 70.3053066334 0.0040045392258
216 -31.1358717678 20.8766354816 71.0836947524 0.00470320567386
217 -31.0543918112 20.2112237882 71.7925511167 0.0027552445006
218 -30.7866096954 19.4788387461 72.3786166182 0.00527242636569
219 -30.491072447 18.9574211854 73.148159277 0.00247139721157
220 -29.7781691946 18.8601625467 73.8065043617 0.00209269317129
221 -29.1405373508 18.9176847425 74.5421475038 0.00303364475742
222 -28.3731126961 18.6857070176 75.0970238115 0.0044636139349
223 -27.499370622 18.7345888908 75.5264468368 0.0042912033598
224 -26.6688295968 18.767908786 76.0354322227 0.00338737450539
225 -25.8207306758 18.8963134252 76.4979584271 0.00417711531
226 -24.9481914181 19.1369445788 76.858628583 0.00529960059663
227 -24.3827336174 19.740795785 77.3730778057 0.00465980758625
228 -24.0599844221 20.2967417427 78.1049831315 0.00286250565017
229 -23.4658689981 20.9373365777 78.5351764951 0.00341447117365
230 -23.0616350602 21.7804629102 78.8067911577 0.00386088577316
231 -22.6394578084 22.5326625071 79.2582592985 0.0036600444672
232 -22.0877109875 23.3332054518 79.304104085 0.00450747450128
233 -21.5932582931 24.1660740146 79.2097964226 0.00358605485196
234 -21.1414201528 25.0198147911 79.3269989799 0.0072698070656
235 -20.6886542395 25.8749342871 79.4267657511 0.00240005666268
236 -20.520210004 26.8216888823 79.5726332444 0.00323050424988
237 -20.5127248561 27.7815605506 79.4166725412 0.00572529033259
238 -20.8078086567 28.6930926002 79.2514542072 0.00372802483034
239 -21.107368829 29.477168571 78.7609033517 0.00463867375033
240 -21.4256541938 30.2347184112 78.2416725914 0.00558871832632
241 -21.8896233466 30.9320960362 77.7490449487 0.00499779279977
242 -22.5544960543 31.4817584235 77.3022494503 0.00330284634357
243 -23.2461495363 31.9780649927 76.8344509399 0.00206277860259
244 -23.8635224089 32.5825218037 76.3908072825 0.00328773359545
245 -24.5879665114 33.1812205981 76.1465708539 0.0042992792287
246 -25.3961420005 33.7146996837 76.2152958905 0.0078106036691
247 -26.2349957912 34.1438139669 75.9829342531 0.00602619572893
248 -27.1480740868 34.0656824807 75.6643776897 0.00351633459549
249 -28.0408683666 33.9366906903 75.3076285068 0.00673812669718
250 -28.8553528663 33.67737063 74.8495875031 0.00623499565839
251 -29.5087901394 33.1756417168 74.3385381875 0.0023473938907
252 -29.8642749389 32.5489228486 73.689944784 0.00367189892669
253 -29.9848532165 31.7237463397 73.1961644114 0.00163636707792
254 -29.8072905314 30.8189601487 72.898198581 0.00141436471333
255 -29.6222815031 29.9073980842 72.6268697812 0.00776830294392
256 -29.5062847212 29.005082169 72.29457919 0.00200359957853
257 -29.316357268 28.1558323791 71.8695873829 0.00396575546776
258 -29.0231361223 27.4055418352 71.3322721191 0.00848923198215
259 -29.062592323 26.6323518994 70.7514050349 0.00633868398717
260 -29.0846729179 25.8523029954 70.1794486576 0.00484457042369
261 -28.8375769792 24.9611831258 69.8963425713 0.00581717380743
262 -28.6113070634 24.2673066426 69.2620293742 0.0077614531468
263 -28.661580232 23.6871532332 68.4904995767 0.00635919402528
264 -28.7822722823 23.0695234152 67.7573283787 0.00293353309417
265 -28.8113711275 22.4598463721 67.0085241444 0.00683177461522
266 -28.8239309805 22.1423028185 66.0965031975 0.00413551599553
267 -28.8467310003 21.5732452435 65.3169672467 0.005275475066
268 -28.7908227908 21.1660155371 64.4436935669 0.00429171875733
269 -28.4873677143 21.0738697182 63.5323484886 0.00768841394022
270 -27.9686726202 21.1006123882 62.7198163754 0.00497819836095
271 -27.4681431538 20.9766859535 61.9052895024 0.00546194125587
272 -26.9193059014 20.9921056881 61.1133712846 0.00510325743521
273 -26.4517233729 21.1503580038 60.2861347093 0.00197345029671
274 -25.6932144556 21.6438392937 59.9572485881 0.00449369023459
275 -25.0589402268 22.3393497744 59.7565051486 0.00441278724976
276 -24.8286353845 23.2448203608 59.5266519318 0.00429740775577
277 -25.1982517004 24.1310483655 59.5821160277 0.0034803420029
278 -25.5002160121 25.0376891772 59.4751784315 0.0080812055427
279 -25.9662869077 25.8747567592 59.4006687861 0.0044411295524
280 -26.5763631601 26.5725880163 59.653105521 0.00256829727818
281 -27.4808213649 26.8621639078 59.7964706707 0.00176193513071
282 -28.4124164627 27.0068750163 59.6137199076 0.00252589355154
283 -29.328086519 27.0542033017 59.3287573264 0.00488294038543
284 -30.1267997976 26.5312253145 59.4268214593 0.00567379488991
285 -30.8912910455 25.9519471088 59.4399886319 0.0042159549133
286 -31.7686175408 25.6710277238 59.7064567032 0.00433466782567
287 -32.6129570279 25.2438530547 59.5532003641 0.00589731054514
288 -33.3418724877 24.6267505698 59.6291716921 0.00316761371102
289 -34.213341417 24.2544660592 59.4900523104 0.011946828782
290 -34.9320956461 23.6430843135 59.6482552036 0.00639316831102
291 -35.3438241373 22.8434501605 59.9730696022 0.00568283456144
292 -35.8204565979 22.0563911563 60.2314258371 0.00423523748437
293 -35.2902380787 22.7651291007 60.5909859242 0.00714747076625
294 -34.9820495539 23.371087149 61.2616082288 0.00591061869583
295 -34.9812411999 24.2567653152 61.6164311931 0.00496121402759
296 -34.9580770037 25.1859648834 61.8293121239 0.00745709427211
297 -34.8986371871 26.1351130821 61.8871485681 0.0039521655672
298 -35.0903292374 26.8049816964 62.5368820853 0.00354427542479
299 -35.2760552791 27.4416797631 63.220336315 0.00574258125468
300 -35.163170741 27.9747402454 64.000819462 0.00371381500472
301 -35.1786682708 28.6601157627 64.6603913172 0.00490097313555
302 -35.3854686587 29.246386195 65.3798658396 0.00513419084541
303 -36.0352695028 29.6381419891 65.9517164244 0.00454264916402
304 -36.7381800331 30.1051041842 66.3868974689 0.00422626170896
305 -37.4126237659 30.5496026849 66.8851239274 0.00525199405407
306 -38.0321614094 29.8579666868 67.0773958561 0.00528084959416
307 -37.920310392 29.272413145 66.34023632 0.0036062874575
308 -37.4471673986 28.5106179482 66.0352779802 0.0149244998306
309 -37.0461548081 27.6786231696 65.8341007792 0.00239376141846
310 -36.5838343425 26.8808925387 65.6272434156 0.00292613145763
311 -35.8587083206 26.2996240735 65.7959428245 0.00756037217997
312 -35.0243732078 25.9493609799 66.0632775673 0.00352165537972
313 -34.3378128702 25.3750455389 66.3602054774 0.00595073037836
314 -33.4799867933 24.9862626061 66.3357834236 0.00684588612041
315 -32.5977681455 24.7196435239 66.1450023676 0.00414016463941
316 -31.7475630429 24.4952769406 65.8109712898 0.00396524103541
317 -30.8516330813 24.2469320481 65.9491485108 0.00326616018219
318 -30.2029181465 24.2695393648 66.6288540783 0.00840311182988
319 -29.8020134694 24.7987654156 67.2921841127 0.00413993476794
320 -29.1310077692 25.1249109042 67.8602569329 0.00299026726115
321 -28.8276513798 25.9675369499 68.135717382 0.00516029839086
322 -28.6927945847 26.8717570534 68.3367740755 0.00697875564796
323 -28.6560716491 27.7699317189 68.5935766236 0.00652001707548
324 -29.3605772812 28.3739084833 68.4905643721 0.00301069871433
325 -29.9007461707 29.1245311849 68.366085647 0.00486778621015
326 -30.5531864894 29.6935571734 68.0200074075 0.00225908258753
327 -31.0528067074 30.3440225884 67.5774280673 0.00668203163005
328 -31.7974628498 30.8035024885 67.260612041 0.00198350305374
329 -32.38755325 31.5152062304 67.1588148813 0.00820306630985
330 -32.7188481975 32.1779064583 66.5986895249 0.00734403452935
331 -33.1577317837 32.8158435558 66.0886626631 0.00433463988347
332 -33.3294591021 33.5915229911 65.6124870358 0.00368572662093
333 -33.8096447064 34.2168757015 65.1279345401 0.00462921158343
334 -34.4896389773 34.6947999102 64.7235124918 0.00577649006512
335 -35.3364975237 34.8232161019 64.3797884366 0.00775479024222
336 -36.2256690863 34.9411160363 64.5888457073 0.00559529564215
337 -37.122021879 34.7596231599 64.684884358 0.0105414780733
338 -38.0386128775 34.7587989625 64.6632598991 0.00613896776607
339 -38.9256692914 34.9317396362 64.8076623735 0.00752477687265
340 -39.7986653327 34.9485646776 65.075072752 0.00809470855096
341 -40.5327872843 34.5927224343 65.4803998641 0.00504565341878
342 -41.1841089029 34.0060324399 65.7220251005 0.00592342197112
343 -41.5990842064 33.2646715986 66.0410097844 0.00447617665566
344 -41.8408257302 32.6145468401 66.6245331408 0.00281980915427
345 -42.0874732601 31.8684386168 67.0740411882 0.0135976770552
346 -41.9106923075 31.2115753188 67.6646836281 0.00586320112329
347 -41.8462891603 30.4570987974 68.1484948575 0.00398475536582
348 -41.3125094973 29.7382153321 68.0991741826 0.00310796094048
349 -41.1033496912 28.8807344967 67.9473083268 0.0119005402582
350 -40.4717844957 28.311978377 67.6801109393 0.00136321198528
351 -39.711524603 27.8490305784 67.6949770238 0.00540530071849
352 -38.9207850964 27.5226394296 67.4565982145 0.00207515051764
353 -38.071206329 27.3761694776 67.2474393709 0.00652030803851
354 -37.4090215937 27.3714844091 66.6607361584 0.00368595379344
355 -36.8903542025 27.9967597526 66.315692637 0.00594413582542
356 -36.8714079143 28.7480091211 65.8578867986 0.00775284515211
357 -37.3892881046 28.8872977656 65.1645069735 0.00592022049002
358 -36.7038734004 29.0097411232 64.6376983851 0.00818497797977
359 -36.4916587229 29.5421608652 63.9846641758 0.00298081083179
360 -36.4016485416 29.6859014777 63.1336510115 0.00534624021305
361 -36.4122340675 29.7526323437 62.2716492181 0.00275399058748
362 -35.6976310181 29.5924659707 62.7261977271 0.00696294166853
363 -34.9543967868 30.0180377874 62.760308163 0.00655474771496
364 -34.4250356839 30.6706404167 62.90583618 0.00562318975857
365 -33.8058913567 31.1979348787 63.1495246381 0.00474716292704
366 -33.1690801893 31.7141514704 63.3565618546 0.00575216043561
367 -32.757963481 32.4436552596 63.4353760933 0.00412199305591
368 -32.6360447554 33.2378196397 63.6732461894 0.00983388519241
369 -32.8812571424 33.9926805754 63.431286076 0.00430681890832
370 -33.5164263289 33.6247868907 63.8104022722 0.0054473601512
371 -33.1708515072 32.9172034742 63.5784128737 0.0055565459118
372 -32.9628238551 32.209991699 63.9276764228 0.00770902491383
373 -32.6680207778 31.4720068225 64.0715078579 0.00508571718606
374 -32.1687523866 30.897891665 64.3257729981 0.0111712476768
375 -31.6196865624 30.9908298212 64.8814486117 0.00689112468513
376 -31.7556140571 30.3971841944 65.3647076243 0.0147041426667
377 -32.0219209297 30.5975568112 66.043983754 0.00307681137367
378 -32.7028209965 30.8810467403 66.1827803315 0.0125634157674
379 -33.0534299426 30.7009586566 65.5681248395 0.00741786777218
380 -32.8039242943 30.9869523869 64.9606925931 0.00256481918922
381 -33.0477145521 31.4983180124 64.5316916494 0.00316814033305
382 -33.6174672881 31.8762117666 64.3652709382 0.00471933406355
383 -34.2926572808 31.8653166926 64.5233101367 0.00897940250902
384 -34.7389259434 31.3945332136 64.7014629161 0.0069985452992
385 -35.1527087425 30.8959728715 64.6066272182 0.0171671210261
386 -35.2165794945 31.4939190493 64.6658908665 0.00835106163045
387 -34.9406064397 31.9084635965 64.3766631 0.0121275036126
388 -35.3970312664 32.1400865306 64.2445061995 0.00721037980324
389 -35.5139237213 32.4715509744 63.8923594284 0.0192119485015
390 -35.8650486352 32.3680039669 63.7273242035 0.0169763316699
391 -35.8103198472 32.4545401026 63.4539357069 0.0103529172543
392 -35.6206218912 32.4676191048 63.3210554662 0.0104169561264
393 -35.4925828817 32.5839789102 63.3585578556 0.00777199578092
394 -35.4120379301 32.6625461466 63.4404244772 0.00653037021204
395 -35.3223313826 32.599945353 63.4445959699 0.0170529975189
396 -35.3315174702 32.5876147388 63.4878432485 0.00166810431155
397 -35.3685207036 32.5847241316 63.4717330924 0.00907737724877
398 -35.3538234909 32.5798229895 63.4787136836 0.00698296668764
399 -35.3569386051 32.5777466044 63.4814120352 0.00497560034462
