0 0.64942731735 -0.61215952184 -0.43640215756 0.00443303275312
1 1.32455493852 -1.20252882048 -0.863683495085 0.00360561775577
2 2.04995392624 -1.76385830347 -1.24521880234 0.00389817974422
3 2.71548692104 -2.47971595622 -1.42247239122 0.00275610842044
4 3.44679678917 -3.07165009138 -1.74121477413 0.00350879230333
5 4.22506620779 -3.60808854904 -2.04665740043 0.00548196169731
6 5.07086826277 -3.99845151477 -2.39156091484 0.00510060214763
7 5.94433155414 -4.31353724612 -2.74435317517 0.00252925089182
8 6.82649212394 -4.41184582089 -3.19022542212 0.00862433795281
9 7.72871925446 -4.44942398954 -3.60394748028 0.00285342190347
10 8.57696355339 -4.42187868785 -4.12000057555 0.0350114264813
11 9.46226953909 -4.2163277712 -4.52028805323 0.00534844303738
12 10.3110016474 -3.94130641801 -4.95643319511 0.00441940114203
13 11.1366154335 -3.82173845223 -5.49518462347 0.00404482253886
14 11.9038044401 -3.96244455796 -6.1098335345 0.00568641136491
15 12.7403527933 -3.94411328891 -6.64457351987 0.00680864839322
16 13.5248092695 -3.74987339025 -7.22158472286 0.00463273874323
17 14.2582746587 -3.59124029993 -7.87188038413 0.00234817999717
18 14.9718419389 -3.35360626416 -8.52022392541 0.00624407555349
19 15.7115969849 -3.11662112494 -9.1387137878 0.00629192979034
20 16.526475864 -2.73842146614 -9.56151151741 0.0059240100547
21 17.3478159484 -2.30123097232 -9.90794196734 0.00279673193999
22 18.249647093 -2.0186097028 -10.2121476913 0.00680680177722
23 19.0891660225 -1.56687154703 -10.4892496225 0.00299924201445
24 19.9738074382 -1.18194201802 -10.7234480054 0.0027220186883
25 20.8090578292 -0.730997254971 -11.014301818 0.00102079450573
26 21.6835542494 -0.409833681681 -11.3573735203 0.0036011679789
27 22.5415600225 -0.0588682494122 -11.7126254489 0.0046005491414
28 23.333954528 0.315192058488 -12.1792310817 0.00294823673723
29 24.1178956589 0.726732902044 -12.6281943979 0.00219110746639
30 24.9579472512 1.18753991715 -12.8878349255 0.00425282669728
31 25.8019724988 1.65265696209 -13.1259211386 0.00425411822349
32 26.6086777006 2.16629612739 -13.3919276251 0.00702389990049
33 27.3552545894 2.80178661194 -13.5470072764 0.00401400698793
34 28.1125867158 3.39541280119 -13.7905200519 0.00285829425946
35 28.8837457493 3.93523166916 -14.1053728537 0.00247916457736
36 29.5746008914 4.55105583047 -14.4640990905 0.00343476344783
37 29.9842550211 5.28958628153 -14.9855980479 0.00290160319468
38 30.5036565311 5.75298479137 -15.6932108081 0.00276368480972
39 31.050668621 6.15272767373 -16.4186025199 0.00197731056143
40 31.6165462681 6.48602421572 -17.1628417911 0.00583013972194
41 32.1659919287 6.73461355698 -17.9511725418 0.00335541570351
42 32.7103099991 6.9338153425 -18.7568778334 0.00436189702169
43 33.202700091 7.23798956765 -19.5631712778 0.00471592936427
44 33.6142117412 7.72570827927 -20.3233026572 0.00374086678044
45 34.2240850166 8.22011603588 -20.9303725109 0.00339860134259
46 34.7895313845 8.7267320024 -21.5695147782 0.0049676602373
47 35.3951344893 9.26251429565 -22.1448419221 0.00183355192048
48 36.0201257132 9.77810474052 -22.717861246 0.00399752808584
49 36.7474317559 10.220433306 -23.2278703681 0.00353734162853
50 37.4981741508 10.6732971691 -23.692615803 0.00292571570978
51 38.2917217162 11.0975630094 -24.1108577986 0.00158105932934
52 39.1205990459 11.5224211863 -24.4530145446 0.0058981529918
53 39.9917023819 11.876387486 -24.7699229563 0.0318477228126
54 40.8029605639 12.3921733775 -25.0148724837 0.00254048226664
55 41.5727472658 13.0013159945 -25.1580828858 0.00295396347389
56 42.3303546186 13.6386766573 -25.220529129 0.00406149059375
57 43.0466819034 14.3244216306 -25.2465724168 0.00322783491639
58 43.857220456 14.8873985198 -25.347063758 0.0056185164022
59 44.6568858982 15.4472437905 -25.5233100383 0.00620675129618
60 45.5738236805 15.82543437 -25.5316739852 0.00525122447144
61 46.5429131136 15.9256845216 -25.3455669875 0.00624673316186
62 47.5063307962 16.1479936623 -25.267189136 0.00520972877131
63 48.4274043379 16.4790088546 -25.1067726111 0.00430032337308
64 49.3486994443 16.8120555009 -24.9520990227 0.0017135420304
65 50.1943108735 17.3186194858 -24.842833896 0.0116522858573
66 50.9603730644 17.9434847074 -24.7643920237 0.00184422519205
67 51.6714107527 18.6284505477 -24.8575918014 0.00199553656651
68 52.3335610348 19.3411905636 -25.0498962338 0.00286704078488
69 52.994224192 20.0462760233 -25.2729863375 0.00142817502951
70 53.6501250668 20.7401172541 -25.5408620315 0.0033920355036
71 54.1615767508 21.5448197736 -25.8132746659 0.00750229076335
72 54.672659443 22.3508846594 -26.0821562481 0.00526496490102
73 55.1826521656 23.1959996183 -26.1762164518 0.00481327133065
74 55.6227817365 24.0450923892 -26.4378318837 0.0149440488395
75 56.0429976654 24.9406747223 -26.5030717473 0.00483694706132
76 56.4105565528 25.859396488 -26.5638440628 0.00624421410383
77 56.7165394897 26.8017149884 -26.5980570889 0.00584866477154
78 56.9569202722 27.7515170509 -26.7489967282 0.00605229974971
79 56.98403731 28.6947248856 -27.0527294676 0.00278984037615
80 56.9802394603 29.6753608031 -27.1973345157 0.00490506026296
81 56.7554513715 30.6331971622 -27.3178508833 0.0019894126388
82 56.4948337984 31.5769041447 -27.4726929463 0.00109629618189
83 56.333916399 32.5498530903 -27.5723798908 0.00342184180345
84 56.0479643359 33.4875747043 -27.718422201 0.00470130280156
85 55.7106296872 34.4127188878 -27.8309656464 0.0038475944766
86 55.3881884189 35.348209489 -27.8874115969 0.00740045924431
87 54.9762836378 36.2436648248 -27.9908140644 0.00501419670439
88 54.4848895555 37.0854411383 -28.1699215899 0.00810059184608
89 54.1301703273 37.9597361608 -28.4729443704 0.00381620976422
90 53.8403336781 38.8730817363 -28.7254772192 0.00708882720453
91 53.7504582176 39.7759169954 -29.1238717415 0.00655543556394
92 53.5284524271 40.6972726127 -29.4130225457 0.0055022491174
93 53.1591430545 41.5737634894 -29.6906631938 0.0025790011606
94 52.7205060119 42.440195357 -29.8870154752 0.00667878366867
95 52.3398497914 43.3241487216 -30.1221675027 0.00447161905605
96 52.0467674061 44.1883971307 -30.5077975872 0.00448007188541
97 51.6507263413 44.9724313676 -30.9659771609 0.00663780661145
98 51.2706717415 45.7240367653 -31.4875673396 0.00309138235695
99 50.8389786703 46.4314053681 -32.0303753906 0.00351015369018
100 50.3496115073 47.0160335815 -32.6628947804 0.00277221836019
101 49.7461553899 47.4939429991 -33.2863925788 0.00222130396712
102 49.1294264717 47.9571599432 -33.9079613279 0.00432653565991
103 48.4690940852 48.427915418 -34.4767648942 0.00378572374927
104 47.8818803025 48.7398413013 -35.210986519 0.00228019344282
105 47.3056285099 48.8966678154 -36.0012596132 0.00245340469117
106 46.7033604766 48.8806399737 -36.7874970948 0.00328330747315
107 46.242567638 48.7929882904 -37.6599285252 0.00172570985672
108 45.8033765519 48.6619360251 -38.5380304172 0.00496925126995
109 45.3857074743 48.5958696179 -39.4337136769 0.00748051294292
110 45.0170021478 48.5292515788 -40.3505433559 0.00588275707424
111 44.6325787012 48.4454880946 -41.2594242957 0.00163861925256
112 44.2271134641 48.4176104629 -42.1625599916 0.00551391447759
113 43.913453472 48.3286453282 -43.097690511 0.00310560948561
114 43.6029883672 48.0933412786 -44.0081551907 0.0033247811183
115 43.2953283405 47.9093914119 -44.9312832727 0.00534840035653
116 43.0666634764 47.8177808079 -45.8904054177 0.00374386666705
117 42.9557640565 47.6881220405 -46.8658213105 0.00651343552956
118 42.8966892759 47.5946937544 -47.8498074083 0.00368162957895
119 42.7395072954 47.5183761695 -48.8244104259 0.00597403637935
120 42.5314735373 47.3959423161 -49.7846222918 0.0026929528991
121 42.4635159482 47.1499839308 -50.741238581 0.00408078699402
122 42.2818184172 46.8549995389 -51.6686612225 0.00654922506378
123 42.1577553637 46.5404967129 -52.5991085592 0.0042012349367
124 42.0399299107 46.1938588678 -53.2696840569 0.00450487101087
125 41.9639432668 45.6527331761 -54.0940670583 0.0184468741893
126 41.9053176473 45.1987381294 -54.9706095738 0.0045711621805
127 41.8087985435 44.723007075 -55.8320847297 0.00447417657673
128 41.9145561018 44.3980683007 -56.759965619 0.00477801810081
129 42.2355310432 44.1171427928 -57.651968176 0.00583118177566
130 42.6251536925 43.8179505906 -58.5099604986 0.00414587474652
131 43.2425883325 43.6742782886 -59.2685504693 0.00325423289158
132 43.7195934456 43.6535990593 -60.1342100367 0.0033232796118
133 44.1948101618 43.6806712205 -61.0006377126 0.00612783330083
134 44.6481982221 43.7788912093 -61.8735245812 0.00365012913334
135 45.0715308015 43.7861292598 -62.7667296676 0.00919739473661
136 45.5761316993 43.7447802939 -63.6155663156 0.00491301137747
137 46.0796429827 43.7264092985 -64.4657966855 0.00411515500607
138 46.6787731596 43.6351718358 -65.2463979242 0.00462070119196
139 47.3060924824 43.7299916141 -66.0040165272 0.00452775803394
140 47.9449920383 43.7883599442 -66.7555518809 0.00455246482766
141 48.7118966068 43.8206789536 -67.3776822071 0.00596894923609
142 49.5863245809 43.7515227297 -67.8322381637 0.00506040728173
143 50.4476328101 43.7922597568 -68.3143325087 0.00575966851667
144 51.3906687509 43.8562128022 -68.6012615927 0.00610492675039
145 52.3651645634 43.9219450684 -68.7482607342 0.00231842019649
146 53.3229141769 44.0676863274 -68.9406155014 0.00536105001811
147 54.281864113 44.1573778201 -69.159195846 0.00543288255465
148 55.2142922275 44.2128053703 -69.4798364261 0.00176399875216
149 56.1200452359 44.5282617056 -69.7150863114 0.0054602119871
150 57.0696392387 44.7711263664 -69.8350312888 0.00673015088072
151 58.0131897224 45.0509351347 -69.9147575468 0.00377632620726
152 58.9581656134 45.3083210365 -69.7897612466 0.00222323340995
153 59.8062816026 45.7884447875 -69.6317028527 0.00448203081909
154 60.5837246501 46.3671124496 -69.4434872817 0.00834380724582
155 61.1542035201 47.128734571 -69.1808138174 0.00491423029381
156 61.7968392705 47.8487761238 -68.9735950037 0.00698636894395
157 62.336720312 48.6282184982 -68.6993321101 0.00380956716788
158 62.8062216662 49.4427545992 -68.3989432707 0.0365424798529
159 63.4712253414 50.0176730877 -67.9511861676 0.00264767678153
160 64.1392388582 50.5578449919 -67.4662470012 0.00187889238618
161 64.9021537965 51.0884353889 -67.1353082673 0.0013541373828
162 65.5803469481 51.6695173592 -66.7164070984 0.00285128447506
163 66.2959899899 52.2846910027 -66.429392242 0.0256585015394
164 66.9848089194 52.9088367979 -66.1003887361 0.00330852887303
165 67.6572137813 53.5534862248 -65.7771590927 0.00242853080845
166 68.1556247689 54.3730569891 -65.5491778063 0.00474820538707
167 68.5630345827 55.2477284275 -65.3469085376 0.00752176816717
168 68.821466038 56.1444046701 -65.0291898068 0.00462590419635
169 68.9575332672 57.0939875221 -64.8025160198 0.00178498666068
170 68.8957891744 58.0670426936 -64.6579907482 0.00878923069478
171 68.5835519435 58.972664372 -64.4263599735 0.0203867146672
172 68.2442230014 59.8513782576 -64.1375377212 0.00392664455541
173 67.9328292548 60.7574909734 -63.9082808095 0.00436917701581
174 67.7246669518 61.7018745726 -63.7205843009 0.00392625271536
175 67.3187431986 62.574600068 -63.5111066805 0.0070254737805
176 66.7169223952 63.3058830894 -63.7815455648 0.0050001962855
177 65.9827558761 63.9410067786 -63.9474864562 0.00517624323947
178 65.4228290968 64.6091270766 -64.4056856084 0.00512031518126
179 64.6734810428 65.1691602682 -64.7130372751 0.0027584808757
180 63.9305458849 65.7173307153 -65.0552419554 0.00386847777207
181 63.1944836266 66.1864624664 -65.5108705785 0.00546085067132
182 62.4122900521 66.5727682811 -65.9671956993 0.00214682624948
183 61.464265097 66.6944986431 -66.202928883 0.00502598616455
184 60.5173198348 66.6254277268 -66.4627427135 0.00447522247769
185 59.6462103824 66.5808654868 -66.9189091273 0.00590430750605
186 58.8532984609 66.2165896447 -67.3742110864 0.00349755707551
187 58.1583768327 65.7827327098 -67.9196361196 0.00559407575883
188 57.5483800899 65.3684770988 -68.5714115288 0.0108061691503
189 56.9661016015 64.8916636284 -69.2052326875 0.0069652717277
190 56.5016899006 64.340841162 -69.8751778802 0.00510316040253
191 55.9153604657 63.7526431012 -70.4023155448 0.00286820831504
192 55.3944011716 63.0849629567 -70.9026350878 0.00251569820096
193 55.1458129123 62.247960887 -71.3554377479 0.00400184071127
194 54.9833886798 61.4483143951 -71.9045208557 0.00532201850894
195 55.0503636351 60.7471084253 -72.590841013 0.00652653401777
196 55.3150928304 60.1094783954 -73.2910754401 0.00255886039189
197 55.6186210548 59.5626302843 -74.0498665703 0.0010508832536
198 55.9887365767 59.1837126347 -74.8783573178 0.00321826800751
199 56.1186253489 58.7834843693 -75.7670909108 0.00288615569433
200 56.1964199539 58.2897132158 -76.6137839259 0.00478712817329
201 56.4672565385 57.6537368595 -77.3127968738 0.00409695611081
202 56.7909238468 57.0567470373 -78.0235244391 0.00350990216037
203 57.3022398155 56.6616776365 -78.7642390862 0.00260840535524
204 57.6817873167 56.230753817 -79.4250745052 0.0022661932561
205 58.1127448255 55.7690737075 -80.1780554232 0.00463951348297
206 58.7880103614 55.4587033339 -80.8209130043 0.00529860414671
207 59.4157043175 55.2271318958 -81.5405008835 0.00333940958668
208 60.2078530604 54.8912004158 -82.0146018104 0.00560779388556
209 61.0022577442 54.5350576277 -82.469537982 0.00416119266942
210 61.7132558227 54.1116477429 -82.9986539987 0.00277703533156
211 62.6629380087 53.899542986 -83.131312594 0.00529249377956
212 63.6424364655 53.9663475707 -83.1120203889 0.00238115944046
213 64.6148617286 53.8882570638 -83.223604244 0.00380182120777
214 65.5815925917 54.0519793436 -83.2747914715 0.00269744644973
215 66.553666403 54.1845593206 -83.2377295994 0.00305756798827
216 67.4895800897 54.4760360197 -83.1842879983 0.00447144717704
217 68.379287711 54.8904320492 -83.1684215439 0.00399069314223
218 69.2055940895 55.3834626699 -82.9746565657 0.00472132549715
219 69.8692413885 56.0807170002 -82.7833233298 0.00355539722285
220 70.3427502738 56.9102661266 -82.5581789543 0.00586892424548
221 70.8049898233 57.7272879507 -82.2724834986 0.00663673781741
222 71.1679610872 58.5908863315 -81.9809942093 0.00340556313267
223 71.3306269142 59.5487081062 -81.8452150356 0.00512147585529
224 71.2850680781 60.5241660653 -81.753105886 0.0076466633025
225 71.2963558246 61.502557904 -81.8190071569 0.0037661559148
226 71.3445220538 62.4811005895 -81.7780559406 0.00346486076794
227 71.3452323368 62.7110307415 -81.7483089059 0.00105986725794
228 71.3935976536 63.6881615397 -81.7052602765 0.00417006941519
229 71.5628045508 64.6525333842 -81.6946228775 0.00785839228332
230 71.5711924702 65.6028814226 -81.9294589212 0.00463755107188
231 71.6609404666 66.4811647961 -82.352287111 0.00203384934664
232 71.5262658565 67.2359093372 -82.9609518309 0.00338249667944
233 71.2292170848 68.113048328 -83.2775884316 0.00293296809152
234 70.7214475166 68.9391555288 -83.4093663267 0.00605959586212
235 70.1115685546 69.7038628334 -83.3854637102 0.00500627250745
236 69.4720806007 70.4437875546 -83.4096982462 0.00433076268056
237 68.9975372277 71.2797203689 -83.2285218051 0.00359431309003
238 68.3558351265 71.9843710366 -83.0087659329 0.00333792108135
239 67.4639126813 72.365217803 -82.8829847171 0.00486477076373
240 66.5077628602 72.3898248835 -82.6797597995 0.00436582292388
241 65.5378078781 72.3675604481 -82.559159922 0.00230793588082
242 64.5701459031 72.2415866103 -82.5002603964 0.00337466132066
243 63.6795918204 71.8402511843 -82.5370005756 0.00350231606093
244 62.7968142065 71.4580969685 -82.7101514658 0.00339184383371
245 62.0051669698 70.896909538 -82.5941089163 0.00668331760134
246 61.3381291266 70.1883937935 -82.5060326355 0.0045722961468
247 60.6804610211 69.474663999 -82.3943367497 0.00144146696179
248 60.1114583538 68.6975326908 -82.5575488813 0.00418785542853
249 59.8215662119 67.7799148134 -82.7249261571 0.00484580127711
250 59.7531231454 66.8234753058 -82.9101663314 0.00288128051563
251 59.7941985063 65.9979013522 -83.4302830106 0.00504623063862
252 59.9248448028 65.2689904953 -84.0668266104 0.00244067130496
253 60.0564896251 64.7027097763 -84.8514133598 0.00494923235928
254 60.1339885714 64.1589297159 -85.6586231463 0.00147336864151
255 60.1857271591 63.6859997181 -86.5112171511 0.0030738725389
256 60.5141599487 63.4526685394 -87.4004845566 0.00555036028117
257 60.6879742317 63.1972701097 -88.3264208884 0.00388326678752
258 61.098466948 62.8198360041 -89.1272953938 0.020464843301
259 61.6292638619 62.4835319046 -89.8729756124 0.00678837276194
260 62.071213629 62.4247767184 -90.325223524 0.00279977851776
261 62.9062102094 62.4361657972 -90.8176808856 0.0054334798573
262 63.1409880289 62.3319864458 -91.7525675828 0.00432934560776
263 63.4724679227 62.4960308856 -92.6485010816 0.00468898559215
264 63.9400643462 62.8615413085 -93.414364217 0.00419608637164
265 64.1301446039 63.2874157781 -94.2634866457 0.00278425496718
266 64.3166904235 63.7518719011 -95.0927453641 0.0029591514099
267 64.5158558645 63.2910603388 -95.9209170489 0.00137136197805
268 64.8795083237 62.9059361768 -96.7315624781 0.00425134174843
269 65.4001127718 62.5816551022 -97.4805451183 0.00403609470245
270 66.2283888666 62.3242926448 -97.9095540996 0.00230641939296
271 66.7296566466 62.331456685 -98.7373855056 0.00222941519983
272 67.4058158637 62.5610152508 -99.3902365026 0.00379844554762
273 67.997930591 62.9531049595 -100.047018439 0.00604153766198
274 68.6153655818 63.4745636309 -100.577792372 0.00337344018246
275 68.709933651 64.1258558352 -101.286037414 0.00366620889787
276 68.6223501257 64.830432338 -101.941891381 0.00446679574693
277 68.4818444922 65.3706323266 -102.730811779 0.00653041110861
278 68.3483925257 65.9991166809 -103.452117436 0.0053879524141
279 68.0560222868 66.5524941248 -104.187486864 0.00403904302586
280 67.8270895324 66.8514257304 -105.076596091 0.00370502544587
281 67.4105946537 67.3385131461 -105.798263331 0.00545780612129
282 66.8453370087 67.5543147933 -106.54981223 0.0207051346812
283 66.2256301389 67.7133109056 -107.270171543 0.00773356101691
284 65.8254243288 67.6172170269 -108.140866232 0.0101746089659
285 65.4181250865 67.6291855401 -109.01270199 0.00538655859123
286 65.0233297564 67.6222738088 -109.88990657 0.0023637077356
287 64.6442635561 67.8559241216 -110.742390739 0.00540697906776
288 64.2350814103 67.8622385567 -111.612341316 0.00386638180534
289 63.9252681894 67.8654197487 -112.522190234 0.00678615533043
290 63.5617257895 67.6972060929 -113.395277789 0.00681262413484
291 63.1695393504 67.4708362018 -114.241804578 0.00443072350332
292 62.651982946 67.1321644867 -114.975414653 0.00473293416496
293 62.1140349539 66.6640050924 -115.616726122 0.00432267791217
294 61.5270953774 66.2513970903 -116.252656685 0.00354528668323
295 61.0079092213 65.7613541049 -116.892105683 0.00268744603375
296 60.7721716729 65.1324950368 -117.575627869 0.00747158971892
297 60.4862300325 64.7112340572 -118.386835666 0.0073207296744
298 60.2724213576 64.3624238298 -119.252169498 0.00205929381712
299 59.8442960139 63.9390180226 -119.995805257 0.0213782217578
300 59.5805840848 63.2479670164 -120.599460904 0.00359956241292
301 59.5358274132 62.3944553754 -121.023807261 0.00602230105494
302 60.1597178046 62.0705805251 -121.668507679 0.00479365606383
303 61.0959390503 61.9805858859 -121.82229322 0.0034730678267
304 61.9485701213 62.1208929588 -122.223696107 0.00678003728853
305 62.4606255307 62.5902852378 -121.572297419 0.00596632233589
306 63.3300217682 62.8008780677 -121.248348163 0.00431398442039
307 64.0173588825 63.0883451225 -120.657108035 0.00419851829896
308 64.7470338156 63.4366789121 -120.157274344 0.00200411598067
309 64.7724185604 62.49312621 -120.048398327 0.00423354892274
310 65.1503550174 61.6870948489 -119.717471553 0.00425638362486
311 65.1604867643 60.8553920697 -119.259831014 0.00454499653844
312 65.3734963244 60.0121882743 -118.880640254 0.0100905184019
313 65.3105353396 59.3290486406 -118.226668102 0.00421539295892
314 65.2669536312 58.731896475 -117.492476711 0.00496527406319
315 65.4661063572 58.6518746258 -116.57008049 0.00396301809073
316 65.217968723 58.2499618181 -115.750009614 0.00476139104592
317 64.679120973 57.5200055544 -115.485018297 0.00236964190724
318 64.098849778 57.0332626043 -114.919668186 0.00346771860706
319 63.706549337 56.480348379 -114.261668321 0.00555334232325
320 63.4820294214 55.6286638263 -113.922826515 0.00359933473204
321 63.3900247679 54.7778861011 -113.526047 0.0113921250207
322 63.5849226498 54.0067088386 -113.021942128 0.00357395897188
323 63.6826748791 53.1942870339 -112.556997763 0.0035523306444
324 63.8134133094 52.521902654 -111.912069219 0.0040675984252
325 64.042512153 51.9989147096 -111.164923311 0.0062150709128
326 63.6891972583 51.224746006 -110.768072603 0.00354745196227
327 63.2729531298 50.4269141518 -110.502294891 0.00338947975294
328 62.936170806 49.6659419334 -110.069713937 0.00293761105301
329 62.8195223906 48.8253752139 -109.671580751 0.0059927922106
330 62.8869013468 47.9997904354 -109.234859999 0.00580659153928
331 63.0429921501 47.2110204701 -108.756797914 0.00407897293861
332 63.0230500827 46.3480184818 -108.398527318 0.00356636245082
333 63.3559170277 45.5643390977 -108.014571058 0.0026385249648
334 63.6765732354 44.7038262972 -107.847422396 0.00289756697128
335 64.4848229901 44.2391469859 -107.87901978 0.00323544937514
336 65.2794567222 43.7788968469 -108.039787869 0.00315399520937
337 66.18255181 43.553814442 -107.998376391 0.00712061586425
338 67.0824251041 43.3495301708 -108.116320426 0.00482398901625
339 67.8317128318 43.3965154085 -108.664588315 0.00630609066658
340 68.5752944036 43.4681746146 -109.21577642 0.00371940989386
341 68.818730295 43.5789979741 -110.104556795 0.00678921905273
342 68.8003376962 43.3539309764 -111.003356382 0.00512190296004
343 68.9943152153 43.0104518217 -111.840561287 0.00528081134626
344 69.3209392027 43.1162477184 -112.698770259 0.00340533000811
345 69.6573752083 42.3200032187 -112.37579072 0.00524378965703
346 69.7981354745 41.4097911526 -112.401827478 0.00418884665496
347 70.6504309105 41.4201018698 -112.74948537 0.00614841310973
348 71.3342822712 40.8936580618 -112.433715244 0.0102003678635
349 71.9919755153 40.8705684113 -111.795534121 0.00359917563937
350 72.1955200721 40.5797939835 -110.950928997 0.00356419936564
351 72.0888017018 40.3046952716 -110.08457183 0.00532343293384
352 71.6569816424 39.6837855822 -109.573007805 0.00384280772804
353 71.188154397 38.9180376937 -109.730812577 0.0035814495657
354 71.0762502047 38.0160831137 -109.675684947 0.00388187314187
355 71.1081900842 37.2188400234 -109.238864031 0.00734550584427
356 71.0484921578 36.3239063632 -109.103371535 0.00687773571458
357 71.1983380155 35.4630186814 -108.868203899 0.00361055966804
358 71.3947181318 34.7759801154 -108.314316505 0.00804077755814
359 72.1716614309 34.5524369333 -107.916359168 0.00465202968707
360 72.7659586463 34.0928138193 -107.421599626 0.00180292674792
361 73.3337774927 33.6064000685 -106.92255435 0.00912080104418
362 73.7612251926 33.3864808807 -107.678700194 0.00404417461648
363 73.7488074736 33.1309016986 -108.536025921 0.00700018030138
364 74.0975944925 32.6191025262 -109.177056621 0.00216187640414
365 74.4178523914 31.8410661299 -109.466966839 0.00325354940244
366 74.9884686968 31.1832121773 -109.642943947 0.00875847497257
367 75.3779121258 31.3394858296 -110.422780522 0.00424916750661
368 75.2275709162 31.0510796114 -111.244496009 0.00303344545096
369 74.8786790027 31.4486687562 -111.950285487 0.00275067594999
370 74.1116843359 31.7508256354 -112.25816568 0.00399395591371
371 73.6047245174 32.1373585768 -112.862603223 0.00521652679169
372 73.0854608901 32.8059709732 -113.084967402 0.00643399098726
373 73.441551252 33.6002941048 -113.132625903 0.029162694157
374 73.2076389827 34.1870298855 -113.708687279 0.00464527225702
375 72.9165961657 33.8800653994 -112.968922984 0.0183021558596
376 73.6252072503 34.3259677634 -112.954837224 0.00800016375149
377 74.049093737 35.0337037193 -113.052467128 0.00319267955866
378 74.8307188419 35.2195161348 -113.252827853 0.00582297414622
379 75.0054690475 35.9734211057 -113.532393682 0.00612356209215
380 74.4966577115 36.4668140877 -113.125531111 0.00362590262564
381 74.2989668633 36.7095626674 -112.373488447 0.00611099232246
382 74.1671942695 37.4404566576 -112.057369067 0.00545574685781
383 73.6098896848 37.6068242175 -111.505560709 0.00463975269851
384 73.0378662926 37.6938272714 -110.962534803 0.0120119723456
385 72.8030494681 37.9640095188 -110.270992674 0.0186327360529
386 72.3487509855 37.6544927646 -109.760011954 0.00804646058059
387 72.1115251139 37.3240981914 -109.144900496 0.0065149488174
388 71.5238947532 37.5034779392 -109.529956316 0.00786250829276
389 70.8379300605 37.6845395172 -109.529845074 0.023491733776
390 70.4251840239 37.9271046314 -109.977842021 0.0202523467175
391 70.5906305418 38.025326249 -110.541300495 0.00952704385368
392 70.3353474133 37.836241174 -111.003594136 0.0147262059756
393 70.3220786445 37.3535411787 -110.877381851 0.0088506393765
394 70.2191139679 37.0202002462 -110.581864701 0.01307392962
395 70.5386239543 36.8516076146 -110.444514386 0.01546239689
396 70.7195099343 36.6417283541 -110.519439952 0.0203154219001
397 70.72258642 36.4746558947 -110.465923968 0.0110548801403
398 70.8210869951 36.5455364184 -110.450003569 0.008020184736
399 70.7330986341 36.5344084749 -110.440013658 0.0103272114528
400 70.7836310945 36.5339893 -110.44923745 0.00931678026462
401 70.7865477045 36.5122610021 -110.438821736 0.00704326909378
402 70.7950345904 36.5152528854 -110.43715552 0.00798554777355
