0 0.876353348091 -0.466023534782 -0.0415662217628 0.00202167880383
1 1.56462946421 -1.16449984336 0.117479762692 0.00233931931453
2 2.12664714802 -1.59526494186 0.280259671151 0.0029496426021
3 2.902278136 -2.20395621411 0.399677170653 0.00358892046363
4 3.68433457519 -2.81529851842 0.431010016697 0.00344056081384
5 4.12596278204 -3.14995195516 0.416887726369 0.00191425493266
6 4.94151174659 -3.71269666492 0.478842521021 0.00901160382951
7 5.82544840747 -4.16336534529 0.512071391035 0.00707718804105
8 6.74211235317 -4.54394249027 0.492888526022 0.00466730346619
9 7.62298614904 -5.00144543097 0.479276073217 0.00343186958152
10 8.53229355527 -5.39108627727 0.397178764612 0.00429561722295
11 9.44763408979 -5.77514345013 0.399750698003 0.00214211893088
12 10.4099891044 -6.01730708368 0.423474402194 0.00662751017355
13 11.3981791845 -6.05448649281 0.509296037356 0.00596795666541
14 11.7043575856 -5.99738196983 0.902091873747 0.0018144684462
15 12.1158501737 -5.96142443405 1.3370397893 0.00252672875305
16 12.7105844084 -5.8815787463 2.12696429695 0.00261809856334
17 13.3559170162 -5.78218908647 2.87374664794 0.00527625847636
18 13.9233713375 -5.74132684535 3.68634022239 0.00329679557241
19 14.4921490845 -5.58913815072 4.48463080282 0.0046329519207
20 15.1634706256 -5.35906935212 5.17762091781 0.00461039527143
21 15.8547052624 -5.02181392919 5.80389071441 0.00353408687124
22 16.3723949752 -4.74727604426 6.60414866685 0.00594298945584
23 16.8633341027 -4.31269814326 7.34833409274 0.00170360535795
24 17.3506246593 -3.81079326985 8.05139415125 0.000963841114735
25 17.9021940831 -3.18182408803 8.58407870551 0.00454121128838
26 18.3656765989 -2.5293383099 9.16973328948 0.00863292181149
27 18.7565110655 -1.94695635877 9.87084698415 0.00549405144003
28 19.1041249654 -1.35249267258 10.584426255 0.00584150544862
29 19.5186444912 -0.821624695098 11.3122338241 0.00261303086341
30 19.9016442381 -0.330777971062 12.0840614626 0.00616095809095
31 20.1338361766 0.360084969438 12.7563815874 0.00501490904651
32 20.3164790043 1.0904486466 13.4016380623 0.0277120292344
33 20.4538359479 1.84907289165 14.0248571005 0.00303162300825
34 20.5923264495 2.60852419203 14.6467842765 0.00284893099843
35 20.6573300675 3.32530312283 15.3284932434 0.0025635693652
36 20.6066824873 3.96781566999 16.0817086181 0.00360780746475
37 20.3512324224 4.57512945134 16.8223724144 0.00646649566321
38 20.1978036365 5.167302766 17.6023657161 0.00222675295597
39 19.9277225581 5.78466105568 18.3293255135 0.00355015887532
40 19.6478645463 6.3044390366 19.1255915943 0.00720430053404
41 19.3154582055 6.82852191603 19.8984202175 0.00733442447924
42 18.9926343602 7.27607027193 20.7217247776 0.00563736030884
43 18.5949597738 7.59322476172 21.5723419428 0.00604136070961
44 18.3423821371 7.86042613924 22.4926917192 0.00621304057404
45 18.2161151351 8.10665238659 23.4443201338 0.00251108478391
46 18.195394725 8.17698171635 23.7396590053 0.00114921902566
47 18.1549056364 8.38031513993 24.7087026238 0.00584725290792
48 18.1015154803 8.48560356208 25.6925824075 0.00600607850568
49 18.0823539954 8.44795512143 26.6825769368 0.00481266842297
50 17.8891285571 8.16350561984 27.6118350134 0.00627973433939
51 17.6891320074 7.92447812911 28.5523407818 0.00627576591659
52 17.4586675507 7.7229725762 29.4946119808 0.00384775228413
53 17.2051191037 7.51571263385 30.4296462421 0.00199149430392
54 16.8947191075 7.36416148439 31.3581845882 0.00351599510688
55 16.5265666226 7.08806548324 32.2354830473 0.00678046819058
56 16.4179461399 6.97645481136 32.4956690482 0.000646536796125
57 16.043142617 6.55616286879 33.3102848112 0.00628076739638
58 15.8434684049 6.15702208838 34.194297685 0.00695815169987
59 15.6494674388 5.71940981821 35.0611312489 0.01026020179
60 15.358356733 5.47593470835 35.9756691076 0.00482252767446
61 15.1556502308 5.11332529292 36.8744136083 0.00465984130186
62 15.0657111509 4.84343955303 37.8227516224 0.00543321735455
63 15.1138802003 4.50692108719 38.7525937727 0.00416282191565
64 15.0690294032 4.12693202191 39.665659336 0.00223129886823
65 15.1721710465 3.68632680295 40.5461499567 0.00263205089638
66 15.4347120925 3.29963627614 41.4188062092 0.00527102309707
67 15.5975262239 2.86214524348 42.2917273426 0.00550113808002
68 15.7987243336 2.46372457165 43.1752385699 0.00272937636457
69 16.0315835248 2.06492239677 44.0507350082 0.00862535816028
70 16.2799815863 1.701583863 44.9372469883 0.00679518692444
71 16.3835472701 1.30758503347 45.8392178931 0.00484483275619
72 16.4359266887 0.955783544438 46.7627623052 0.00489978545747
73 16.4956796406 0.569063531247 47.6717310361 0.0221751529678
74 17.021829136 0.181290986402 48.4144631268 0.00196494227877
75 17.6313468464 -0.08532914005 49.1467282849 0.00210483583415
76 18.319847326 -0.331538361994 49.6690415285 0.00251389412039
77 18.9920115248 -0.836652048394 50.1895279795 0.00525017524187
78 19.5729620888 -1.43374507789 50.722190254 0.00191601664418
79 20.248095355 -1.9558598749 51.2214828311 0.00549549172686
80 21.0358797303 -2.22450611125 51.7551790943 0.0051249837113
81 21.7553818462 -2.34134638162 52.4231850286 0.0211586873823
82 22.5270765816 -2.51698658814 53.0154168793 0.00974698803823
83 23.2871702988 -2.47782782127 53.6460050714 0.00536875729152
84 24.0056887631 -2.33073578729 54.3085128251 0.00473146785159
85 24.8473337172 -2.38082432837 54.8240485607 0.00325770343399
86 25.6493161178 -2.48527464171 55.3919570812 0.00654649741003
87 26.4312665922 -2.75293738334 55.9335879059 0.00360363545096
88 27.218654356 -2.92539616253 56.5051367858 0.00277062539248
89 28.0793025004 -2.89970224497 56.9898190242 0.00506398434678
90 28.8148123521 -2.94089685193 57.6482955786 0.00332939322402
91 29.533806611 -3.00550454655 58.3228859814 0.00269416790105
92 30.2769290667 -2.9931015997 58.9738408456 0.00248289728118
93 30.9403972736 -2.77907215714 59.6739129875 0.00204075482008
94 31.5487022486 -2.42754705738 60.3684967185 0.00569257465131
95 32.1138980883 -1.9980517568 61.055525068 0.00534329636969
96 32.6842188049 -1.56790785812 61.7378069095 0.00419704668198
97 33.2042427342 -1.01344618819 62.3685384045 0.0121908557041
98 33.5991310036 -0.449161938319 63.0764128646 0.00459455725538
99 33.9661674293 0.109900736083 63.8031027171 0.00541661193469
100 34.3566201822 0.67017912411 64.516436669 0.00705898342281
101 34.7323072141 1.4209907683 65.0361314148 0.00239498431552
102 34.83343095 2.17443665041 65.6662367495 0.00418243996338
103 35.0051541319 2.96489669639 66.2323555535 0.00693936655592
104 35.3071394177 3.50816260671 66.9994432215 0.00522054042193
105 35.3130781726 4.11277343205 67.7798595786 0.000925303490397
106 35.2229607821 4.64457902521 68.6067279111 0.00151211519847
107 35.0370138106 5.1342273627 69.4435602379 0.0149376046089
108 34.9106652121 5.56122408788 70.3244666637 0.00418049676401
109 34.8419734577 6.00630929443 71.2027380032 0.00763318990317
110 34.7531170534 6.42190721239 72.0934571814 0.00524341887534
111 34.6033055417 6.64151081729 73.0438493179 0.012464485158
112 34.5063208372 6.89867561243 73.9915052138 0.00238580855824
113 34.535185686 7.24503581553 74.9149281231 0.00939250927777
114 34.5997320309 7.53460836809 75.8558097399 0.00317309720114
115 34.7842263034 7.80972537504 76.7850324347 0.00867240056058
116 34.999966333 8.02024361961 77.7242326553 0.00346310177846
117 35.0247502419 8.29529449427 78.6711247983 0.00221201591557
118 35.1222987911 8.66860407665 79.5788150586 0.00384005809708
119 35.2198339375 8.96808046897 80.2596685015 0.00189800795465
120 35.4758594832 9.26040583117 81.1635350806 0.00450195730334
121 35.6802323079 9.41112885879 82.1139987919 0.00290012575732
122 35.7833094487 9.53189175161 83.0848629059 0.00400600863935
123 35.6602970391 9.60054825583 84.0584127555 0.00341479245963
124 35.4269918835 9.73561741917 85.0043602891 0.00445207096563
125 35.1247783624 9.89323691528 85.9269262126 0.00399890286014
126 34.7493805105 10.0797788542 86.8165342024 0.00235381617359
127 34.3120303258 10.6351152185 87.5000371983 0.00287181094485
128 33.7573017415 11.1622363617 88.1173803678 0.009975536157
129 33.1046921112 11.5231875609 88.7578082637 0.00457075889991
130 32.3661702445 11.7161484912 89.3770770731 0.00211662538745
131 31.5092415271 11.8825490088 89.828673083 0.00260317542081
132 30.5994000246 12.2533453767 89.8078880477 0.0170092391741
133 29.6807447186 12.5645680035 89.9637277467 0.0144001707502
134 28.8439960891 12.7155863713 90.4553207574 0.00354819663577
135 27.9610619081 12.8849356618 90.8505006633 0.00470201077558
136 27.0904565645 13.0823342611 91.2595359456 0.00781752418921
137 26.1738809999 13.1651359727 91.6014441227 0.0105095789577
138 25.3122559062 12.9703531393 92.0293691495 0.00371733914251
139 25.046033507 12.8568601002 92.1776265361 0.000511510963764
140 24.3129172178 12.5746686771 92.7642699664 0.00222122502689
141 23.6228511815 12.3337047386 93.4176739321 0.00186059867029
142 22.9487121272 11.9172418436 93.9948514398 0.0045734637404
143 22.4460896418 11.3536613711 94.6198346903 0.00386680818445
144 21.9851108865 10.8545108972 95.3262972398 0.0117253703556
145 21.6976974577 10.1345872699 95.9256039322 0.00752101453081
146 21.4349688694 9.46236362312 96.5880461468 0.00825297619143
147 21.3288826941 8.65651267521 97.1344599001 0.00363308795741
148 21.099896077 8.3671822848 98.0417938781 0.00390855156117
149 21.2913643966 7.80035545525 98.8170920258 0.00382735548436
150 21.4709759275 7.3183856974 99.6503689659 0.00346387702574
151 21.5883954926 6.88587480834 100.520952172 0.00369301158916
152 21.8267666424 6.52937952382 101.401107795 0.00537133081566
153 22.1906701533 6.01411484881 102.149582932 0.00438243569615
154 22.5487697009 5.40351284407 102.825418446 0.00282032724516
155 22.9209417963 4.77312546476 103.474835485 0.00423243432204
156 22.8710761069 4.09490827205 104.178395844 0.00273761034338
157 22.7302240498 3.62070675553 105.022649949 0.0040369953918
158 22.6754125147 3.28697056525 105.94077763 0.00550688741447
159 22.6579637409 3.0297522029 106.884494703 0.0047606558408
160 22.8017662313 2.93046870802 107.846932701 0.00281801536644
161 22.8302681888 2.94013479887 108.824571702 0.00285782104582
162 22.8935572224 2.70367658494 109.771437894 0.00384880726391
163 22.7890446582 2.46829365089 110.714791657 0.00213494857272
164 22.8180084742 2.04064364447 111.593600696 0.00346029815228
165 23.0900682977 1.84506890766 112.512084924 0.00222853889671
166 23.5204140021 1.45838040774 113.300024635 0.00406860827238
167 24.0072729469 1.09974344533 114.067913788 0.00618265511991
168 24.5711942685 0.735919138165 114.778186992 0.00629879109497
169 24.8654730461 0.592445605481 115.099111957 0.00270059190654
170 25.3903103805 0.289814686371 115.865488373 0.00412542242753
171 25.9778386234 0.0198406563459 116.597606877 0.0025239659113
172 26.5388705547 -0.367548023505 117.296927222 0.00628505286606
173 27.1694162507 -0.859592746464 117.856959876 0.0139642441737
174 27.7450626976 -1.00815647704 118.631048055 0.00298573940291
175 28.438070926 -1.31468274918 119.245907574 0.00581705510049
176 29.0258100486 -1.39772951792 120.020329752 0.00583134641852
177 29.4160218229 -1.47890725341 120.910820796 0.00456130337876
178 29.7139498256 -1.43853816455 121.838820337 0.00250582345
179 29.6584634581 -0.884984809479 122.639891013 0.00370539472985
180 29.3043739708 -0.495985621562 123.461038587 0.00287556935683
181 28.7308955309 0.218758120613 123.793546284 0.00573423460624
182 28.1510689926 0.929283457645 124.123454271 0.00611077871318
183 27.7687555959 1.77395066554 124.423115202 0.00416072141484
184 27.3784519357 2.55201553877 124.860703426 0.00369471845889
185 26.8728962447 3.1468839964 125.44346102 0.00299488246379
186 26.3614117602 3.70807485577 126.053637375 0.00493141194291
187 25.8670727868 4.25874201873 126.686816112 0.0055623523186
188 25.4380047166 4.71579589136 127.431958658 0.00437317891254
189 24.9437899449 4.91036072484 128.247982378 0.00404255907428
190 24.2325321009 5.14882311589 128.86820565 0.00871272521887
191 23.6945897534 5.69306699592 129.469149672 0.00259286497451
192 23.1813115434 6.45771700695 129.782393231 0.00392143136407
193 22.6858773939 7.24609552706 130.063343695 0.00520313913295
194 22.1031956245 7.95569054817 130.383468004 0.00308689871017
195 21.5874835203 8.53468890598 130.381472126 0.022961488115
196 20.8293671081 9.10790690361 130.570946136 0.00297285489445
197 20.0097639886 9.58065689859 130.779969684 0.00357267950126
198 19.212835045 9.97177097365 131.168069 0.00403077161576
199 18.6146009218 10.5076296437 131.709735022 0.00277572389658
200 17.9991792316 10.8693736416 132.364478687 0.00839578448558
201 17.6483119522 11.3082990593 133.153066696 0.00419542631577
202 17.4242611724 11.6401087128 134.034581054 0.00334472550657
203 17.3545389369 11.8748852491 134.971138249 0.00879317769011
204 17.0525070459 11.9780358693 135.884522019 0.00306792953963
205 16.8670816609 12.0559468385 136.830785534 0.00531223505987
206 16.7181701445 12.1340167292 137.783165073 0.00296639922299
207 16.5993077286 12.1156454736 138.742600251 0.00415648708365
208 16.5504407255 12.1724956855 139.706397143 0.00683397843864
209 16.2716293975 12.275610153 140.62578882 0.00226333158962
210 15.6931791729 12.2961843783 141.399142504 0.00315028990127
211 15.1709696767 12.2592958532 142.21077148 0.00274774631103
212 14.4945204606 12.5725189572 142.824336261 0.00471745056386
213 13.7857639842 12.5011227973 143.475651616 0.0184365436205
214 12.9833359333 11.9675182728 143.490744654 0.00635156492928
215 12.1398236915 11.509517259 143.572973922 0.00482978945139
216 11.2598197919 11.1251219939 143.645337167 0.00582747669895
217 10.3298470559 10.8890602193 143.723128854 0.00461574677683
218 9.58111227286 10.2847139618 143.735555992 0.00509305959226
219 8.83079409532 9.68548869229 143.792539641 0.00664759058571
220 8.0707660851 9.10129655841 143.718758652 0.00556568779329
221 7.47469761388 8.36397804842 143.875795212 0.00310493991944
222 6.97767682017 7.54454874422 143.943821325 0.00587034546606
223 6.8359529794 6.59506928432 143.969474739 0.00399184139785
224 6.97840439106 5.64895624862 143.89044838 0.00314320689368
225 7.25086573872 4.73309057601 143.980732357 0.00915689009535
226 7.59430432549 3.83866702368 143.937868155 0.00658416076357
227 8.2616748492 3.15294345824 143.993949138 0.00404164603497
228 8.85969687707 2.51083404711 144.379126645 0.00449945982255
229 9.57857461085 2.07582338936 144.839164696 0.00315218521704
230 10.3682418117 1.68738782935 145.216769211 0.00446941484413
231 11.3231767184 1.75211569293 145.219727532 0.00305978494982
232 11.8777275145 2.38097615707 144.758326607 0.00555964077102
233 12.4013765253 3.11396198084 144.436919396 0.00183244564179
234 12.9358326073 3.79266625087 144.026709408 0.00146745931409
235 12.8352966277 4.41243249273 143.305192504 0.00531827244232
236 12.8556163148 4.91622944809 142.492879682 0.0140633007861
237 12.9345105319 5.67291594611 141.916461289 0.00401224976705
238 12.8341822622 6.05663590369 141.641215399 0.00423228020337
239 13.4634213028 6.31802583307 141.783261968 0.0120294021494
240 14.3482107084 6.46895075686 141.96890787 0.00736177413225
241 15.0068616407 7.08317708639 142.12801242 0.00269896215976
242 15.499895638 7.81646664257 142.361050451 0.00788207988456
243 15.8638978296 8.57031264291 142.722130288 0.00427417277679
244 16.3069514748 8.51518035759 141.927910149 0.00656856118495
245 17.0896400062 8.80720843194 141.571109595 0.00621119500146
246 17.5613359908 9.4859840936 141.199069927 0.00787455731367
247 18.0402619843 10.1310719686 140.78490624 0.00368297645563
248 18.3335648046 10.8097838231 141.302943204 0.00253920769233
249 18.2950577322 11.4219515256 141.964518725 0.00835169750297
250 17.6659736821 12.060220955 141.89953046 0.00261828874348
251 18.2259905699 12.7036339639 141.619837564 0.00427860923409
252 18.460905455 13.5150971607 141.320990026 0.00435614953074
253 18.3133652741 14.3881954466 141.446183913 0.00422944316663
254 17.7491001804 14.3837001611 140.753607934 0.00761457551273
255 17.1200641731 14.3685451484 140.124045898 0.00491723959655
256 16.3341426892 14.0596242279 140.396935062 0.00343617726608
257 15.4827426573 14.0311606878 140.640144594 0.00687487154013
258 14.732118109 13.7951823789 141.04075159 0.00580056802013
259 14.0786985501 13.7038866223 141.623858568 0.00504098998801
260 14.0346336201 14.1397871219 142.385269022 0.0063458208328
261 14.6229509497 14.2706166157 143.019476065 0.0097970985887
262 14.8666660845 15.1043659545 143.038349231 0.00966223591783
263 14.4912910506 15.8783184609 143.110810859 0.00343966109401
264 13.7550935163 16.3085945771 143.230993181 0.0053533510647
265 12.9911434242 16.6976039923 143.203292953 0.00580913156251
266 13.1647572915 16.3928262617 142.423386848 0.00496443391196
267 13.4995947753 16.0327753289 141.728177315 0.00919375395168
268 14.2330443206 15.8472384597 141.353732134 0.00793067828675
269 14.9200925396 15.4593318399 141.071753298 0.00536581803375
270 15.7320273939 15.2722893616 141.059134562 0.00475030494337
271 15.9947332337 14.8951671501 140.367611607 0.00639181771562
272 16.4806217668 15.3061473691 140.891291816 0.00496618303422
273 17.2025310351 15.5911511826 141.15284505 0.00555863844038
274 17.9345910822 15.8527085387 141.392665258 0.00683927999854
275 18.6998861778 16.1061015303 141.40802396 0.00701137496533
276 19.4909880591 16.0241703845 141.382489333 0.00761089107464
277 20.2701017972 16.1084092723 141.315822246 0.00508554545284
278 21.0228133829 16.2736285291 141.435811804 0.00556345091499
279 21.5468433193 16.837732925 141.375890221 0.00754470855402
280 21.9948035007 17.4507308671 141.431635843 0.00746193473669
281 22.0286170954 18.1972251107 141.49102413 0.0117790094255
282 21.9398360517 18.8619063987 141.203128214 0.0138510761821
283 21.6076753919 19.4762937062 141.126123009 0.00779445005946
284 21.5863056389 19.2794864854 140.468332022 0.00311894123583
285 22.0883345751 18.8251138522 140.428897369 0.0148327184759
286 21.5935534259 18.4231344747 140.482633385 0.00902288961298
287 21.1221967556 18.0315975999 140.479559775 0.00966980403459
288 21.1267292236 17.5547935049 140.811133833 0.0282669814619
289 21.0506981817 17.200801521 141.096943623 0.0121448093965
290 21.3148074958 17.1834048367 141.39496431 0.0294236614988
291 21.2537608458 16.9747832612 141.407699508 0.00919254588594
292 21.2200104131 17.1388375099 141.378474223 0.0246969023293
293 21.249434027 17.0819651355 141.378727025 0.0159280801858
294 21.2524843048 17.0984950284 141.382258522 0.00943421800835
295 21.2506585637 17.0984344028 141.381725869 0.0026060628536
