0 -0.74633867891 -0.476897987135 0.449990524758 0.00430259227416
1 -1.43848018082 -1.03227651325 0.896535232855 0.0045169554769
2 -2.12466122929 -1.73727990835 1.03421250585 0.00596041631859
3 -2.67163958071 -2.5569604061 1.15957507973 0.00300268730395
4 -2.72281948793 -2.65604237504 1.17551726477 0.000627874282304
5 -3.36703416352 -3.39870548367 1.07094721776 0.00348799555808
6 -4.07288034534 -4.07108137142 0.906252963372 0.0043008486105
7 -4.8931574441 -4.58215644415 0.698166816698 0.00565927810061
8 -5.69047563756 -5.15700848396 0.59303004707 0.00561998743508
9 -6.47771619341 -5.74452658487 0.482642906324 0.0101336413374
10 -7.22825404425 -6.38051618771 0.387196012872 0.0046101431592
11 -7.91648605859 -7.03836860987 0.12187568436 0.00422160926555
12 -8.58327334177 -7.64365371349 -0.285312265729 0.00440129334864
13 -9.09052324545 -8.34077684482 -0.768456627434 0.00669338060813
14 -9.48309869373 -8.99034177357 -1.40137579914 0.00373983355689
15 -9.92597490376 -9.63642570534 -2.00385238235 0.00941077281424
16 -10.2860408594 -10.4011525452 -2.51555858064 0.00816914543285
17 -10.6576199795 -11.2092136363 -2.94573758838 0.00445422983158
18 -10.9588104525 -12.0760149256 -3.3116721053 0.00310740303226
19 -11.3392943677 -12.8748138347 -3.75107613874 0.000564251353384
20 -11.6940309805 -13.6773569006 -4.2049516221 0.00794360231157
21 -12.1558383343 -14.4600777174 -4.59198784735 0.00183821576716
22 -12.5678411667 -15.2918462959 -4.92973508205 0.00426162165387
23 -12.8102962489 -16.1431383208 -5.3680407505 0.00609450328361
24 -12.9073009753 -17.0438094231 -5.7615138396 0.00358728200417
25 -12.8371305671 -17.8980046456 -6.25224781001 0.00212430248824
26 -12.699485106 -18.7484139941 -6.73515418083 0.00651104710653
27 -12.5805939612 -19.5890269692 -7.23956799843 0.00424103688574
28 -12.2131359352 -20.4135416629 -7.6398290979 0.00357772023441
29 -11.7914872881 -21.196837625 -8.06836650013 0.00284356035302
30 -11.2279701017 -21.9864072158 -8.25243354201 0.00459958335503
31 -12.1856521422 -22.1031614856 -8.04276622289 0.00305753284373
32 -13.1435118666 -22.2116520507 -7.82967352049 0.00238086459389
33 -14.0885126425 -22.327161921 -7.56841228344 0.00351428628436
34 -14.9981837195 -22.5162201688 -7.23477239224 0.00564043605463
35 -15.9120768192 -22.8095668444 -7.00424243803 0.00105111244434
36 -16.860106142 -23.0092967324 -6.81526667025 0.00401085783724
37 -17.6913499869 -23.2581486024 -6.34467864425 0.00364899539835
38 -18.5004531724 -23.6948492458 -5.98570781373 0.0044278732317
39 -19.3223818318 -24.2151148068 -5.81892276216 0.00461226591883
40 -19.9994302736 -24.8685817213 -5.52133589365 0.00452918370525
41 -20.768200868 -25.4696742954 -5.37468508671 0.00952349931701
42 -21.4239150643 -26.1935908429 -5.23480569508 0.00185700639055
43 -22.0406465757 -26.9232033768 -4.9881051396 0.0021723006169
44 -22.6492470813 -27.4320575597 -4.40133505725 0.00312060889777
45 -23.249566113 -27.9379211246 -3.80361381599 0.00619933026074
46 -23.8894078863 -28.5364682849 -3.35011152471 0.00649761709269
47 -24.5601223948 -29.1144608199 -2.91513067792 0.00307007976051
48 -25.2536611474 -29.7815346487 -2.69831139863 0.00523121852801
49 -25.9216785124 -30.4702171944 -2.46956370489 0.00792668065006
50 -26.472202742 -31.2851471719 -2.39586279655 0.0026306034397
51 -27.0416304737 -32.0901714886 -2.38059277796 0.00456213434804
52 -27.4927536344 -32.9626411243 -2.46838808085 0.00398087926874
53 -27.9704272838 -33.8232115879 -2.52803367425 0.00774309546901
54 -28.5354846893 -34.62385328 -2.63657791078 0.00648743714303
55 -28.8679931544 -35.5355618761 -2.81021533739 0.00108788857418
56 -29.056538063 -36.4465042396 -3.13665868376 0.00368694849481
57 -29.202891614 -37.4193846084 -3.19878722887 0.00249973273315
58 -29.1521026379 -38.3986831484 -3.2992944782 0.0037599382391
59 -29.1630047666 -39.3724719934 -3.4516798392 0.00134238161098
60 -28.9268709935 -40.3184423571 -3.59640653232 0.00612217383115
61 -28.5438054765 -41.2233195101 -3.67280895773 0.00628096208712
62 -28.1488514492 -42.1251961916 -3.71549552999 0.00212998987805
63 -27.5902529161 -42.9167253338 -3.89603318553 0.00561839641896
64 -27.0461860344 -43.6799337387 -4.20018972425 0.00384157677334
65 -26.8667544978 -44.2139433636 -3.39160365039 0.00548171089685
66 -26.7443119835 -44.750063716 -2.5739242861 0.00362012673781
67 -26.6060076595 -45.2574736687 -1.74066102674 0.00281656954298
68 -26.4022177687 -45.7248470061 -0.897526694946 0.00335316599426
69 -26.0457352658 -46.2261860293 -0.127942086206 0.00425715880502
70 -25.3834824131 -46.7117079187 0.416197839524 0.00333521016096
71 -24.6210854697 -46.9952873795 0.971747137192 0.00776964790026
72 -23.8555107838 -47.3295099037 1.49350345683 0.00659566713166
73 -23.0006274149 -47.5336556745 1.93767606365 0.00591124927605
74 -22.1145323497 -47.7050919308 2.33140610405 0.00912177449983
75 -21.1907702298 -47.6889335459 2.67149818571 0.00350898954805
76 -20.2661913544 -47.564701197 2.98591164151 0.00440471000647
77 -19.403580743 -47.2845501684 3.3685775839 0.00489224938239
78 -18.5332966036 -47.0390698237 3.75742055176 0.00328009952474
79 -17.7358338108 -46.6912331143 4.21768026602 0.00370557344132
80 -16.9792212207 -46.2599906844 4.6761749997 0.00733321923532
81 -16.226137127 -45.8266884235 5.13825174928 0.00762317006975
82 -15.5695087612 -45.5939210126 5.83319400421 0.00333907303968
83 -14.9029869408 -45.1862769125 6.43125400211 0.00145133569232
84 -14.1949587455 -44.9788015554 7.02202380583 0.00125323603004
85 -13.5195722971 -44.9162096043 7.73377814549 0.00333589664823
86 -12.8049170932 -44.8199010582 8.40197776311 0.00271092339949
87 -11.8932954996 -44.5240625883 8.62012427546 0.00569225319281
88 -11.1298666554 -43.9917932723 8.93609837311 0.00373866030109
89 -10.4295152362 -43.3536554613 9.19705452892 0.00600318973181
90 -10.1290257315 -42.9267270922 9.54654096821 0.0053903089766
91 -9.7494970045 -42.2650857081 10.1637643349 0.00365067536589
92 -9.42832030441 -41.5402294465 10.7417006284 0.00464269978991
93 -9.40868811534 -40.8038403741 11.3895992338 0.00384944697467
94 -9.3168717354 -40.0221841254 11.9750766651 0.00420062846432
95 -9.20835733637 -39.3054712791 12.635846061 0.00521499487985
96 -9.1648896973 -38.6677722784 13.3797242448 0.00430140773386
97 -9.27860439113 -38.0251207241 14.1116799603 0.00712924401504
98 -9.51085389194 -37.3810840043 14.8135357834 0.00357332290295
99 -9.91258176784 -36.6658659563 15.3502789091 0.00173844886501
100 -10.4468430291 -36.1810566158 16.0140254892 0.00558676410743
101 -11.0204203882 -35.8695935303 16.7453446552 0.00224714596125
102 -11.6078802088 -35.5834858647 17.4759272083 0.00554316295549
103 -12.1792198049 -34.9830386201 17.9987076331 0.0027533618992
104 -13.0014107462 -34.5562070588 18.317809853 0.00446667717001
105 -13.9421499151 -34.5627220293 18.5911830694 0.0106726382649
106 -14.9167779366 -34.6493357451 18.6332099836 0.00294837147645
107 -14.7566962235 -34.4593494736 17.6856194085 0.0071841056417
108 -14.5669404488 -34.2485627313 16.7481624517 0.00267811207842
109 -14.2096302022 -33.8588419681 15.9238880911 0.00103826662208
110 -13.8079222153 -33.2816086374 15.2425625759 0.00203196111407
111 -13.3606436774 -32.651926003 14.6408711047 0.00361831482267
112 -12.9209510703 -31.9269819858 14.1515493743 0.00652344709835
113 -12.5329771605 -31.1167592707 13.7630814433 0.0107705142159
114 -12.3313641743 -30.211823843 13.4505070321 0.00570489083999
115 -12.0736104157 -29.330176712 13.1140383612 0.00143259015096
116 -11.8817649894 -28.3794023683 12.9874690443 0.00389399112683
117 -11.8629670522 -27.4192530883 12.8021365614 0.00465581826579
118 -11.6977666483 -26.4583221234 12.7271745915 0.00306645694942
119 -11.7153438951 -25.524582749 13.0170057473 0.00772928627002
120 -11.7095767404 -24.5910571291 13.3072197784 0.0033667040235
121 -11.676769087 -23.6178150614 13.3920268069 0.0128918849008
122 -11.8855865674 -22.6649020793 13.3369055325 0.00238170769473
123 -11.8777426015 -21.6892733124 13.3881551432 0.00367140249231
124 -12.0365317304 -20.7310527822 13.4926460287 0.0169458427278
125 -12.4536851959 -19.8636385243 13.6564589251 0.00367541448143
126 -13.3340586073 -19.4742193632 13.4942363488 0.0049758697467
127 -14.2090733823 -19.0468541318 13.5604609692 0.00382168763596
128 -15.1490029877 -18.7929579646 13.6275006918 0.00514775141703
129 -16.1122545794 -18.6907333915 13.7449141959 0.0021865422399
130 -17.0610808244 -18.8826953922 13.6231663896 0.00280059683334
131 -18.025208806 -18.7385983548 13.6610590193 0.00287783652744
132 -18.9467193486 -18.94933036 13.4202186165 0.0073675523059
133 -19.8263589687 -19.2434143671 13.1187838657 0.00287686448756
134 -20.5826245709 -19.7490500084 12.767591221 0.00316079400706
135 -21.16937084 -20.4289443055 12.387841135 0.00499662401589
136 -21.5732275114 -21.3056446332 12.2515584982 0.00627676638197
137 -21.794054221 -22.2177129407 11.9884299978 0.00441753290429
138 -22.2806779191 -23.0618944095 11.9818285876 0.00252930239099
139 -22.9991816277 -23.7147677806 12.0643982768 0.0067727875919
140 -23.5817163037 -24.4927030681 11.9990175595 0.00297485950104
141 -24.2806916476 -25.1527725017 12.155033658 0.00423047914474
142 -24.8324107531 -25.9346299381 12.3355650681 0.0022928888638
143 -25.511214891 -26.6262089783 12.430613603 0.00399877547525
144 -26.1260218855 -27.3445499419 12.6626103708 0.00340657287962
145 -26.5749761453 -28.1563607271 12.957556631 0.00368640117352
146 -26.9483433352 -28.8658954523 13.5095140282 0.00282553349475
147 -27.2098432193 -29.7117818872 13.913547715 0.00464512387477
148 -27.6342038585 -30.5735871153 14.0680240135 0.00346138728649
149 -27.7762138471 -31.5088626091 13.8411019546 0.00418349900704
150 -27.9356325886 -32.3928927931 13.467980713 0.00498425826406
151 -28.1591654218 -33.3333412572 13.3621237002 0.00550497026641
152 -28.3835308917 -34.2711511081 13.4859603564 0.00948012599947
153 -27.5459477961 -33.8604027544 13.7582785084 0.00338335104592
154 -26.6938204565 -33.5408400144 14.0987560516 0.00438078229651
155 -25.7938120457 -33.3024709787 14.3760898126 0.00582977214022
156 -24.9544435872 -32.8293595983 14.4977553274 0.00394980027051
157 -24.2920906734 -32.2166798861 14.856710051 0.00285191719202
158 -23.7956161686 -31.4110614673 14.639702645 0.00297984288839
159 -23.4176935365 -30.5601256826 14.3650365545 0.00666149901944
160 -23.1904301887 -29.7114966471 13.9526975072 0.00642004520562
161 -22.8689742124 -29.0425941139 13.3276338876 0.00709432426409
162 -22.6891845183 -28.3063644788 12.7223098486 0.0019664769288
163 -22.5042114401 -27.4821758249 12.245924065 0.00293541078571
164 -22.3534284296 -26.6210972559 11.8264975304 0.00226704441862
165 -22.1613332966 -25.6823942089 11.6792982063 0.00418966379933
166 -22.2896823888 -24.7397813564 11.4939840965 0.00237746854612
167 -22.1868926298 -23.8330744842 11.1676550825 0.00506051366191
168 -21.8872660812 -22.9621829294 10.8669497507 0.00260971713073
169 -21.8607513258 -22.2963158284 11.5703219995 0.00509905444608
170 -21.861669068 -21.5120129761 12.138639003 0.00471253008036
171 -21.6392100178 -20.8427296756 12.8022116059 0.00456673430922
172 -21.385710563 -20.3539897077 13.598680213 0.00360002371038
173 -21.150836393 -19.7053698009 14.277688475 0.0036252231949
174 -21.047524577 -18.9064308951 14.8137622475 0.00911770743784
175 -21.1627541739 -17.9623031298 14.9881892184 0.00411663727357
176 -21.5687150306 -17.0852304047 15.0112035182 0.00441577252919
177 -22.006131936 -16.2330831143 15.1401396165 0.00416518261332
178 -22.5810869144 -15.4565530077 15.1471604868 0.00769610504746
179 -23.1341456105 -14.6691265318 15.0645397281 0.00822896326088
180 -23.9496053042 -14.1531024192 15.0420474489 0.00289589723028
181 -24.8771239862 -13.9458766719 14.874081554 0.00383446294778
182 -25.7640899666 -13.570555521 14.8159632375 0.00114123967258
183 -26.5616582036 -13.0829123755 15.0546366085 0.000883672286394
184 -27.4378081365 -12.7165807435 15.2246285792 0.00559145564019
185 -28.2760080632 -12.4627936662 15.6286289932 0.0127708617071
186 -29.1797923525 -12.2520944437 15.8879538779 0.00407412238694
187 -30.1171596363 -12.1642222913 16.0917416765 0.00315533122308
188 -31.0599560444 -11.991104601 15.9989069063 0.0038750990949
189 -32.0154216437 -12.0943735023 15.9410075414 0.00237969634782
190 -32.9499637862 -12.317821845 15.8834433474 0.00138884154591
191 -33.8178190715 -12.7314648842 15.9298061244 0.00727326308627
192 -34.5994670946 -13.2849561767 16.0198571261 0.00273110315138
193 -35.3059230519 -13.9018273086 16.2331488502 0.00423122033459
194 -36.1415072824 -13.7246723473 15.791430239 0.00273849513604
195 -36.8384196447 -13.3080923274 15.2764771771 0.00374892885552
196 -37.4608506634 -13.079960875 14.5802836062 0.00251737782532
197 -38.0800629157 -12.8870718617 13.8709302518 0.00858242967338
198 -38.4464292376 -12.6686209825 13.010160137 0.00905075088278
199 -39.3124294276 -12.3732396833 12.7213123113 0.00772817428436
200 -40.1774980652 -12.2347057145 12.3314442505 0.00261681934746
201 -40.8977712559 -12.1687531907 11.7019139001 0.00625021861914
202 -41.5839926078 -12.3051552151 11.0469363808 0.00761612673356
203 -42.3270863808 -12.5020144035 10.4758185629 0.00226243676145
204 -43.0891669548 -12.709239034 9.9345355936 0.00412663822485
205 -43.782407442 -13.2683796806 9.58447273594 0.00279884144576
206 -44.4700591961 -13.9272444714 9.49414310301 0.00222215322191
207 -45.0098986278 -14.6947326352 9.30889119285 0.0110545485514
208 -45.3890029812 -15.5003061646 8.96204859444 0.00458089000491
209 -45.807010659 -16.0691741267 8.31843889519 0.0046722472663
210 -46.0342210482 -16.8357433239 7.79665100569 0.00495821805434
211 -46.082387995 -17.7039411431 7.403797595 0.00530143073068
212 -45.9172256463 -17.3649334511 6.52736288477 0.0043696832337
213 -46.0177799197 -16.977124493 5.66192956572 0.004182541574
214 -46.3021197304 -16.9462313011 4.75254017303 0.00524133543531
215 -46.7216671948 -16.59158322 3.97431982951 0.00263634307694
216 -47.0239835475 -16.2411208644 3.14196656224 0.00284678076258
217 -47.3383807541 -16.154069531 2.24742667662 0.00555800486318
218 -47.7301650545 -16.3758001754 1.40916804019 0.00159138772586
219 -48.2704362728 -16.5611270497 0.648528683262 0.004076949787
220 -48.8831231842 -16.6149894327 -0.0764444410859 0.00689025351157
221 -49.3296908447 -16.9452992909 -0.84714626995 0.00153865267742
222 -49.312979683 -17.5758374952 -1.55719657934 0.0052854346703
223 -48.9063706296 -17.7057951451 -2.40513367854 0.00604422821243
224 -48.3550621193 -17.8060162923 -3.17041568132 0.00374144955647
225 -47.4430531454 -17.7346885583 -3.41752531615 0.00909185293252
226 -46.5354956557 -17.4670597933 -3.4369184794 0.00265057511593
227 -45.6645202517 -17.1049620188 -3.50983607996 0.00349188629711
228 -44.8553738025 -16.6361562889 -3.65020822106 0.00717112587647
229 -44.1145645257 -16.0931966358 -3.87124986897 0.00362846684028
230 -43.8730223211 -15.2794519154 -4.28505044418 0.00275827376817
231 -43.8573218035 -14.4948794623 -4.80986249218 0.00433822880506
232 -43.8730588612 -14.4717163869 -4.79514096496 7.45305884314e-05
233 -44.3317895259 -13.7022837031 -4.51802766687 0.00387609959339
234 -45.0751579949 -13.1664092806 -4.32252455297 0.00387834736667
235 -45.9719659664 -12.9163095881 -4.22307244154 0.00379810570681
236 -46.523915192 -12.9267484797 -4.31752677252 0.00307071520618
237 -47.4141158918 -13.20186925 -4.39714809015 0.00406632765462
238 -48.2419125687 -13.4629797775 -4.74348697136 0.00582272376446
239 -49.0780781786 -13.836643342 -4.92361234329 0.00557864743314
240 -49.8249015528 -14.3379479168 -5.1692225384 0.00311521630389
241 -50.6423727829 -14.7777569227 -5.24971130547 0.00730666801
242 -51.3180314114 -15.254459297 -5.67650077144 0.00338796333487
243 -51.7703436582 -15.5192104835 -6.44516773496 0.0209519564496
244 -52.3163080044 -16.0995755622 -6.91601604282 0.00694443012481
245 -52.9504089369 -16.4180833722 -7.50802639089 0.00611726327906
246 -53.5825092522 -16.9990628251 -7.84531381439 0.00544041722694
247 -53.9575357292 -17.7423631245 -8.23953197117 0.0026404343151
248 -54.0619451987 -18.5804904412 -8.60552696651 0.00341269677585
249 -54.2832670299 -19.333718146 -9.08473743679 0.0036299765724
250 -54.6516036417 -19.8235074975 -9.76978908841 0.0014800831148
251 -54.7896825766 -20.4244589757 -10.4509251314 0.00653839820223
252 -54.5936829942 -21.1250078543 -11.0090238997 0.00557479130569
253 -54.5268924208 -21.6627839115 -11.7471362919 0.00727658397811
254 -54.5491209052 -22.3849290517 -12.3058850883 0.00518245844541
255 -54.7139210326 -22.3646396139 -12.8158040204 0.00239424225237
256 -54.5959536903 -22.811985046 -13.585415763 0.0055466334987
257 -54.8721816239 -22.7556842002 -14.4359841004 0.00813826232887
258 -54.8512420245 -22.7689227013 -15.3286165173 0.00329409901781
259 -55.1503339321 -22.4187331123 -16.0916955949 0.00594038476438
260 -55.2118808266 -22.114947811 -16.9248680998 0.0058128344202
261 -55.5287241366 -22.7273271502 -17.4809048963 0.00549418632437
262 -55.9537192304 -23.3622379806 -17.9236934212 0.00484981248865
263 -56.1306872768 -23.9380388573 -18.5667756723 0.00457546606241
264 -56.4410938952 -23.8968959302 -19.3885225813 0.0121501036379
265 -56.2751442607 -23.6709070892 -20.2154250204 0.00483269129168
266 -56.4326571362 -23.3589696028 -21.0126088098 0.00539539403025
267 -56.3880289245 -23.2713341143 -21.874575321 0.00780673405972
268 -56.7421394224 -22.7352611033 -22.4494421938 0.0152147506867
269 -57.4175494936 -22.2346616875 -22.3137753135 0.00260940835434
270 -58.2277657137 -22.0600057444 -22.1261855473 0.00161426589524
271 -58.9165181946 -22.1725575538 -21.6425981387 0.00240269289778
272 -59.0315817692 -21.6987006565 -20.9490022086 0.00878630349519
273 -59.0187046782 -21.7063381834 -20.1073820074 0.00562389826887
274 -59.1708655223 -22.0250311177 -19.3485360777 0.00749470545441
275 -59.0405128937 -22.4332391979 -18.6370628085 0.00414131612576
276 -59.066336764 -21.6953668518 -18.2665947721 0.00590726551176
277 -59.6399240208 -21.8410871742 -17.6974881623 0.00866833336157
278 -60.3549248586 -22.1847613091 -17.5250332342 0.00613830838303
279 -60.2087456116 -22.9740851863 -17.4605102604 0.00479775508707
280 -59.8377377188 -23.546186751 -17.0465429146 0.00787000102765
281 -59.3777556996 -24.0544178127 -16.657510187 0.00630632405738
282 -58.6549399946 -24.3247518194 -16.5463543962 0.00663220830383
283 -58.4518435513 -24.2175538958 -15.8093239551 0.00884188724648
284 -59.1024549967 -23.9433993228 -15.5345557084 0.00319999939468
285 -59.7229894597 -24.1954579904 -15.1911010858 0.0243154185378
286 -59.7123162979 -24.2542519572 -14.4831769811 0.00711520830462
287 -60.2610854643 -23.9592607821 -14.1770295981 0.011545679717
288 -60.7714353269 -23.7482918309 -14.551452626 0.0104552906972
289 -61.1936836042 -23.3122245727 -14.7509143976 0.00506758401071
290 -61.7131468049 -23.2405043295 -15.0897725217 0.0110669571094
291 -61.7577252336 -22.7987711504 -15.4763714535 0.00930530565869
292 -61.6889783549 -22.3414364522 -15.1704303909 0.00733430095584
293 -61.8794888505 -21.8570000646 -15.2353544813 0.00919583542575
294 -61.500416551 -21.7821150766 -15.5264120763 0.00840162781398
295 -61.7709464219 -21.435259859 -15.4802141109 0.00572509875951
296 -61.9217840005 -21.3649289485 -15.8586021795 0.014395053271
297 -61.847396129 -21.2526201858 -16.1506149166 0.00638448704636
298 -61.8154776183 -21.0137686235 -16.2965179026 0.0142471393888
299 -61.8089154725 -20.9383876041 -16.4841056946 0.0152438151371
300 -61.7113935484 -21.018474133 -16.4702009973 0.0147028136255
301 -61.7694337245 -20.987563656 -16.4540427115 0.0072661910736
302 -61.7300819879 -20.974415756 -16.4441924756 0.0079207127869
303 -61.7324806852 -20.9533526725 -16.4426561399 0.00557157498683
304 -61.728094248 -20.9486844075 -16.4355452488 0.00822346299853
