0 0.41073211056 -0.448950999726 0.785351460375 0.001834476489
1 0.78251695584 -0.948067560089 1.55973785269 0.0102763831777
2 1.16396801004 -1.40925164834 2.35266858746 0.00451289164466
3 1.59648820909 -1.7815711258 3.16581550487 0.00407462016346
4 1.99966880107 -1.88280775098 4.0680897493 0.00427880692333
5 2.27347503699 -1.99215456766 5.01675088503 0.00272717300838
6 2.46516016334 -2.10124110589 5.98537181024 0.00329470059568
7 2.67417296225 -2.11430860704 6.95644600243 0.00418813489712
8 2.9004960284 -2.03275516099 7.920255996 0.00321941587819
9 3.06789427426 -1.96126239303 8.89680448326 0.00463788333975
10 3.15760074143 -1.96881975229 9.81655256641 0.00173905996403
11 3.42177500449 -1.82563931505 10.7615881447 0.00508715632431
12 3.61298823633 -1.73434072286 11.7303153107 0.0172222383611
13 3.80939118999 -1.61743129099 12.6951303582 0.0297930505721
14 3.93299432449 -1.18078658281 13.5764588744 0.00437305860859
15 4.03244000379 -0.661817376457 14.4151350252 0.00281034691438
16 4.02239191825 -0.0875112268168 15.2229808237 0.00395272000223
17 4.10729299298 0.523325480778 15.9989610546 0.00489278174646
18 3.93643280038 1.21582993755 16.6871575552 0.00316172055836
19 3.54107772512 1.8088808108 17.3758607626 0.00413888399832
20 3.20123060925 2.25980309578 18.190416158 0.00552057835258
21 2.52656221775 2.81376364454 18.6595294072 0.00418935055945
22 1.84871111369 3.33336466278 19.1621237964 0.00414173311416
23 1.16840294218 3.83405336221 19.6803003287 0.00553501994538
24 0.498586586648 4.33158853241 20.2148538078 0.00104331347759
25 -0.0857035769624 4.72430150579 20.9122568633 0.00300111346184
26 -0.698501362412 4.8635888693 21.678452672 0.00415768440264
27 -1.36407086953 4.9142579796 22.4108142193 0.00267080597802
28 -2.00317246783 4.84106997556 23.1645170983 0.00383072302676
29 -2.66994428583 4.68841885165 23.8813970052 0.00672658614902
30 -3.36449366226 4.69884985933 24.5879341744 0.00150068924496
31 -3.91475819332 4.9354753252 25.3771975902 0.00349476011636
32 -4.44810683939 5.08083153356 26.199448319 0.00550118180717
33 -4.99717306607 5.29400887035 26.9961126579 0.00119386966296
34 -5.51532440697 5.57278387191 27.7932191866 0.00411077377648
35 -5.95930772123 5.85009723575 28.6343575642 0.00232745255463
36 -6.28808514043 5.90974737828 29.5670430342 0.00709781194025
37 -6.58723297361 6.1162134689 30.4886318502 0.00394789340519
38 -6.909169022 6.23034137212 31.4185360745 0.00244852873274
39 -7.1489269847 6.22057386513 32.3796775799 0.00181067859312
40 -7.49881900092 6.15210007669 33.303912281 0.00218736133384
41 -7.98488188721 6.09373493192 34.1650685898 0.00418288690388
42 -8.11887617117 5.77843414102 35.0945098786 0.013111121592
43 -8.24500422411 5.57794418288 36.0562509942 0.00528792871789
44 -8.23021135282 5.41738929965 37.0334829319 0.011362547156
45 -8.71591177254 5.93867210052 37.7212343575 0.00332736317539
46 -9.26321299995 6.42904827218 38.3849901955 0.00338454130351
47 -9.66875231808 7.010786863 39.0761166829 0.00435522229945
48 -10.1325971973 7.46098944963 39.8262247727 0.00603324694811
49 -10.3701207523 8.0300767325 40.6009082623 0.00648194259687
50 -10.4640296169 8.54184880942 41.4432946747 0.00394176807952
51 -10.477947231 9.09309325185 42.2656114293 0.00416201137778
52 -10.6421894742 9.52191016026 43.1427506218 0.00293652337209
53 -10.8565624609 9.83132276912 44.0584558692 0.00519188099316
54 -11.1617944579 10.0331066222 44.9783699273 0.00476940786833
55 -11.5928568856 10.1777431707 45.8577369991 0.00257191339031
56 -12.0098210144 10.0985731347 46.7520860826 0.0021198602
57 -12.4278897146 9.94927698037 47.6368884114 0.0066496872332
58 -12.8568112972 9.75391975132 48.5073406654 0.00586904789524
59 -13.1846225559 9.63727008405 49.4339978843 0.00421629265173
60 -13.495225352 9.40149794036 50.343731664 0.00328213604275
61 -14.0940173373 9.12729282257 51.0825025644 0.00383182623915
62 -14.7831475385 8.82491499821 51.7252130316 0.0024266618742
63 -15.3074231161 8.41845927709 52.4596112454 0.00540221105826
64 -15.7933005934 8.06749440536 53.2470709771 0.00458033495516
65 -16.1924604689 7.53091269813 53.9764444073 0.00301754249188
66 -16.5956568493 6.94352177255 54.6631493617 0.00416607937081
67 -16.6894571131 6.3565824002 55.4542524055 0.00640159769956
68 -16.6018030285 5.58332735878 56.0652582022 0.00737456474366
69 -16.506766913 4.82076609085 56.6883752475 0.00929699340385
70 -16.4057747882 4.20496484276 57.456033409 0.00649788249873
71 -16.1663686554 3.53340086118 58.1417682464 0.00156087427156
72 -15.6257195378 3.11131401982 58.8545598714 0.00613357836782
73 -14.9735239829 2.73482429193 59.4958683069 0.00464854590638
74 -14.2533050707 2.43718881542 60.104945624 0.00456110998651
75 -13.4682785089 2.14805126199 60.6324764205 0.00303221590705
76 -12.6424199623 1.8010359829 61.0515199238 0.00441473467267
77 -11.8752102047 1.41894676089 61.5448726473 0.00294599279103
78 -11.0623174815 1.10755927511 62.0141032828 0.00422498392803
79 -10.1660458975 0.882740265959 62.3661957781 0.00295528312063
80 -9.69930034107 1.15365638346 63.1948843439 0.00404414161565
81 -9.4918482326 1.45640962193 64.11317449 0.0056769801405
82 -9.39468762665 1.82685433841 65.0248584024 0.00322840601709
83 -9.29344278748 2.08562260926 65.9738519061 0.00556225414396
84 -9.29379299784 2.43502200318 66.8988344475 0.00313530226186
85 -9.35707554426 2.93350538978 67.750344449 0.00361808765376
86 -9.54327439448 3.28431512477 68.6557650494 0.0045068053962
87 -9.78567331521 3.62398225833 69.5520327063 0.00244402230493
88 -9.91551046768 4.02738914176 70.4452181622 0.00347684831491
89 -9.89072962591 4.32311285779 71.3882312672 0.00275331083035
90 -9.83355650996 4.53745218413 72.3516052129 0.00621812044978
91 -9.84590660263 4.57520544263 73.3393364205 0.00398459263741
92 -10.013896397 4.67794665434 74.3080042385 0.00214787969591
93 -10.3240367467 4.64481074836 75.2459491823 0.00147310853458
94 -10.6649280784 4.51945390243 76.1652206199 0.00284832358595
95 -11.0124169319 4.26610273166 77.055144828 0.00395619903335
96 -11.2277837015 4.09662425649 78.0047529352 0.00426303650023
97 -11.3981311946 3.80230320687 78.9327140411 0.00415892325819
98 -11.5086024033 3.53150998199 79.8767192714 0.0044764573082
99 -11.7526823171 3.05444054953 80.7069786811 0.00196965377168
100 -12.0163167023 2.70199953432 81.5917265602 0.00501890574533
101 -12.0953078028 1.91122871626 82.1787959755 0.00384958881008
102 -12.2053222249 1.11040140724 82.7468519015 0.00476637133461
103 -12.2734626123 0.266641071478 83.2561740575 0.00445633788733
104 -12.3792302994 -0.509626166258 83.8579625895 0.007790361978
105 -12.5182524349 -1.27486576116 84.4669266337 0.00267013888027
106 -12.7510002898 -2.02701134451 85.0634120264 0.00423081904702
107 -12.7229582956 -2.72106671452 85.7656597142 0.0055025257767
108 -12.7537334201 -3.5192470469 86.3465388981 0.00276153206042
109 -12.6909405291 -4.25956466325 86.9972456814 0.00250324741918
110 -12.4807441666 -5.00916274165 87.604923101 0.00333786601985
111 -12.324020466 -5.76068110182 88.2261630785 0.0115022051937
112 -12.0152282485 -6.4081361975 88.9047592893 0.00280881374638
113 -11.5882182167 -6.88400909919 89.6572419519 0.00491417942198
114 -11.0953897865 -7.31188351523 90.3981481569 0.00404341680764
115 -10.6867322435 -7.69626729625 91.2106124072 0.0046876209998
116 -10.0980324773 -8.15320893053 91.8581219869 0.00647283737586
117 -9.5167603928 -8.52065927018 92.5663686378 0.0100208848541
118 -9.04273910185 -8.71718672757 93.4095989889 0.0052514248476
119 -8.7891199225 -9.12182750626 94.2734190494 0.006449390438
120 -8.57827504208 -9.5716185553 95.126240446 0.00334839955137
121 -8.33183547051 -10.0165820776 95.9719690665 0.00324208596214
122 -8.24166943133 -10.3049048981 96.9114985246 0.00675227393343
123 -8.11209732874 -10.6621609776 97.8221895524 0.00351535413864
124 -7.92775890298 -11.0843004621 98.6948149059 0.00473646536758
125 -7.66248180912 -11.6181252263 99.4810259143 0.00513860816782
126 -7.35286111517 -12.2581788399 100.164934317 0.00372629924715
127 -7.28110542076 -12.7082263235 101.039927191 0.00674658525698
128 -7.02908506677 -13.0978403851 101.910448936 0.00581928109577
129 -6.87716913172 -13.404913523 102.83545661 0.00268576431187
130 -6.57910686042 -13.504157429 103.770474007 0.00707756830573
131 -6.25138803136 -13.5961408582 104.696155965 0.00971577887576
132 -6.18903992506 -13.5146362361 105.676972225 0.00763662929581
133 -6.054225352 -13.4264075626 106.649778124 0.00750070768102
134 -6.04475771464 -13.289517171 107.626135556 0.0135975339446
135 -6.10192679277 -13.3750678454 108.606507466 0.00587534609004
136 -6.02555935253 -13.4854467689 109.582993933 0.0019872391479
137 -5.91027027274 -13.6553292208 110.547006031 0.00505011852648
138 -5.89019184666 -13.870984526 111.508467973 0.00578404985347
139 -6.02851311999 -13.9254098788 112.482667488 0.00439150060593
140 -6.17659820248 -13.8778150773 113.455720492 0.0067439585935
141 -6.29840773657 -13.6906935704 114.415385538 0.00475293299736
142 -6.73351709509 -13.3730019313 115.240183621 0.00734457864373
143 -7.06145138409 -13.0784426716 116.121123685 0.00406927625578
144 -7.47484276219 -12.7959680024 116.969369127 0.00201950053209
145 -7.82926876849 -12.4978684787 117.838667005 0.00396391534675
146 -8.23450304365 -12.3252024833 118.719585159 0.00313103012325
147 -8.67003214908 -12.3471273904 119.602637375 0.00403435730537
148 -9.16250523829 -12.4308743569 120.451309114 0.00559510041878
149 -9.47977638008 -12.3050464879 121.374988237 0.0028637175615
150 -9.89697864003 -11.9892869148 122.209097473 0.00623390969031
151 -10.3604982504 -11.6504021785 123.008830025 0.00436702165642
152 -10.8150652922 -11.2350694952 123.776919596 0.00628181703498
153 -11.3324017644 -11.1223223627 124.606731751 0.00284596374845
154 -11.8359476211 -10.9110827117 125.425664545 0.00547197478077
155 -12.5256667935 -10.82693314 126.122622964 0.00457326643983
156 -13.1990971423 -11.0475215564 126.805418107 0.00532385117089
157 -13.8883812952 -11.242663116 127.479950012 0.00494690866605
158 -14.6406973669 -11.4814459873 128.067278891 0.0170966689455
159 -15.491533608 -11.5819673307 128.550239311 0.00103688664348
160 -16.2800102974 -11.9002214995 129.044470963 0.00397001603977
161 -17.0794632637 -12.2799226102 129.473153356 0.00430545633392
162 -17.9135376072 -12.7131214789 129.762132956 0.00504857595793
163 -18.8708663446 -12.9314025831 129.812041869 0.00222463079708
164 -19.6220319277 -13.5468944594 129.965223092 0.00593411662452
165 -20.4048003204 -14.0849230968 130.218487129 0.00709044934932
166 -21.1948993694 -14.6528177167 130.357360418 0.00480326425032
167 -21.9269907855 -15.2843381093 130.533689677 0.00162105674315
168 -22.6332288939 -15.9589729794 130.642726458 0.00434576585587
169 -23.3747689184 -16.5616418863 130.87197797 0.00347447644967
170 -24.1003746813 -17.15422293 131.168416741 0.00544338946655
171 -24.7553442036 -17.8658607801 131.341239779 0.00340062085184
172 -25.4697387667 -18.3658379977 131.793913759 0.0350550056558
173 -26.1419750172 -18.7851292155 132.37372063 0.00407553293467
174 -26.8450906241 -19.1158056157 132.973724617 0.0019062280699
175 -27.3910005609 -19.6003585834 133.630136602 0.00740563666821
176 -27.9122654688 -20.1344026098 134.267654448 0.00443387183763
177 -28.5554013285 -20.0992436874 135.008185056 0.00435790492113
178 -29.3223313092 -20.0090088726 135.61367005 0.00372346297943
179 -29.9884482957 -20.0303864134 136.333877877 0.0347840153444
180 -30.644766816 -20.1522660607 137.051964961 0.00188151810178
181 -31.3265084335 -20.1999578496 137.75489227 0.00737594665855
182 -32.1027283406 -20.1353290825 138.349876363 0.00380759004925
183 -32.9427019837 -20.1985879576 138.850760913 0.00143697526816
184 -33.8054290122 -20.4593742333 139.23546031 0.00827164321187
185 -34.6209419853 -20.7416135031 139.699371713 0.00271225416314
186 -35.2744412416 -21.1224608895 140.322116835 0.00384364417402
187 -35.9155222386 -21.6426524889 140.849432441 0.000799073253806
188 -36.4915619628 -22.2913597262 141.304308723 0.00444728667791
189 -37.0553387407 -22.8718402701 141.856208911 0.0033520560429
190 -37.4513502914 -23.6000821597 142.377781612 0.00824985542955
191 -37.7783651534 -24.3704756349 142.886026796 0.00294132627382
192 -38.4195844071 -25.0623588525 143.147945835 0.00531529410949
193 -38.9858400924 -25.8542683363 143.249794376 0.00489327124585
194 -39.4231104732 -26.7288570758 143.291710009 0.00414302945335
195 -39.7940743662 -27.5884191315 143.495533887 0.00573118275931
196 -40.3383519326 -28.3874026654 143.354995542 0.00693803094605
197 -40.8154373038 -29.2344457211 143.448958852 0.00735731664299
198 -41.2066871123 -30.1254286913 143.368179334 0.0070278646279
199 -41.4139810157 -31.0791424184 143.389469678 0.00526802881552
200 -41.1875820155 -32.0248710374 143.305831299 0.00407174804124
201 -41.2178807554 -32.9325401598 143.663186916 0.00702394102577
202 -40.9465384557 -33.8669761081 143.734714275 0.00567279382732
203 -40.4252382525 -34.6851809948 143.633131135 0.00339890135894
204 -39.8704377601 -35.486064605 143.678671185 0.00476207795813
205 -39.269070471 -36.2535280811 143.660846143 0.00450831075865
206 -38.6559562979 -36.9987693987 143.521679683 0.0070783089771
207 -38.1964790042 -37.7788879728 143.882996097 0.0109926876759
208 -37.8704694353 -38.6684811563 144.110441846 0.00467844131339
209 -37.2343713073 -39.4014337654 144.195088865 0.00346381726519
210 -36.484922625 -40.0225347561 144.231175348 0.00788167301197
211 -35.5458030737 -40.2709767915 144.298108506 0.00456075057485
212 -34.587217134 -40.1633488385 144.429789427 0.00462049952477
213 -33.6960928534 -40.0402577542 144.801686784 0.00345813965494
214 -32.7928723816 -39.8237067606 145.092445939 0.00482859993132
215 -32.9788177736 -39.2705034291 145.871373777 0.00342599379739
216 -33.4079179811 -38.6859463462 146.520267117 0.00204829248743
217 -33.8307653914 -37.8698536399 146.839063781 0.00603509904752
218 -34.343645436 -37.3807853458 147.505422103 0.00402429406697
219 -34.6951574983 -36.8308027539 148.226510073 0.00373323149044
220 -35.3733808787 -36.247382329 148.607276521 0.00549196527402
221 -36.1120590947 -35.757233353 149.006038084 0.0234042728816
222 -36.8400976053 -35.3823065911 149.527927881 0.00571686182978
223 -37.2784958389 -34.9391052212 150.272322175 0.00334522521847
224 -37.5843780582 -34.4483163671 151.052101688 0.00395369981709
225 -37.6567274043 -34.0004969175 151.462145515 0.0019249431988
226 -37.9580861731 -33.3357137911 152.096525422 0.00333434703149
227 -38.5744157779 -32.8593592868 152.669205933 0.00195952939841
228 -39.2566996261 -32.3436353919 153.119647034 0.00379695079833
229 -39.8705946726 -31.9197235931 153.734121728 0.00477832066784
230 -40.5168220997 -31.4509276512 154.278300616 0.00303841773757
231 -41.2587961455 -31.1025677925 154.789416588 0.00486595134626
232 -42.017100915 -30.791952319 155.300340145 0.00431682882276
233 -42.918589256 -30.7324988513 155.640422013 0.00377152675322
234 -43.8411753721 -30.878953259 155.398061597 0.00248873295513
235 -44.6440510059 -31.3954878894 155.25810523 0.0300440140446
236 -44.8891214071 -31.6836875356 155.235944394 0.00127225089378
237 -45.1572477017 -32.3512022427 154.596270621 0.00149271803373
238 -45.1154859892 -33.1291611234 154.031141024 0.0036258578971
239 -44.8035866359 -33.8809182462 153.517965647 0.00405488764828
240 -44.1953212913 -34.3279813712 152.92175131 0.00358063754931
241 -43.5335644627 -34.7155581158 152.341526667 0.00660016729829
242 -43.0140655543 -35.1991852994 151.693303821 0.00264579001821
243 -42.223163901 -35.3940108505 151.183503821 0.00324830065118
244 -41.3200303301 -35.5862135588 150.918804673 0.00211597114598
245 -40.429385518 -35.7954677794 150.626691349 0.00129738587863
246 -39.4983104814 -35.8306080154 150.394319159 0.00519993016536
247 -39.0585232111 -35.3270247665 151.083449572 0.00607461723104
248 -38.6720582904 -34.7717422678 151.764096371 0.0042387366138
249 -37.9723956486 -34.5108336117 152.366246148 0.00560629668486
250 -37.0968933242 -34.4161337691 152.745108758 0.00101440168927
251 -36.2093874239 -34.2704768765 153.076650067 0.00540647602949
252 -35.4979567234 -34.5400403277 153.659274535 0.00254500338677
253 -34.7519230971 -34.6862987254 154.24226648 0.00248161895694
254 -33.8764737524 -34.3654875658 154.460658177 0.00603664198554
255 -32.9619018723 -34.08702098 154.505062301 0.00857792055591
256 -32.0929509571 -33.7231548781 154.340579175 0.00714164313093
257 -31.2231686157 -33.5071988658 154.008554795 0.00407766721221
258 -30.2929676989 -33.6543246938 153.848463832 0.00694760100189
259 -29.3545096432 -33.6887880088 153.6769987 0.00337735177101
260 -28.4074675199 -33.7756630986 153.598281925 0.00193065678329
261 -27.4733590467 -33.9016689029 153.45043378 0.0044527758578
262 -26.6535583021 -33.9532762906 152.96562673 0.00458122936886
263 -25.7879831124 -33.8754263437 152.573842988 0.00401693381365
264 -24.9623656189 -33.7007098021 152.131248597 0.00292587253962
265 -24.1464349373 -33.2196081135 152.031256847 0.00468883522185
266 -23.3061808206 -32.8023326984 152.192944714 0.00124410807519
267 -22.670049268 -32.1077065302 152.330267562 0.0115870972647
268 -22.2326878377 -31.4172046539 151.844571836 0.00631797972772
269 -21.7633869771 -31.1039959507 151.079815533 0.00546974623071
270 -21.465596091 -30.7146893123 150.266243681 0.00696496806913
271 -20.7041276373 -30.4392364296 149.772072807 0.0030913960104
272 -20.265466027 -29.7605845502 149.275862673 0.00926431308194
273 -19.8129866481 -28.9564019751 149.063060492 0.00421068442528
274 -19.7783449348 -28.0153342717 148.968943257 0.0035042643151
275 -19.9026550399 -27.0861999584 148.842107534 0.00403985910353
276 -19.9605300294 -26.1526329424 148.979756119 0.00554998401936
277 -19.9357579073 -25.2637006548 149.298795705 0.00149064280874
278 -20.2753027666 -24.6092567829 149.889615567 0.00576418713911
279 -20.5151818798 -23.8581302025 150.40856241 0.00343253794581
280 -20.9804754574 -23.3783075159 151.074690187 0.00369297004645
281 -20.7069853393 -23.4806835731 151.971824488 0.0278477215437
282 -20.430000878 -23.4775443806 152.869375164 0.00933930437158
283 -19.8682318891 -23.3267851384 153.60468205 0.00422938829998
284 -19.4098225348 -22.856872489 154.272908583 0.00676610258352
285 -19.0148844492 -22.299132812 154.911807577 0.00452607922775
286 -18.6765513201 -21.5096527362 155.279857652 0.00235081020152
287 -18.2070169244 -20.8099728722 155.682924815 0.00918370548929
288 -18.0348492086 -20.4293699691 156.517147655 0.00508541540962
289 -18.1057164802 -20.1652305885 157.408244894 0.00116725223462
290 -18.207668784 -19.8457326266 158.277657338 0.00367328671441
291 -18.2345352297 -19.2463265596 158.989342436 0.00319326151764
292 -18.3672757021 -18.8842857424 159.836152423 0.00659506175345
293 -19.1003050654 -18.5137965794 160.269260945 0.000941858620765
294 -19.9928510525 -18.4990083536 160.523612907 0.00488330970391
295 -20.7674494232 -18.9446912661 160.7706156 0.00328444869802
296 -21.5733247204 -19.4009395568 160.745808387 0.00385828866185
297 -22.4827469607 -19.4065292128 160.917977211 0.00461948413811
298 -22.9135047267 -20.1679024527 161.217504146 0.00421008250198
299 -22.8532786423 -20.8159490532 161.87352986 0.00439095088837
300 -22.9148035578 -21.5228557663 162.463783629 0.00581446928932
301 -23.1425427225 -22.2752910053 162.9444732 0.00678646327044
302 -23.464775838 -22.9901506832 163.425264844 0.005950234819
303 -23.8565302733 -23.8203390894 163.428110255 0.00678551997016
304 -23.4848464514 -24.6410224708 163.261343582 0.00210573495365
305 -23.3399995251 -25.5373338161 163.142799309 0.00335109295319
306 -22.8638329454 -26.2693504314 162.870231914 0.00795858614448
307 -22.149159451 -26.8353740993 162.83214546 0.00332917197891
308 -21.3230285435 -27.0717119702 162.527669617 0.00651149258905
309 -20.5562472009 -26.9314291489 162.05841128 0.00463305015448
310 -20.3094078857 -26.5193436994 161.286743187 0.00344150870152
311 -20.5007574801 -25.9675517262 160.591850543 0.0037874624595
312 -20.4852553374 -25.4114952441 159.876025347 0.0041880121464
313 -20.6115246262 -25.0016562799 159.078666933 0.00754907266649
314 -20.3326409536 -24.2958939241 158.590677465 0.00345073914927
315 -20.2322195952 -23.4594168634 158.271799474 0.00809535779383
316 -19.9629988506 -22.6299549116 158.058388947 0.00378753238925
317 -19.9627919998 -21.7337806787 158.04339745 0.00396010363259
318 -19.8671377318 -20.9819972081 157.567012289 0.00318760858876
319 -20.3495946745 -21.00001241 156.81407052 0.00632592277937
320 -19.8530475156 -20.9935249907 157.554891602 0.00802124871928
321 -20.2511876888 -21.4804627191 158.182047608 0.00337747497721
322 -20.343490221 -22.2721059216 158.569838175 0.00360357730141
323 -20.0216749239 -22.9010333314 159.102779236 0.00566878984339
324 -19.4509445085 -23.4289497871 159.519606944 0.026488528394
325 -18.7105507473 -23.4909191277 159.969347815 0.0045176479734
326 -17.9326063179 -23.1554816516 160.146819843 0.00663688462396
327 -17.595319295 -22.362742789 160.141966176 0.00303337965252
328 -16.9597469972 -22.0188099499 159.675631009 0.00924387194183
329 -16.559222033 -21.7994041274 158.953201688 0.00788241251819
330 -16.0447368732 -21.1919730187 158.660034623 0.00412203724186
331 -15.3343250086 -20.9441470788 158.27448462 0.00785462407442
332 -14.7461290363 -20.3590544693 158.148609896 0.00711154263629
333 -14.4721340796 -19.874204333 157.527556779 0.00256364090846
334 -14.3105155046 -19.3350882425 156.91481429 0.00702109440363
335 -14.0695955165 -18.8066921785 157.501875895 0.00563909519612
336 -13.8572630997 -18.0165183147 157.551930242 0.00708442686527
337 -13.891194164 -17.288403812 157.912230568 0.00917740058818
338 -14.1659141674 -16.839686083 158.520208327 0.00846795360295
339 -13.7281065032 -16.2111755863 158.715863973 0.0197549843978
340 -13.7087370352 -15.8410368019 158.046690925 0.00663236772474
341 -13.4291022958 -16.4483526977 158.39502585 0.00886902825337
342 -13.2793582706 -17.1186331337 158.668345298 0.00627359975481
343 -12.7695046238 -17.109964108 159.188930218 0.0146806592971
344 -12.6725046169 -17.539988448 159.732594381 0.00522569991942
345 -12.4485763167 -18.1842450554 159.81893179 0.00930326471915
346 -12.8022909833 -18.580102314 160.220596413 0.0152532216252
347 -12.8999053026 -18.7317178438 160.818090833 0.00787233369646
348 -13.1175252731 -19.111655419 161.225985267 0.00443999548738
349 -12.5769060928 -19.0447078271 161.432958655 0.0117958836809
350 -12.5507735834 -18.5825540824 161.707653019 0.0130017597828
351 -12.1900324268 -18.6750522411 162.01226255 0.0116053626173
352 -12.1307992626 -18.707023485 161.593944625 0.00890812299781
353 -12.0823519521 -18.4866570011 161.300784595 0.00992401451637
354 -11.8837972115 -18.3652139799 161.499097122 0.0162889082384
355 -11.8133295319 -18.5438568381 161.589063063 0.0135500221488
356 -11.7085148329 -18.5177217074 161.683788085 0.00834878608982
357 -11.672271938 -18.5978549692 161.742783373 0.00318316845894
358 -11.7323761993 -18.5339378299 161.711081135 0.00614843787306
359 -11.7614323929 -18.5114404028 161.651679256 0.00924347341251
360 -11.745957698 -18.480550551 161.635248022 0.0156641579078
361 -11.7490376171 -18.4782558709 161.633582047 0.00465476291422
