0 -0.355075183912 0.708072089466 0.599611796851 0.00256949557356
1 -0.845968362292 1.41824222046 1.09115383113 0.00615042258213
2 -1.38379095203 2.07726841521 1.60429607639 0.0064620691266
3 -1.86368238624 2.75197206691 2.15321844388 0.0205497022769
4 -2.40884739322 3.45867169046 2.58911283481 0.00328438008134
5 -3.07464622747 4.11658702473 2.92144661808 0.00682728493095
6 -3.64780227412 4.75671815704 3.41972475402 0.00539683437054
7 -4.28416262999 5.37051907426 3.87226521651 0.00416325873574
8 -4.9382281008 6.0072406502 4.26371632551 0.00306328982096
9 -5.69631754088 6.51547819893 4.65540171164 0.00376668107247
10 -6.51159535716 6.86941978534 5.09862360052 0.00526940695822
11 -7.28918911144 7.28473070703 5.55602728348 0.0153635223955
12 -7.98961871188 7.70878936106 6.11799681881 0.00434699013004
13 -8.7377050216 8.13963764345 6.60882901945 0.00534173645277
14 -9.57912089651 8.44955915672 7.03554232437 0.00611143338982
15 -10.4463544665 8.75267684919 7.41247106562 0.0044434666857
16 -11.2921159142 8.95293574884 7.89269232107 0.00465269870901
17 -12.1702833391 9.10952341986 8.32890019128 0.0053671513817
18 -13.0074852203 9.27995757312 8.83484945653 0.00621396326693
19 -13.8226751788 9.53560830435 9.34080208436 0.00385394599786
20 -14.7387526167 9.6872603027 9.69239181979 0.00567555500971
21 -15.6986508348 9.75287484052 9.93740519239 0.0042433260825
22 -16.5928978589 9.67105785703 10.3609105861 0.00201632060811
23 -17.4777938212 9.51422421992 10.7828951056 0.00600854801732
24 -18.3536148689 9.27599162511 11.1851742389 0.00438867913932
25 -19.2423265881 8.96630964186 11.5012060429 0.00382954908082
26 -20.0878840506 8.58567618038 11.8557572725 0.00188431688701
27 -20.8659636288 8.11013270307 12.2481786282 0.00343722378277
28 -21.6382200718 7.72508191519 12.7389807055 0.00428401272648
29 -22.4064838218 7.34091426274 13.236650954 0.00218875329111
30 -23.1246987757 6.92043847018 13.7778035378 0.002539451319
31 -23.7981287142 6.48775346295 14.3649506382 0.00460041471563
32 -24.5566457717 6.13544868986 14.8996826906 0.00672046004935
33 -25.2424279289 5.58659092029 15.3620431038 0.00394563004859
34 -25.8755419452 4.93646975537 15.7642558675 0.00336576383299
35 -26.4880682586 4.28618835473 16.196902773 0.00375007371063
36 -27.2171533881 3.67473632199 16.4792742767 0.00378670721656
37 -27.9097060234 2.99194646936 16.6774961464 0.00212890012344
38 -28.5931375409 2.32322251883 16.9436509924 0.00252232491943
39 -29.2721070325 1.62886304311 17.1484449842 0.00479308857834
40 -29.953992292 0.937162574041 17.3524251028 0.00409914709809
41 -30.5836435789 0.173594289275 17.4264211505 0.00789110765385
42 -31.2094590968 -0.596064791517 17.4558774361 0.00240249874888
43 -31.587398287 -1.48962512531 17.6646475161 0.00650375208547
44 -32.0257751131 -2.33699771557 17.9377715633 0.00229906740904
45 -32.432332899 -3.1931472691 18.2318945176 0.00403766505599
46 -32.7785349639 -4.07192926726 18.5362527333 0.00576456017231
47 -32.9408556777 -4.92249226844 19.0209342877 0.00351498846911
48 -33.0410739552 -5.57623679459 19.7607574897 0.00298777922649
49 -33.109467819 -6.17542171724 20.5488249338 0.0054835836241
50 -33.1128044329 -6.85802290209 21.2690393199 0.0102412523283
51 -33.0099035881 -7.4790444463 22.0360551914 0.00644494646907
52 -32.874333529 -8.16143436136 22.7434728842 0.00602614695493
53 -32.5743131358 -8.87884482797 23.3596592499 0.0056137937488
54 -32.3380526158 -9.60081104558 23.997832649 0.00558971513469
55 -32.0467483209 -10.1553170407 24.7672285908 0.00347647450723
56 -31.7408419914 -10.7399784618 25.5080703068 0.018186762918
57 -31.7225175143 -11.4219582464 26.2282118819 0.0036579135572
58 -31.4906966634 -12.0350134854 26.9728093842 0.00469190757231
59 -31.3499731677 -12.5732723836 27.7940614598 0.00513011541849
60 -31.2472383994 -13.0336096167 28.666689273 0.00299208861991
61 -31.1582195057 -13.5997434041 29.4762866053 0.00161836957966
62 -31.0924535037 -14.169324584 30.2856767957 0.00488921541277
63 -30.9997756822 -14.871019565 30.9805074166 0.0021137430913
64 -30.8165816719 -15.7123744484 31.4726707529 0.00385699441044
65 -30.7218744376 -16.5673921945 31.9662209154 0.00859232061885
66 -30.5376250851 -17.3631575591 32.5286636655 0.00483602971564
67 -30.3680750564 -18.1579894169 33.0969680315 0.00480543583212
68 -30.0117811254 -18.8996236348 33.6505420379 0.00713303060299
69 -29.6123368644 -19.5539484266 34.2795498432 0.00342736366803
70 -29.0797534639 -20.1468370394 34.8695746413 0.00493057919437
71 -28.5385951961 -20.7295542156 35.4618740254 0.00452612307549
72 -28.17866945 -21.4188067666 36.0771506472 0.00706269204887
73 -27.7703012856 -22.0960989954 36.6751438862 0.00458234651014
74 -27.3538018598 -22.7052407668 37.3373556766 0.00726043565867
75 -26.8080998532 -23.3217618081 37.8896499677 0.00329674034617
76 -26.2176262678 -23.894304078 38.4431947044 0.00433588916882
77 -25.4874581736 -24.3281497632 38.9545051114 0.00204714550725
78 -24.7617967129 -24.6358676932 39.5557815762 0.00507586037839
79 -24.0323736443 -24.8879341214 40.1779982938 0.00804729954092
80 -23.2534018184 -24.8953529184 40.7910131479 0.0053224340377
81 -22.5607294152 -24.9533168688 41.4977310103 0.00514234335116
82 -21.8124611002 -24.867720039 42.1421523223 0.00379814455175
83 -21.1074775844 -24.6356714975 42.7991275851 0.00202737680066
84 -20.3473930932 -24.2028768864 43.2653182074 0.00604989095678
85 -19.5663698626 -23.7694066438 43.694721416 0.00372930232679
86 -19.2759433777 -22.9570934207 44.1826204639 0.00237242905928
87 -18.9166139186 -22.1827010215 44.6860253825 0.00427059065546
88 -18.6987923225 -21.3418785405 45.1632278986 0.005409501556
89 -18.4273618072 -20.4729233314 45.5547573871 0.0017695400268
90 -18.1190228032 -19.6595495136 46.0295208214 0.0068873252474
91 -17.898807121 -18.8603209669 46.5723960172 0.00657669164744
92 -17.6326830855 -18.0867251147 47.1315155068 0.00397272473747
93 -17.3796740976 -17.267743472 47.6285726922 0.00440108403655
94 -17.0775384193 -16.4246926146 48.0524897248 0.00714221698324
95 -16.8453841356 -15.6814629562 48.665187281 0.00239415421403
96 -16.5864895094 -14.8606225622 49.1559031771 0.00149230374902
97 -16.3718959971 -14.1292038862 49.7888424508 0.00311975479544
98 -16.1110486177 -13.3853974217 50.3890826557 0.00436822767823
99 -15.9234842318 -12.7316451295 51.1094931812 0.00236506619292
100 -15.7756981178 -12.0370515559 51.8003006601 0.00300309636502
101 -15.7302292178 -11.30422378 52.4653997155 0.00650659982106
102 -15.7409968209 -10.5954504474 53.1574260141 0.00364746121138
103 -15.7342902252 -9.82863281325 53.7845145596 0.00370199121779
104 -15.7701826481 -9.09670457831 54.4510338301 0.00369847403543
105 -15.9006868873 -8.44218800875 55.1830212631 0.00317521677025
106 -15.9059043702 -7.84112378402 55.9703602287 0.00377332206784
107 -16.1237133279 -7.21423362195 56.7056787862 0.0259758270186
108 -16.1457083314 -6.63826500602 57.5109962707 0.00266920228821
109 -16.3183209546 -6.02424545981 58.2685437296 0.00219480270001
110 -16.5778114476 -5.49419457504 59.0637725067 0.00532238387987
111 -16.797903206 -4.88889934033 59.8159353391 0.00413135443567
112 -17.1192540667 -4.31199430495 60.5537787058 0.00295823129534
113 -17.559080501 -3.72534057746 61.219216378 0.00708833958675
114 -18.1061703224 -3.15159066132 61.8123232204 0.00341041448004
115 -18.5802013555 -2.49708984699 62.3842771736 0.00393294753554
116 -19.1235431769 -1.92970875698 62.9867837507 0.00127128609709
117 -19.6427229851 -1.36728400269 63.6146979727 0.00324731954486
118 -20.370844789 -0.902814489292 64.0985825163 0.0101842208067
119 -21.0606811841 -0.460219998987 64.6536763608 0.00573788848503
120 -21.5277971302 0.167652841817 65.2598081146 0.0050114840488
121 -21.85823461 0.821807871432 65.9251282806 0.00266248560801
122 -22.1847427776 1.35027098213 66.6957677469 0.0076506262637
123 -22.3433829045 1.9244692892 67.4861955 0.00267874056672
124 -22.5477028479 2.34393950493 68.3590910745 0.00567914535819
125 -22.8197871903 2.69615719776 69.2430993008 0.00456459839365
126 -23.2906539533 2.88150070555 70.0936228976 0.00768163599128
127 -23.7255096094 3.13486590227 70.9456976577 0.00378162421026
128 -24.0003004951 3.30913510217 71.8802729981 0.00854863821504
129 -24.1664113183 3.3670509588 72.8540487925 0.00733348588156
130 -24.2149051051 3.49935900832 73.4810271647 0.00256626438233
131 -24.2180447038 3.69477577551 74.450399871 0.00914862931298
132 -24.1535331108 3.88559937149 75.4184516145 0.00397055069932
133 -24.0651861273 3.97414050687 76.399260186 0.003431677544
134 -24.1796071491 3.95484017294 77.3811449428 0.00253576729226
135 -24.1667052555 3.91508396147 78.3689551227 0.0055899363073
136 -23.9727840934 4.27674740304 79.268361409 0.0100133184897
137 -24.442261973 4.45566495455 80.1196416224 0.0041196706935
138 -24.9700690357 4.68701432929 80.9226852052 0.00418473700354
139 -25.4622684997 4.7599880935 81.7767008338 0.00507638680567
140 -26.0048455703 4.62043335885 82.590905699 0.00541365018551
141 -26.4570648704 4.44334126218 83.4516308911 0.0180562784393
142 -27.0002420277 4.17132128917 84.2308819732 0.00325884663153
143 -27.6424680202 3.97103615295 84.9544801914 0.00502084066965
144 -28.2945504064 3.5624058043 85.5739993045 0.00640959339194
145 -28.8480258395 3.10994481899 86.2557829041 0.00604781579104
146 -29.403537558 2.64230764095 86.9254576509 0.00192901403132
147 -30.0086870926 2.18940417629 87.5613447661 0.00322891649415
148 -30.0349082961 2.1649988074 87.5899135312 0.000196870737226
149 -30.5437916151 1.96087744118 88.0077469244 0.00352556077298
150 -31.0463523264 1.49219840903 88.7060761176 0.00662745544073
151 -31.5402680357 1.14902397083 89.4793222831 0.00417484747843
152 -31.8547580273 0.754598144997 90.3189749533 0.00987149480146
153 -32.7274999412 0.935505866264 89.9137777468 0.0115509969138
154 -33.5797746531 1.02255956503 89.4404244397 0.00273715372573
155 -34.5111225883 1.04319508042 89.1405376573 0.00260706317227
156 -35.3458948436 1.21729816436 89.6207148777 0.00195018434717
157 -36.1038798497 1.15767079334 90.2368578862 0.00724162046527
158 -36.807944947 1.11141121646 90.9147510597 0.00663069052444
159 -37.5164382405 0.708936083357 91.4559911266 0.00149309810234
160 -37.9761994882 0.271795635506 92.2006579813 0.00488748948788
161 -38.5587944028 -0.136119013413 92.872099119 0.00923036082632
162 -39.1172983448 -0.495706148388 93.589684733 0.00630724188828
163 -39.4917917533 -0.718084652055 94.4650609209 0.00460953154381
164 -40.0465646445 -0.864220863508 95.256559976 0.00268895013054
165 -40.4929196362 -1.33789595364 95.9857814838 0.00402423409682
166 -40.7530696319 -1.84108690758 96.782225216 0.00443412784738
167 -40.8713464199 -2.55635043679 97.4373429827 0.00474717523868
168 -40.9504687882 -3.22573787344 98.1445868154 0.000850995329491
169 -41.2409311669 -4.07396207019 98.5323384513 0.00746788463279
170 -41.1998500451 -5.01132747238 98.80313455 0.00742071682385
171 -41.001167926 -5.90174647752 99.1508616199 0.00285204282401
172 -40.7328866751 -6.82043862453 99.3432460171 0.00641163695805
173 -39.8653953507 -7.16543561928 99.0585826152 0.00318949914564
174 -39.0527515246 -7.32003855921 98.5406561584 0.00504370613121
175 -38.2259072155 -7.40399894295 98.0293077202 0.00213134234025
176 -37.5461029159 -7.44348137935 97.3303438757 0.00224024957137
177 -36.9051394507 -7.14845396406 96.6564087637 0.00398618154441
178 -36.3404984829 -6.88930717555 95.9041384797 0.00387329338715
179 -35.7984411054 -6.44673085813 95.2245540464 0.00426839813047
180 -35.2935654166 -6.06959082821 94.4801184798 0.00400485467779
181 -34.7448566925 -5.98515790421 93.6783049757 0.00693817012401
182 -34.1672175257 -5.81984989876 92.9104592345 0.00356001058109
183 -33.4802971496 -6.18544173474 92.3234342373 0.00561981819921
184 -33.0391820766 -6.45953559388 91.4986368953 0.00345503289308
185 -32.6431331541 -6.83420185063 90.6908650682 0.00491238299053
186 -32.0530898525 -7.15861201017 89.9867112099 0.00397896438532
187 -31.3440974508 -7.50576625051 89.4161043614 0.00331624989265
188 -31.365224863 -8.36063746684 88.9500776727 0.00403350590551
189 -31.4768967833 -9.16789035167 88.4171078887 0.00416082237686
190 -31.2907234538 -9.97584905714 87.9068277742 0.00993424392166
191 -31.0111037528 -10.7559404636 87.3965955706 0.00245169684734
192 -30.6876654701 -11.5107064317 86.8744851345 0.00599066120207
193 -30.3928412391 -12.3377526774 86.4556937793 0.00339370452794
194 -30.2447381137 -13.1477731356 85.9379528159 0.00256664765492
195 -29.956804399 -13.8857734941 85.3736743041 0.0071691102003
196 -29.6882975664 -14.6593168534 84.8494016598 0.0037161272879
197 -29.4477531292 -15.5171541719 84.4606192022 0.0102275171028
198 -28.9229041472 -16.2860919183 84.1827322406 0.00111553464367
199 -28.2853842839 -16.0445523007 83.4902939974 0.0055967662812
200 -27.9470280596 -15.6314514588 82.678632786 0.0116371420158
201 -27.5919135984 -15.3134316268 81.8326345705 0.000729794046442
202 -27.424388428 -15.3911958503 80.8792356105 0.00532605750905
203 -27.3760636968 -15.2298805379 79.9230727193 0.00496582069437
204 -27.4491835482 -14.7458060665 79.0850615136 0.00230341128662
205 -27.7348652201 -14.4316769667 78.2124262435 0.00437634144426
206 -27.9697689209 -13.8653662618 77.4605703278 0.00390132898408
207 -28.3378975427 -13.6865427128 76.5810698184 0.00383873712285
208 -28.5398427413 -13.7159117073 75.6328420531 0.0041006470417
209 -28.6757129542 -13.6492513308 74.6749797807 0.00441275939219
210 -28.9228048693 -13.5199953642 73.746456385 0.0126948101207
211 -29.187870717 -13.4456147587 73.2556066019 0.00254807596661
212 -29.9098048467 -13.1619527954 72.6811238024 0.00584024109889
213 -30.7667322581 -13.4977738629 72.3920130768 0.00248241100308
214 -31.6247455151 -13.9164642553 72.2548466613 0.00413309375453
215 -32.3361309687 -14.5553877193 72.1303801545 0.00297421022311
216 -33.1222104042 -15.0951483351 71.9884179901 0.00730459818005
217 -33.7528960337 -15.7284459494 71.6281613272 0.00651026649396
218 -34.2811666492 -16.489274658 71.3640326346 0.0109823294038
219 -34.6853985352 -17.3168968529 71.0849749582 0.00399531271291
220 -35.1034393773 -18.1833743005 71.0920120494 0.0019112845261
221 -35.4538477336 -19.0786884257 71.0611185318 0.00595301679322
222 -35.5933377096 -20.0226827787 71.1791388545 0.00366077403095
223 -35.8500377442 -20.9487646652 71.2004037641 0.00233246194037
224 -35.8727748873 -21.8925077002 71.3807198444 0.00286460296292
225 -36.0625113612 -22.8258386388 71.5077652336 0.00305967327317
226 -35.9108326932 -23.7660553659 71.6334109515 0.00713290837863
227 -35.2480676017 -24.4497263234 71.7562122019 0.00414389666522
228 -34.5591147704 -25.0920918923 71.5722162207 0.00460582728682
229 -33.7914502419 -25.6660621291 71.5316350619 0.00480300417012
230 -33.0421442548 -26.1751338046 71.2167219119 0.000793232805476
231 -32.4054434816 -26.8399339695 70.9478792719 0.00264256392998
232 -31.9982384347 -27.4033642271 70.2872494492 0.00512436880528
233 -31.7154939314 -28.0143836297 69.6048705293 0.0034773686886
234 -31.6566662743 -28.5921239773 68.8424488842 0.0029497745517
235 -30.9319469515 -29.1665677956 68.5931853233 0.00505575753778
236 -30.3648394285 -29.3463091383 67.8426640553 0.00566493354691
237 -29.7095775375 -29.3342420117 67.1450733221 0.00481617193569
238 -29.0193177348 -29.1661262308 66.5043720723 0.0046724653181
239 -28.4253526783 -28.8331410818 65.832958634 0.00584730534507
240 -27.6982475026 -28.2133791832 65.8319616612 0.00368179487926
241 -27.0381323362 -27.8465850458 66.4170558185 0.00670089872531
242 -26.2264993112 -27.6569951827 66.8823794292 0.00285640194174
243 -25.7922451566 -27.2241682887 67.613984849 0.00552606906276
244 -25.6546629025 -26.7190293619 68.4115966246 0.0108371563994
245 -25.3752036765 -26.0356490935 69.0138160227 0.00266964409205
246 -25.2736941374 -25.5359252058 69.8185873466 0.00493700810155
247 -25.3495817562 -25.159944523 70.6902255216 0.00511735852887
248 -25.3508450605 -24.544445939 71.4159174956 0.00421226326683
249 -25.4101910834 -23.8707949539 72.0846051914 0.00455968539766
250 -26.1763751862 -23.5452465233 72.542984991 0.00824291110912
251 -26.8675614683 -23.2640614245 73.1301504994 0.00361288736202
252 -27.6675203204 -22.8311237524 72.8600464642 0.00411131596551
253 -28.3466935039 -22.5553384043 72.2579297324 0.00180796064167
254 -29.2816957293 -22.6526049614 72.3812385301 0.00394087676296
255 -30.0321040912 -22.728701809 72.9553546795 0.00345101833961
256 -30.6844869133 -22.5553706107 73.6203763379 0.00487613890929
257 -31.5031502686 -22.6794680219 74.079452743 0.00572032906537
258 -31.9178767367 -23.2517192878 74.708603006 0.00369136931813
259 -32.39394723 -23.7319919713 75.3697857301 0.00582059249715
260 -32.282577045 -24.1357237238 76.2171967319 0.00581230204726
261 -31.8431506479 -24.5204081718 76.9592607401 0.00452907562298
262 -31.5382749538 -25.1099375214 77.6299967295 0.00468598673266
263 -30.6459819021 -25.3628341031 77.7980351184 0.00548690324128
264 -29.718061282 -25.4893150757 77.8971365088 0.0055988258089
265 -28.7844901418 -25.3887231537 77.957244889 0.00394156071496
266 -27.8799434043 -25.2079536535 77.77464689 0.00601251731829
267 -27.0397567831 -24.797498856 77.864373758 0.00560494086789
268 -26.3127419825 -24.3867827187 77.4355699352 0.011639518178
269 -25.6866078511 -24.2720092448 76.7479002976 0.0122467458153
270 -25.041738366 -23.8454164981 76.2226015116 0.00684537330725
271 -24.584163226 -24.6564125384 76.2845375342 0.00344186935125
272 -24.0330867934 -25.3978607298 76.4123449742 0.00714192328608
273 -23.2981634364 -25.9678213043 76.3649089445 0.00398589259104
274 -22.4150510388 -26.2442916949 76.2676037318 0.00687369827731
275 -21.5509382615 -26.1453410059 76.5946680204 0.00445896276264
276 -20.7518533228 -25.9958912079 77.0430998408 0.00686819428444
277 -19.9894609803 -25.8783811093 77.5572765508 0.00381183474401
278 -19.4967212488 -25.2088245551 77.9654367493 0.00537560101458
279 -19.1704507649 -24.3770616054 78.2041288845 0.00276614750423
280 -18.9635837719 -23.4993061115 78.4061667177 0.0034385015832
281 -18.7994101128 -22.5926457035 78.4656990173 0.00472379913501
282 -18.9028927574 -21.6762535441 78.4669559816 0.0028839703008
283 -18.7088254452 -21.0633906732 77.8059253204 0.00399281377092
284 -19.0476763745 -20.5331820068 77.1332106985 0.00238626218249
285 -18.4730266497 -21.066494417 76.6512881144 0.00268224689226
286 -18.0211942925 -21.778633318 76.2850378685 0.0100778202141
287 -18.6196501064 -21.958728842 75.6135939824 0.00768447556572
288 -19.4554499389 -22.2247265355 75.3540403071 0.00318525640757
289 -20.2691969858 -22.5932974558 75.5462783447 0.00336818439151
290 -21.0569028789 -22.7800167609 75.1240891587 0.00156443532384
291 -21.1634091268 -21.9717255007 74.7141334113 0.00791194186661
292 -21.4064629695 -21.2384088443 74.2326552026 0.00354310046105
293 -21.6204980921 -20.6653830569 73.5595372182 0.00321907685548
294 -21.6235034797 -19.9488935188 73.0012217929 0.0126617746747
295 -21.7286468519 -19.3022404597 72.3778080394 0.00394596072497
296 -21.5530787816 -18.5055395047 71.9914889516 0.00608621486233
297 -21.863234361 -17.7179090046 71.6844791052 0.00132972784101
298 -21.7850438815 -16.8499422707 71.908884185 0.00669316060117
299 -21.4437852277 -16.0384368897 72.0831893663 0.00319554814174
300 -20.5519866254 -16.0739380204 72.0020154927 0.0108055923375
301 -19.9591508812 -15.9524285372 71.3458425477 0.00436497413829
302 -20.4349849103 -16.0936150418 70.6058563081 0.00762259957219
303 -21.2331028216 -16.1026546051 70.2186851595 0.00549862767511
304 -21.804864991 -15.6311478293 69.735310961 0.00525748834326
305 -22.334626664 -15.074611978 69.3016415067 0.00797268466059
306 -23.17053758 -14.8890448397 69.4966063046 0.00396962608858
307 -24.0096640949 -14.6429968558 69.4427792494 0.00558953162786
308 -24.815989905 -14.8496324857 69.1785337331 0.0106922667174
309 -25.0819155993 -15.457348217 69.7381574527 0.00623438368243
310 -24.6806644762 -16.1038131737 70.147415083 0.00891100659755
311 -24.6878102938 -16.1447160981 70.1721551664 0.000751277138099
312 -24.3708961875 -16.6192128629 70.7094914077 0.00817053464485
313 -23.9898675664 -16.6976881949 71.377661781 0.00553614761122
314 -24.0758096132 -16.4408738222 72.0935150562 0.00411893896065
315 -24.0599809722 -16.4308485053 72.852613081 0.00393610999556
316 -23.65899288 -16.8156214812 73.3596252585 0.00820764085973
317 -23.1933485678 -16.291553456 73.5904779294 0.0080352673243
318 -22.9634674589 -15.6796637174 73.9014277805 0.014913569834
319 -22.9920483002 -15.0935925037 74.2716119718 0.00849718180872
320 -23.0037995701 -14.4306430165 74.3909849118 0.00620135197404
321 -22.9752502318 -13.9098599017 73.9888909462 0.00578067668593
322 -23.4515129186 -14.0298801044 73.5739353601 0.0256714899388
323 -23.7519869656 -14.3471456143 73.2259319446 0.00641844411235
324 -23.3887326773 -14.7118350096 73.3635333377 0.00940407239988
325 -22.9252297046 -14.5479395274 73.3620395702 0.0122337332569
326 -22.9922598539 -14.1651093309 73.1737676504 0.00938307965437
327 -22.9844312372 -14.1976563071 72.7970702321 0.0105162773612
328 -23.1629524981 -14.1129873779 73.0355816865 0.0185994294135
329 -23.0342551822 -13.9758214094 73.1121956106 0.00497379632646
330 -22.9003060081 -13.8596606294 73.1072470549 0.0115093533868
331 -22.9522597308 -13.7700702953 73.0426492768 0.0105622192515
332 -22.9140631567 -13.7383409477 73.1043213889 0.00354764625737
333 -22.9093948248 -13.7870393375 73.0600327888 0.0174488158285
334 -22.9019070626 -13.7993491159 73.055862035 0.0110591541089
