0 -0.490683178941 0.835846029689 0.217950166143 0.00497089492249
1 -0.922500158017 1.69183433629 0.4781250858 0.00562780502243
2 -1.32703142752 2.58773380083 0.621418174296 0.00340873820402
3 -1.88429663273 3.4037092758 0.723507509638 0.0035330478757
4 -2.58786574467 4.06888145888 0.945537243456 0.00515289672078
5 -3.33547195722 4.65768259602 1.23035510122 0.0047992850001
6 -4.11183798635 5.24124808725 1.43863357424 0.00258767655139
7 -4.93928473556 5.73026680161 1.68932671818 0.00795461979305
8 -5.78916428602 6.08184126361 2.06442936922 0.00574477539071
9 -6.68088539978 6.26761161341 2.46050695003 0.00261404824447
10 -7.59594469125 6.45457787657 2.79848905052 0.0028898539583
11 -8.48734705738 6.48045317964 3.23580546799 0.00323320000977
12 -9.28709422523 6.33369341457 3.80622705554 0.00216776918028
13 -10.1048537807 6.20841116327 4.35583032905 0.0258100940019
14 -10.8019195932 6.17100070087 5.06223026433 0.00349241788298
15 -11.4298635574 6.17501134909 5.83162017455 0.00248044893441
16 -12.0878814211 6.18342476072 6.57539464635 0.00653363990372
17 -12.6552806414 6.26819052699 7.3860088329 0.0047192620382
18 -13.2024186299 6.29348938627 8.21437192564 0.00862364065105
19 -13.7447701489 6.33575300288 9.04513925974 0.00584169983967
20 -14.2733217416 6.31160735201 9.8854396087 0.00585189628677
21 -14.8543643258 6.31752862125 10.6906351228 0.00478856799421
22 -15.479102474 6.32916158884 11.4623177388 0.00381308448013
23 -16.0496187861 6.25832799673 12.2718846374 0.00564650501198
24 -16.5179862204 6.08559943893 13.1301775127 0.0107440930752
25 -17.0296977731 5.97100791026 13.9732548928 0.00403288442656
26 -17.5952253566 5.91005865822 14.7869943749 0.00350825164433
27 -18.0700414132 5.79637837699 15.6514715806 0.0092591505549
28 -18.5398713552 5.64649936459 16.5130966238 0.00697971055698
29 -19.0196338439 5.48436374351 17.3669518382 0.0124624863138
30 -19.4542071032 5.43408824906 18.2580397211 0.0200641590208
31 -19.8450918031 5.41741774896 19.1702646358 0.00379925938169
32 -20.16480836 5.34614532422 20.1072260518 0.0173383042892
33 -20.609805236 5.65251655986 20.9397406325 0.00437150281902
34 -20.8088719933 6.22086937262 21.7285681734 0.00526267314171
35 -21.0514115983 6.77555135843 22.5149182023 0.00220072555208
36 -21.1840869215 7.27646695949 23.3612787943 0.00511093911682
37 -21.3912290955 7.79316401948 24.1827992265 0.00324918434202
38 -21.6464563359 8.34882270885 24.9643554777 0.00268105935659
39 -21.8555361643 8.84719752994 25.7965981364 0.00826089743112
40 -22.1812600907 9.39904299415 26.5542053672 0.0057160957052
41 -22.4280818894 9.85697061184 27.3991627329 0.00185361762819
42 -22.5151286544 10.3705939376 28.2436536086 0.00278616484251
43 -22.7330641477 10.8931140183 29.0585056701 0.00689258045241
44 -23.0407370257 11.4602939406 29.8121958383 0.00541309228488
45 -23.3796957303 11.928918143 30.618336978 0.00270923221432
46 -23.6613352882 12.4475381257 31.4158602161 0.00300040114112
47 -24.2992913263 12.9253158263 32.0065892274 0.00286195447699
48 -24.8826046867 13.2553135957 32.7380836987 0.00430945077309
49 -25.48906589 13.721754693 33.3695809104 0.00194640943028
50 -26.0039284034 14.0802575231 34.1380681172 0.00568200124751
51 -26.5181903267 14.4771242676 34.8878270629 0.00749786798065
52 -27.158551161 14.8206726053 35.5630333166 0.00352076975074
53 -27.8320221929 15.211703172 36.1774111814 0.00288456097244
54 -28.5792220497 15.4695618862 36.7766528085 0.00495615201543
55 -29.3105617415 15.7012497625 37.4053844143 0.00520397494298
56 -30.090638743 15.9456551569 37.9670804214 0.00594687308202
57 -30.926695778 16.1171406783 38.4723227892 0.00213804465667
58 -31.7638553817 16.3136748323 38.9664662278 0.00608224282373
59 -32.6143039542 16.470081149 39.4520975386 0.00417712256996
60 -33.483364502 16.6383182903 39.8992356541 0.00137711317755
61 -34.337353817 16.5628121132 40.3977336013 0.0042351820906
62 -35.145735077 16.3703440021 40.9389685768 0.012319761695
63 -35.9824299517 16.1375909982 41.41756701 0.00681445143086
64 -36.753112354 15.7276628641 41.8878951127 0.002161467528
65 -37.3230787034 15.1764780865 42.4833322165 0.000718666960137
66 -37.874374465 14.6008915456 43.0732252781 0.0028104394604
67 -38.371747061 13.9341110072 43.6128299308 0.00147183973564
68 -38.7595192452 13.2623761843 44.230536326 0.0033874272339
69 -39.0440108343 12.5352142136 44.8416097857 0.00640875063639
70 -39.1058083999 11.7758242259 45.4760742702 0.00499651185104
71 -39.078765127 11.0068667487 46.1013284075 0.0130386564252
72 -38.8853471862 10.2472161905 46.7082172757 0.00467814072655
73 -38.6112643078 9.45503264253 47.2373958754 0.00680289897704
74 -38.3020855572 8.67372452403 47.7633056793 0.00430910853012
75 -37.897354101 7.90284030119 48.2370904776 0.00275473371711
76 -37.4422215496 7.1655186075 48.7184617984 0.00414219166454
77 -36.8701690624 6.53573106432 49.2269724416 0.00438243838098
78 -36.2785526253 5.92064064514 49.7310087331 0.00556492033229
79 -35.6061494256 5.45901646456 50.2941419504 0.00301087869624
80 -34.9268729216 5.0257158775 50.871324466 0.00448740106257
81 -34.2976067577 4.58760229557 51.4992918777 0.0190607673895
82 -33.5994503123 4.25620760295 52.1195736422 0.0027399871756
83 -32.8658794282 4.12097356582 52.771918442 0.00167657331531
84 -32.1705012512 4.08707953408 53.4770900388 0.00298595801942
85 -31.5031218521 4.06534478644 54.2092571209 0.00482200705243
86 -30.7570953326 4.12424422682 54.8587243397 0.00660944301351
87 -29.9758335741 4.22820802091 55.4591742505 0.00478981081761
88 -29.1903007424 4.5148229018 55.9906014738 0.00387279340607
89 -28.3983586106 4.99359595867 56.3443289407 0.00431123600066
90 -27.563093789 5.43064357462 56.6489068583 0.0322352069241
91 -26.836923119 5.98581904523 57.0302658257 0.00575724012767
92 -26.1818071486 6.61565306976 57.4239980506 0.00312427211896
93 -25.6588025794 7.37269387527 57.7903220159 0.00542889599689
94 -25.0365419154 8.11849447544 57.9834406386 0.00306205998972
95 -24.412394232 8.88142981573 58.0784868061 0.00255598272648
96 -23.7843644163 9.64695460046 58.0915894797 0.00440122410846
97 -23.3096125541 10.5131055317 58.0212574487 0.00313397198368
98 -22.7912830191 11.3531210099 57.9424379345 0.00790909113344
99 -22.0001072686 11.9276278402 58.0985355064 0.00608827031571
100 -21.3010464178 12.6253313466 58.0292346194 0.00361654950228
101 -20.7297061617 13.4209402423 57.8850045215 0.00252122791706
102 -20.1726046508 14.2088788887 57.66368005 0.00178393743944
103 -19.5600312997 14.9319726495 57.3772097303 0.0173066813077
104 -18.9383179798 15.658771234 57.1220226774 0.00837660110172
105 -18.3979824379 16.3867066909 56.7246278111 0.00319643637318
106 -17.939884067 17.1931481434 56.3789315301 0.00733743987781
107 -17.6436181506 17.6745960255 56.1878845987 0.00215734801707
108 -17.2201735724 18.5129312551 55.8758342628 0.00574279393467
109 -16.7326999064 19.3270198628 55.5947472163 0.00420717923101
110 -16.3810112455 20.197900454 55.2829846763 0.00139442704473
111 -16.0620273168 21.0724424228 54.9472459754 0.00349631019069
112 -15.8387549025 22.0271404334 54.8134511186 0.00835857602043
113 -15.7433514461 22.9635853158 54.5084138153 0.00278244874326
114 -15.8145528861 23.8918941129 54.173437757 0.00452834598426
115 -16.05321438 24.8266466747 53.953869863 0.00535173689835
116 -16.2517577627 25.7591432817 53.6895338829 0.0028456354844
117 -16.7727278224 26.5990184675 53.6451878979 0.00323945220687
118 -17.2909932097 27.4409071158 53.681682422 0.00202168808238
119 -17.9698007912 28.1479766291 53.815657594 0.0146293659828
120 -18.6890669237 28.804145359 53.9903256969 0.00855264696005
121 -19.3370158815 29.4034942605 54.4367054839 0.00480917261887
122 -19.9696113324 29.9514202747 54.9638204859 0.0051140426702
123 -20.6428540692 30.3053065661 55.5960444705 0.00124798845709
124 -21.4336751628 30.7096299041 56.0310391677 0.00170799607576
125 -22.3074249342 30.9820285191 56.405745705 0.00170801608597
126 -23.1523823162 31.2135189682 56.8645455938 0.00395045255094
127 -24.0110091182 31.3655706003 57.3310270067 0.00177545560835
128 -24.9048336251 31.5039124282 57.7308365311 0.00405608336477
129 -25.833355953 31.5544353932 58.0671479536 0.0027330318958
130 -26.6997120421 31.8055499168 58.4722975327 0.00722829450178
131 -27.5898159005 31.9558633482 58.8757273652 0.00303776439014
132 -28.270739415 32.0367353433 59.5881244599 0.00342596119253
133 -28.866328282 32.0469390964 60.377334873 0.00671750100089
134 -29.5021327656 31.8102477334 61.0965277968 0.0038329100819
135 -30.1371952389 31.4214909367 61.746880553 0.00520838503205
136 -30.7096547766 30.9143899347 62.3733117809 0.0153376703959
137 -31.2324391772 30.2846124317 62.9273919293 0.00611492065731
138 -31.7472420716 29.587035143 63.4018720332 0.00451337565884
139 -32.3853419758 28.932529436 63.7774906037 0.00453089195087
140 -33.0336782288 28.2379888122 64.049130896 0.00281671761302
141 -33.8651875146 27.710383772 64.130695861 0.00355782615457
142 -34.6161685139 27.143729719 64.4328811201 0.00494299388668
143 -35.4582560419 26.6759863658 64.6528026922 0.00468834101235
144 -36.2876775477 26.1496965103 64.7587378343 0.00318475054107
145 -37.0677214582 25.5487669419 64.8392771886 0.00275944209681
146 -37.8578371478 24.9557241276 64.8342428206 0.00574036773024
147 -38.5531934587 24.25539878 64.8778926841 0.00227155158828
148 -39.1147145201 23.4476560208 64.7880100995 0.00107553586162
149 -39.4978293461 22.5550507409 64.6082937813 0.00519085548273
150 -39.8295052911 21.6377362751 64.4526520527 0.00424203596484
151 -40.2037198701 20.7481587602 64.2423504519 0.00353354073598
152 -40.4579515971 19.8224320158 64.0101191789 0.00458973586469
153 -40.4418300028 18.8981744601 63.6623457027 0.00228748427375
154 -40.4535603046 18.0159842947 63.2184529187 0.0029170430886
155 -40.4113464134 17.1503469109 62.7448791287 0.00523256559126
156 -40.782222573 16.2400476999 62.6501393155 0.00544111004391
157 -40.9931367202 15.2833323688 62.7736527284 0.00504319479952
158 -40.9572575908 14.2970241162 62.8024269638 0.000899938511763
159 -41.1051567959 13.3242769122 62.7200306861 0.00687706979693
160 -41.2974195125 12.3649611416 62.8522775151 0.00305097933919
161 -41.4329379827 11.3913358082 62.7608879755 0.00406341428496
162 -41.3413616885 10.4233008279 62.5903111523 0.00290189019138
163 -41.2852948818 9.49166994155 62.2686641161 0.00231640683307
164 -41.3294540702 8.76267050293 61.6044067443 0.00395410907727
165 -41.4365336773 8.01959870219 60.9633944516 0.00406671205163
166 -41.4330085032 7.18396292099 60.4379806009 0.00537947743586
167 -41.2071930531 6.44305322385 59.8261553678 0.00357145713252
168 -41.1464663534 5.79834548282 59.0812219172 0.00329645895486
169 -40.9175530329 5.13472434957 58.3874263391 0.00408520862396
170 -40.6536534724 4.47867362379 57.698953171 0.00386889948867
171 -40.2712002798 3.84957502198 57.0417707838 0.00230134735445
172 -39.8169775186 3.22301011908 56.429448861 0.00539275762937
173 -39.3713357177 2.58800536366 55.8196348419 0.00614440768512
174 -38.9853317522 1.88299185489 55.2473771193 0.00435198113976
175 -38.607019528 1.14441945313 54.7137294772 0.00316066257697
176 -38.2818691975 0.462444332515 54.0792629449 0.00259675537086
177 -37.9913847726 -0.202148776025 53.410497044 0.0035825969433
178 -37.5804571031 -0.829418043188 52.7695029616 0.00285897411193
179 -37.0626648718 -1.40421231198 52.1574475974 0.00398010520323
180 -36.4090929136 -1.95295579466 51.6628099059 0.014283897739
181 -35.7003688894 -2.2996581088 51.0711070286 0.00201897286752
182 -34.7183274561 -2.22188766089 51.0271723562 0.00311107698973
183 -33.7610732137 -2.03744746841 50.8790058809 0.00336217874802
184 -33.4053493623 -1.24585769949 51.3471446777 0.00507024746284
185 -33.2326760858 -0.458545460419 51.9150699408 0.0166696584294
186 -32.8922114399 0.403661536491 52.2502157275 0.0113621969149
187 -32.4916096137 1.27596171922 52.4735725565 0.00678562748799
188 -32.4211074233 2.2190485207 52.7505325119 0.00369398361997
189 -32.4572910523 3.19038984379 52.9122151801 0.00129782202396
190 -32.6964312445 4.13667996567 53.0473395164 0.00438220178516
191 -33.0629625546 5.03614128677 53.2128937458 0.003644669601
192 -33.5893915912 5.82398191502 53.4828493525 0.00379821084416
193 -34.167048149 6.54120946912 53.8328539474 0.0024710561806
194 -34.9354028445 7.08078805757 54.1311808251 0.0028727017927
195 -35.8058723538 7.53050100749 54.0290756712 0.00280501557005
196 -36.7111814574 7.82802807598 53.7796423204 0.0049438654874
197 -37.6568488516 8.01173161041 53.5743968182 0.00356050471391
198 -38.622312614 8.13766742888 53.4258799263 0.00741987599012
199 -39.5605821631 8.20212208561 53.1337653487 0.00391471065806
200 -40.4873608351 8.29856453922 52.815177032 0.00394191483778
201 -41.342336285 8.56526866517 52.405894652 0.00417305115212
202 -42.1029178064 8.85883256241 51.8537175608 0.0044185011866
203 -42.8855056184 9.18825173049 51.3552907453 0.00729108962459
204 -43.6140795031 9.48311942016 50.7624683681 0.00240894351658
205 -44.3621223458 9.83733438296 50.2295020372 0.00683352344009
206 -45.0841609982 10.1805425711 49.655259761 0.00534438753568
207 -45.3146748651 10.2853280047 49.3756781026 0.00184036728702
208 -45.8855890209 10.602648242 48.6403633083 0.0092578997622
209 -46.4502444355 10.8725356339 47.8818593734 0.00656073224056
210 -47.0891966672 11.1299746609 47.1803066956 0.00536700938641
211 -47.8499492168 11.3504505853 46.5980133169 0.00821634387621
212 -48.6931446767 11.4823728737 46.1105055046 0.00488315548286
213 -49.5345387593 11.56750732 45.6098334292 0.0158369905722
214 -50.3972092595 11.6622222761 45.1493506035 0.00459092019449
215 -51.1620806761 11.8960631382 44.5789211966 0.00211166598636
216 -51.9703555991 12.0851383125 44.053634283 0.00579754091011
217 -52.2910529271 12.1460363407 43.850477146 0.00101656977075
218 -52.980590331 12.2950045123 43.4441663962 0.00598798179283
219 -53.8652260796 12.473877156 43.0592040557 0.00377144004098
220 -54.7630007654 12.3883780845 42.6728183864 0.00395583570849
221 -55.7027531368 12.2259729467 42.4429229651 0.00131405257052
222 -56.5914361261 11.8493099368 42.2678369243 0.00798563793289
223 -57.3374584758 11.2537803539 42.0426056044 0.0074991945396
224 -57.9210041099 10.4928472349 41.8375839879 0.00892593509757
225 -58.4279284153 9.69689840785 41.5717494255 0.00463118438167
226 -58.4724915548 8.72598643128 41.4442354623 0.00811925307673
227 -58.5874134603 7.76788753773 41.2728615522 0.00378847870027
228 -58.6471324746 6.82860778065 40.999802685 0.00491816517315
229 -58.7353961426 5.96583303639 40.5436764632 0.00606973156271
230 -58.8430554912 5.08967936874 40.1186315958 0.00229590065238
231 -58.9138951212 4.30949214244 39.5302542939 0.00549454003099
232 -59.1079516368 3.51319138651 38.9937606276 0.00251158271979
233 -59.2772892179 2.60053937343 38.6811795826 0.00316523172903
234 -59.3078582613 1.6707258435 38.3751377353 0.00465355023211
235 -59.548630232 0.764803248657 38.6583871615 0.00119287162792
236 -59.602266839 -0.181120824076 38.905716396 0.00537145111654
237 -60.0999407364 -0.935584460126 39.2821472592 0.00494318382006
238 -60.6892081251 -1.59318835352 39.7048516421 0.00349594228152
239 -61.1374538999 -2.2974912319 40.2159905319 0.00468737969976
240 -61.2057440211 -3.20317146592 40.5806304566 0.00292101978498
241 -61.310051613 -4.0891907257 40.9829159667 0.00349219993458
242 -61.4379447949 -5.05207806878 41.1009594716 0.0019272370449
243 -61.4529597568 -6.02481871171 40.9966332525 0.00427727432892
244 -61.4613974836 -7.00202201165 41.0423587634 0.00646402514183
245 -61.3569877105 -7.96064342702 40.8783919806 0.00338512455099
246 -61.0150934444 -8.85180528974 40.6650821094 0.00186946507739
247 -60.8193893674 -9.80811805484 40.6051715541 0.0125566364038
248 -60.7502545003 -10.7757930011 40.4846516013 0.00326828483959
249 -60.3577256945 -11.6706932482 40.4607850588 0.00581571997973
250 -59.52943224 -12.0876115837 40.7695387511 0.0045024712934
251 -58.7469945943 -12.524852132 41.1589013669 0.00257542625082
252 -57.8683863286 -12.8307203356 41.4576953578 0.0399098726652
253 -57.3502400551 -13.6247990631 41.6882771745 0.00563530757333
254 -56.4456536972 -13.968426954 41.812524213 0.00421952415311
255 -55.726443424 -14.6106783918 41.9600419876 0.00546531468024
256 -54.8460137686 -15.0292330046 41.9878529063 0.00585690264212
257 -53.8858550715 -15.1500906585 41.8686508953 0.00109322532139
258 -52.9191310029 -15.25530916 41.9394275937 0.00242461681539
259 -51.9809271477 -15.210269836 42.200700149 0.00192536177436
260 -51.0223777695 -15.3503674593 42.3097384793 0.00347130673765
261 -50.0486554113 -15.3675174445 42.3503276342 0.00417510888251
262 -49.1116660798 -15.2055012435 42.1367495803 0.00553792085926
263 -48.3176087863 -14.6878325952 41.9111235179 0.0115147216799
264 -47.6558024767 -14.2014617239 41.3874706072 0.00350295439492
265 -47.2340514398 -13.8445375458 40.5852535123 0.00673409091736
266 -47.0985177729 -13.3285219928 39.7705837012 0.00666268827143
267 -47.2581976827 -12.7872654811 38.9772821141 0.00386434376554
268 -47.3833665417 -12.1495157294 38.2527169052 0.00449056717314
269 -47.5634822494 -11.4796126009 37.5702467111 0.00569974760073
270 -47.3623769182 -10.6722911968 37.0661497685 0.00980930678519
271 -47.0716681638 -10.0054465875 36.4207969421 0.00747373814234
272 -47.3453497366 -9.32863438355 35.7788709051 0.00510000514148
273 -47.1248466097 -8.67572273793 35.0934857956 0.00601817712661
274 -46.9465273229 -8.1925876409 34.2693889405 0.00606641371841
275 -46.763093639 -7.74882581131 33.4997824702 0.00643841508495
276 -46.579060692 -7.28903796098 32.6686118901 0.00261979284494
277 -46.6833710205 -6.98762041062 31.7552343767 0.00578016503014
278 -47.240233092 -6.49636977677 31.13601481 0.00615696304924
279 -47.7637620403 -5.84270478265 30.6536933186 0.00939402381534
280 -48.4062548694 -5.23866148661 30.2597895771 0.00134166043378
281 -48.8615290446 -4.54549565423 29.7647964454 0.00960672641163
282 -48.6455170252 -3.74341981608 29.2732260071 0.00360402373358
283 -48.5917794165 -3.01576027668 28.6415608511 0.00363849980377
284 -48.3373317486 -2.35191377328 27.9892349449 0.00201121405349
285 -48.0023023817 -1.71347635543 27.3482563891 0.00435265487961
286 -47.8600517515 -0.954861948153 26.7700361683 0.00677045176524
287 -47.733513211 -0.109450112307 26.324706777 0.00626986389023
288 -47.4980330254 0.670039613783 25.8096636825 0.00411513657985
289 -47.250659694 1.29088140903 25.1158243037 0.00525626479545
290 -46.7236030849 1.8537120167 24.539104905 0.00632846112035
291 -46.2999420291 2.50265199769 23.9684050115 0.00382502395489
292 -45.8980648884 3.22287514632 23.472967137 0.00736205860185
293 -45.6254146811 3.97524051081 22.9397542023 0.00583526830478
294 -45.4104694835 4.53674454157 22.1895890343 0.00265548188736
295 -45.0954921785 5.13860399371 21.5096776822 0.00329366255712
296 -44.9336150325 5.72520592212 20.7659982448 0.00402742738709
297 -44.7879194159 6.44056936202 20.1418277684 0.00396760919399
298 -44.2703590295 7.15214677637 19.7578484911 0.00309863152122
299 -43.717064415 7.52010088072 19.0649564984 0.0061633047572
300 -43.2271254562 8.03009945265 18.4165227903 0.00489949980435
301 -42.6675588593 8.49854067867 17.7942308168 0.00472244422047
302 -42.4066771043 9.15727222844 17.1483915622 0.00373864976916
303 -42.2443914133 9.91245762396 16.581183789 0.00374482007248
304 -42.1582175355 10.7151978372 16.0655633117 0.00482060121082
305 -42.4335273994 11.4989062755 15.589285391 0.00239121654501
306 -42.8058263225 12.2608738391 15.1452196278 0.00641410946523
307 -42.9467691775 12.6167672792 14.8341389804 0.00144357726827
308 -43.1888910583 13.3415426134 14.2613974798 0.00232244470725
309 -43.3224435635 13.9874162443 13.5709190577 0.00411789430924
310 -43.653615881 14.7612138637 13.1213162358 0.00490504956605
311 -44.1344702587 15.3684313105 12.5646435201 0.00864899427305
312 -44.3131826449 15.8996751871 11.7936510818 0.00636003537044
313 -44.7165240584 16.4465876543 11.1263370768 0.00241428119081
314 -45.0252072002 16.6734747216 10.254357986 0.0114964528138
315 -45.326083757 16.7974390335 9.36053049444 0.00538871884828
316 -45.110370279 16.3190893499 8.56802695605 0.00604502768782
317 -44.3210758649 16.0499647437 8.11414245214 0.00197191556046
318 -43.6341149341 16.0719095713 8.76909029513 0.00417843001249
319 -43.0366029489 16.3911522306 9.43355266013 0.00467464172684
320 -42.4757319442 16.8322935923 10.0581524685 0.00366278111009
321 -41.8544774722 17.181953659 10.6828506554 0.00357050787527
322 -41.0165964624 17.4568042515 11.0286756569 0.0118553384136
323 -40.1529892697 17.8412951732 11.0068237769 0.00483767650558
324 -39.3496941223 18.3323926278 10.9263483893 0.00736518709412
325 -38.4905657933 18.6722574164 10.7326819891 0.00563835145108
326 -37.7163702076 19.1921266495 10.8739995198 0.00477941735659
327 -36.9282578551 19.6995813513 10.9724371241 0.00423948557212
328 -36.7943242003 20.3931357648 11.596058711 0.00363384122619
329 -36.8880250124 20.852576503 12.4130700698 0.00730983844786
330 -37.064476476 21.3617298473 13.1843182756 0.00372650156853
331 -37.4339528513 21.6477180663 14.0003828476 0.00418111597022
332 -37.895165753 21.8165116047 14.8015038109 0.00544482409651
333 -38.099377872 21.9826671772 15.7028391148 0.00411848691297
334 -38.329866134 22.542098875 16.4196435549 0.00623075446254
335 -38.7641511332 22.9853052727 17.1217061519 0.00420689505072
336 -39.4513197692 23.3631552633 17.6327510944 0.00342810504748
337 -40.3542106407 23.2178494554 17.4371416272 0.00663501028043
338 -41.2816971484 23.1332806291 17.3668356785 0.00524977525655
339 -42.1901623953 23.1784190718 17.5748600952 0.00473533820388
340 -43.0801892879 23.4398616675 17.6665409506 0.00407884920178
341 -43.8170613993 23.2482970561 18.2035377608 0.00359721182994
342 -44.6627638616 22.8825347414 18.3346465067 0.0022805543013
343 -45.3169028575 22.3212195803 18.6847914223 0.00517997916796
344 -45.449950309 21.5240160588 18.2258723145 0.00486961945644
345 -45.9861381613 21.0482907986 17.6355482388 0.00966192482182
346 -46.2462972488 20.8932028284 16.7593608748 0.00567917630717
347 -46.9193922888 20.9841408457 16.1308763684 0.00586160654207
348 -47.6732410577 20.5220839151 15.8637356758 0.00544115172532
349 -48.4813152621 20.2015950568 15.5552397358 0.00919087755774
350 -49.3315677756 19.8500472448 15.5488752327 0.00559990792445
351 -50.0940090071 19.3406735146 15.4923243197 0.00490606225801
352 -50.2410399852 18.8645130822 14.7211444233 0.00286228646113
353 -50.3138117536 18.2062238975 14.086647019 0.00380150576616
354 -50.0819132246 18.0166105683 13.2203437082 0.00404202713909
355 -49.9925597467 17.7330670646 12.3544236711 0.00526026634812
356 -49.6210035267 17.4899541825 11.5556234485 0.00765424443819
357 -49.5958220032 16.9583250266 10.8155499274 0.00305507107793
358 -49.3876699384 16.2881690034 10.2356030232 0.00329493323816
359 -49.2301714654 16.1512521758 9.34985360369 0.00599406981509
360 -49.7820458549 16.1107659948 8.63025394498 0.00865369851192
361 -50.4820176547 16.1100231092 8.05712443962 0.00627019584273
362 -51.1819373723 16.3583762444 7.54443071399 0.00731494610099
363 -51.7820333656 16.2740947395 6.87880830399 0.00609037676439
364 -51.3746309419 16.1395516002 6.0897000365 0.00418445702451
365 -50.9456381091 15.6462239577 5.47664085977 0.00810290800879
366 -50.4877352684 15.2516340242 4.81910158434 0.00426767039024
367 -50.0496571342 15.0829280518 4.06102633413 0.00829254548931
368 -49.6672719931 14.322553122 4.31183571842 0.00596427938495
369 -49.2715651844 13.6969298964 4.7967283647 0.00478300148149
370 -49.7374970079 12.9800751257 5.0150627656 0.00466272990748
371 -50.0466310534 12.3781367848 5.57868535756 0.00383933911662
372 -49.4866532504 11.7242307933 5.75245558077 0.0166460370436
373 -48.8670397872 11.2582388657 6.14664160314 0.00539866910356
374 -48.0951238705 11.0638127573 6.48919785743 0.00615516912027
375 -48.3345036747 11.4643028343 7.21609368329 0.00962639066936
376 -48.1841147419 12.0894233809 7.7831951944 0.00414712507359
377 -48.2494310964 12.7330526959 8.34154284317 0.00245004893552
378 -48.0796198796 13.0950863067 9.09549215261 0.00602355272441
379 -47.5247165702 13.5245928703 9.57254882974 0.00848814051067
380 -47.0555457498 13.9456199535 10.1313504947 0.00369946493652
381 -46.6271281098 14.1939882842 10.8096703684 0.00955227110759
382 -46.829688061 14.4144929622 11.5862860404 0.00120613821807
383 -46.0001876697 14.3885799524 11.5937211183 0.00495135931354
384 -45.255763929 14.0577921531 11.4594168053 0.0113753180598
385 -44.7360412028 14.2287526189 10.8544555896 0.00936538249518
386 -44.1948514359 14.6205241863 10.4043444567 0.036131619285
387 -43.9302984397 15.0428179593 9.83672553739 0.00768603501697
388 -44.0359020693 15.7655553542 9.9670765087 0.00436868712583
389 -44.2908628657 15.4175180922 10.562674906 0.00444931133192
390 -44.4066969874 14.7677176807 10.2586520708 0.0037765631327
391 -44.9895269864 14.6243678144 9.8612504212 0.0117564831399
392 -45.6324606524 14.8072927171 10.053372086 0.00565324977033
393 -46.1528749056 14.8757075551 10.4908112034 0.00872386502095
394 -45.9303597417 15.3539077788 10.8905772191 0.00395710366042
395 -46.2655789058 15.1858726896 11.4237256581 0.00306235230429
396 -46.0805507078 15.2510943329 12.0368160311 0.0059062627855
397 -45.7441140547 15.3315115289 12.5588735693 0.00980314474395
398 -45.312099646 15.6951834621 12.7436469284 0.00933532060743
399 -45.1970968809 15.4714385076 12.2416207147 0.0129281668407
400 -44.8403408872 15.1103754344 12.2509287272 0.0162533101422
401 -45.0910736368 14.789084213 12.3859277088 0.0162951970634
402 -44.917392813 14.9160859578 12.6355752236 0.0200372991834
403 -44.7734518054 15.0582885001 12.5722407222 0.0124672518466
404 -44.7862048485 14.9100618444 12.5725521201 0.00834977132667
405 -44.8029575185 14.874724013 12.6757813775 0.0115034551986
406 -44.8338591024 14.9030121252 12.6249931147 0.0107667922021
407 -44.8592658786 14.9180503238 12.6348725672 0.0132069929031
408 -44.8631823928 14.9184299499 12.6343532102 0.0044915686782
