0 -0.23943064828 -0.163028891523 0.950363975359 0.00416748944291
1 -0.323290589511 -0.373467493391 1.91770692128 0.00242873888824
2 -0.537616466229 -0.571594272196 2.86736560271 0.00460029677335
3 -0.769540723737 -0.766195750245 3.81359100165 0.00307411294506
4 -1.0233023136 -0.829117673704 4.77204080223 0.0024222258198
5 -1.24283587163 -0.893110671159 5.7388256672 0.00726294484162
6 -1.58150721454 -0.938389217928 6.67163769413 0.00379835516784
7 -1.84902934176 -1.08608018862 7.61687760318 0.00465069011447
8 -2.16199560443 -1.12036329231 8.55905302123 0.0119618710684
9 -2.43623741892 -1.02061440077 9.50855720164 0.00481760871643
10 -2.8612890733 -0.889361029083 10.3966745899 0.00358220239557
11 -3.30847660004 -0.733231080602 11.2697484361 0.0412457429776
12 -3.75667519042 -0.479858052876 12.1189528431 0.000863844503745
13 -4.16174013141 -0.314607605428 13.0104974682 0.00353063423127
14 -4.50776634672 -0.136170706517 13.9240836957 0.00706416483916
15 -4.87772240737 0.0778443527418 14.820448895 0.000945262424764
16 -5.25030213896 0.165655151762 15.7367532848 0.0118960479253
17 -5.69823215242 0.193070844792 16.6225422422 0.00440200477016
18 -5.99129264828 0.198256952011 17.5712725297 0.00210249550996
19 -6.32710127123 0.110994520811 18.5016434813 0.00491056153113
20 -6.67630757445 -0.027501737391 19.4207702688 0.00789708125717
21 -7.02448827457 -0.308319310487 20.3071909886 0.00213289428274
22 -7.40885190088 -0.60039721062 21.1748063884 0.00420477873949
23 -7.88125335249 -0.981143257586 21.9606798859 0.0325019509818
24 -8.32695912064 -1.41617554746 22.7336561822 0.00441576133137
25 -8.70972123525 -1.88354989353 23.5213199695 0.00911685562355
26 -9.04210802711 -2.39408740266 24.3049878946 0.00601767673991
27 -9.2172172649 -2.85398585377 25.1670002261 0.00559758451717
28 -9.30728029699 -3.2765312638 26.0606080976 0.0069988712256
29 -9.49000855881 -3.7388705072 26.9196514607 0.00239040707813
30 -9.6543057017 -4.19871929085 27.7837263096 0.00221498747291
31 -9.76153631989 -4.61938003313 28.6762593947 0.00169736007864
32 -9.69651058745 -5.21067287473 29.4707112239 0.00387059643709
33 -9.59371720333 -5.74502705525 30.300700434 0.00247597212383
34 -9.43145397312 -6.16701128406 31.1842048209 0.0020164167811
35 -9.29324280959 -6.64622593507 32.0422247842 0.0029737950899
36 -9.12972360633 -7.07158211386 32.9238480799 0.00804804695822
37 -8.91057397427 -7.53749229756 33.7722147505 0.00374724206608
38 -8.72484936679 -8.14642479715 34.533434624 0.00305310209833
39 -8.57284505582 -8.80977542811 35.2556261042 0.00249927206109
40 -8.28661591994 -9.46807092912 35.940738486 0.00356332195339
41 -7.81695621407 -10.1305750723 36.5109055207 0.0042259970944
42 -7.2895021333 -10.6754604855 37.1507881851 0.00306188332599
43 -6.66131803149 -11.2574031807 37.651996593 0.00444588283045
44 -6.00107064728 -11.8657477755 38.074375535 0.0103667298779
45 -5.20511757362 -12.4532530173 38.1488571641 0.00284699698972
46 -4.41319668298 -13.043890832 38.2395643349 0.00134430200277
47 -3.61218026504 -13.6274227348 38.1941137339 0.00344822222928
48 -2.8157823849 -14.2090372292 38.0862220096 0.00219649361565
49 -2.00038123783 -14.7668181859 37.9959953171 0.00568850384949
50 -1.05438857139 -15.0153876521 37.830495661 0.00463912660162
51 -0.109066597723 -15.3153349376 37.8100997074 0.00310126549108
52 0.861428060282 -15.5205450041 37.8133714651 0.00388710547815
53 1.84968818545 -15.5403362603 37.730375261 0.0038467276703
54 2.8298351474 -15.5928163819 37.5873564333 0.00579636083142
55 3.79353071015 -15.379420415 37.4894880943 0.0128896322577
56 4.75291799916 -15.1492601624 37.3881286801 0.00693214895113
57 5.67817713357 -14.8180291149 37.2548196414 0.00411004090793
58 6.61909132965 -14.5744797998 37.0575637796 0.0111151231435
59 7.53228915569 -14.1896893379 37.0950463103 0.005268173456
60 8.42097981756 -13.7516798108 37.1364021246 0.00305416751968
61 9.31033702979 -13.3137723426 37.1123978273 0.0037849903533
62 10.1779483822 -12.8455069289 37.0064301114 0.00455171937454
63 11.0068482752 -12.3249680562 36.8478042714 0.00457401166447
64 11.7247267975 -11.6804948424 36.6187788527 0.00616124530631
65 12.4448348321 -10.9989958889 36.6264175329 0.00341573747274
66 13.1379615728 -10.2900635598 36.6252501648 0.00451934143636
67 13.644249752 -9.45483872801 36.7956413908 0.00256144671512
68 14.0840252456 -8.6016467604 37.0438323735 0.00544351075773
69 14.4953257352 -7.78809857108 37.4335305963 0.00408048778517
70 14.7978130449 -6.92143997235 37.8080187282 0.00374730447645
71 15.0430940466 -6.06894044163 38.250608957 0.00454598914814
72 15.1568594269 -5.14232307736 38.5840121345 0.00838140905696
73 15.2189627124 -4.16405356796 38.7313713009 0.00363766045762
74 15.3601241775 -3.22980229566 39.0310416299 0.00626120632508
75 15.4624420563 -2.36793414271 39.5098171595 0.0212396463743
76 15.6675916726 -1.54619234282 40.0244894168 0.0087772953911
77 15.6413642936 -0.711030358266 40.5573442979 0.0100472627783
78 15.7406200425 0.11803237496 41.0909926833 0.00574909501821
79 15.8182788855 0.94138018824 41.6368567474 0.00451918584956
80 15.8308395577 1.80252081869 42.1268536618 0.00613665447442
81 15.5985567008 2.60576822385 42.6584375599 0.00255030966174
82 15.0786391466 3.24942847553 43.2035046829 0.00696309758791
83 14.4537813114 3.65471031291 43.8569188418 0.00539391395858
84 13.8216580107 3.97380857938 44.5498729316 0.00672499935409
85 13.0838878363 4.31357118219 45.1170561635 0.00527846077108
86 12.2116341977 4.56482645138 45.5137352602 0.00325446145387
87 11.3176446628 4.83225522982 45.8461671696 0.00285900784364
88 10.444093139 5.13163626159 46.2046193848 0.00353154360437
89 9.5445493962 5.27899757953 46.5922645116 0.0145860032047
90 9.40449281008 4.46197308231 47.134337009 0.00649614177796
91 9.41013039152 3.61369499212 47.6454821582 0.00402210752466
92 9.36759016688 2.80552059121 48.2163412381 0.00536731898142
93 9.5110093927 1.87309383705 48.5174824553 0.00256573807369
94 9.54205748824 0.883440103838 48.5024443945 0.00480764016851
95 9.59363978923 -0.0950718519155 48.3596549141 0.00647605560791
96 9.42072360944 -1.04040994487 48.1211595729 0.00451123605154
97 9.29522455286 -1.99829818201 47.9042065179 0.00469725972801
98 9.30107205734 -2.92062882812 47.5442171569 0.00447603079973
99 9.35232177548 -3.81237997865 47.1171118875 0.00480077484599
100 9.36350847684 -4.69921324757 46.6771201545 0.0081513498998
101 9.43484370314 -5.46920038916 46.0589353906 0.0119879927235
102 9.44466547546 -6.11447676912 45.3082645822 0.00301060310204
103 9.53184910571 -6.77836724729 44.5791748024 0.00330889028196
104 9.57744767614 -7.40960194396 43.818025691 0.0073112536837
105 9.80575549878 -8.12009131333 43.1678049827 0.00814865331385
106 9.99114610158 -8.8791456008 42.5603387071 0.00330037774897
107 10.3744441728 -9.51206620215 41.9030658231 0.0125528633392
108 10.8393177261 -10.3207557954 41.5727720507 0.00361227499837
109 11.2356027852 -11.0258724964 41.0027178692 0.00351962899561
110 11.6667410503 -11.7453803501 40.4777975135 0.00445410693222
111 12.1472521807 -12.4220544208 39.9390394744 0.00314297447925
112 12.7011490245 -13.091901574 39.4663221344 0.00250378113303
113 13.3269539355 -13.8020173736 39.1782828763 0.00518160503853
114 13.9777322026 -14.4932619128 38.9000106764 0.00459384815412
115 14.6300513836 -15.0987759506 38.4680906044 0.00469232774601
116 15.2730671229 -15.7468974643 38.0871831405 0.00592689471136
117 15.9641025568 -16.284832531 37.6271484797 0.00318124275458
118 16.7662568535 -16.7891362389 37.3431504928 0.00392570702361
119 17.603304185 -17.2457522665 37.0800831983 0.0135872862176
120 18.4396530009 -17.6928014702 36.7994332198 0.0064579159756
121 19.3171020483 -18.1247242236 36.6528831146 0.00350086317194
122 20.2536668557 -18.3724126136 36.4544221065 0.00429020708046
123 21.230633926 -18.4679668244 36.3352517404 0.00242256659155
124 22.1817301079 -18.265988115 36.1553157291 0.00457006716033
125 23.1222166421 -17.9958791819 36.0132311562 0.00367508221375
126 24.04675966 -17.6750170368 35.8723175915 0.00606111853531
127 24.9203137459 -17.2430781681 35.7055743059 0.00376046321467
128 25.6868601714 -16.7088471483 35.3824192128 0.00400565592262
129 26.4310067712 -16.1685376222 35.0195600709 0.00407881128889
130 27.1046310681 -15.4953876907 34.7543274547 0.00422080957638
131 27.8241640897 -14.8459142966 34.5604033366 0.00298048002636
132 28.155085937 -14.1840836506 33.9048780269 0.00740616524466
133 28.4263370964 -13.5876116202 33.2965170434 0.00336936486723
134 28.6284645003 -13.1166431623 32.457809544 0.0174375307995
135 28.5381062652 -12.5994610438 31.6272907102 0.00629394945255
136 28.2453468475 -12.3915734438 30.7127884061 0.00456517508255
137 28.0337534135 -12.2933214832 29.758495344 0.00417335746896
138 27.9326623777 -11.9427552046 28.8464834407 0.00391020097606
139 28.3626222156 -11.4228063241 28.1328242273 0.00405629533064
140 28.9076818473 -10.8943525412 27.5099888068 0.00270309274961
141 29.3037811999 -10.307080936 26.8299685829 0.00282575438985
142 29.5855505046 -9.7244810992 26.0915065436 0.00280407220207
143 29.8663429965 -9.27644567274 25.2641426529 0.00517496022993
144 29.8459811446 -8.45398931607 24.7286140755 0.00365895639189
145 29.8156734801 -7.59325863385 24.2578013991 0.00306959417434
146 29.6105025932 -6.65377307449 24.0616841144 0.0125530523814
147 29.184136189 -5.77705427656 23.9512663894 0.00308161941346
148 28.7838710182 -4.88137744623 23.9557696785 0.00653338728642
149 28.3043138496 -4.0261025953 23.929264863 0.00429150169271
150 27.6867955936 -3.29613545223 24.1479551382 0.00256523853826
151 27.2484616835 -2.41880007417 24.1494175468 0.00212377067936
152 26.8301951524 -1.54523094783 23.9954594468 0.00408225858886
153 26.4389913048 -0.669627362332 23.7908328378 0.00375264844915
154 26.0615542132 0.220317875918 23.6266801907 0.00342825427957
155 25.3916400751 0.824404184986 24.0108939551 0.00794321175519
156 24.5947515362 1.2464152047 24.3953681749 0.00295599969343
157 23.7510538346 1.55491550894 24.7875514718 0.00351576558432
158 22.8445979237 1.80427011582 25.0645751105 0.00490216756411
159 21.9782185066 2.14831369575 25.3668525269 0.00267060058287
160 21.0885030945 2.39033034545 25.6986141932 0.00333818445679
161 20.2051726889 2.62593522899 26.0511655938 0.0055877426407
162 19.388192989 2.91609501849 26.5074588312 0.00377370942316
163 18.7791123637 3.3116330257 27.1650208816 0.0035419380252
164 18.0656160574 3.81296705145 27.6111828954 0.00412595202312
165 17.1643416425 3.93734022087 27.9737416957 0.00333404241912
166 16.2431796881 3.88112159196 28.30134351 0.0047868427576
167 15.4137128946 3.60278477442 28.7410556137 0.00362608705711
168 14.5737562769 3.39080474058 29.1973338607 0.00614134786945
169 13.7233143032 3.13444156558 29.6088231029 0.00575944091874
170 12.9572733833 2.74576571142 30.0780088685 0.00559444264143
171 12.3038740179 2.18731539837 30.5458966827 0.0204982081626
172 11.6575147652 1.68809128604 31.0840545702 0.00861979360009
173 11.0258503145 0.985419295014 31.3354511529 0.00567332728437
174 10.3126647681 1.5126974758 31.7465945265 0.00340523426339
175 9.59168147618 2.04157730109 32.1415015332 0.0047306811352
176 8.65615220937 2.05619646786 31.8591705003 0.00262098210514
177 7.73096148798 1.97467531503 31.5552508507 0.00297030958143
178 6.79463076588 1.83586073225 31.3127659103 0.00120808041836
179 5.83961024566 1.68648945296 31.1702750423 0.0065567632778
180 5.19886501939 1.42577131156 30.4802709334 0.00113116644942
181 4.57862358454 1.33670488114 29.7306045291 0.00304572540165
182 3.88841267294 1.26238837905 29.0432486778 0.00313468693213
183 3.34423481328 1.31754869391 28.2338356858 0.00385023143783
184 2.89610022227 1.31472484516 27.3658922958 0.00343594387627
185 2.57355231366 1.26563411888 26.4452567465 0.00919166097082
186 2.24064108629 1.35520380806 25.5317113659 0.00634481617172
187 1.95085238747 1.36154552201 24.5995016936 0.00308070803196
188 1.65562709591 1.28254567131 23.6724510413 0.00677393884364
189 1.30139377336 1.36211445827 22.7666221468 0.0069450678967
190 1.01279272845 1.32515636273 21.8353589406 0.0307147794661
191 0.822046309934 1.13061918279 20.8996691679 0.00502503026027
192 1.27123121764 0.638558152881 20.1889262245 0.00439328789332
193 1.60199982577 0.188101168129 19.3911074997 0.00147463223473
194 2.09956788818 0.263657848172 18.557145415 0.0368323126147
195 2.68482081654 0.49391494946 17.8153944158 0.00425966062469
196 3.17718826305 0.789883637161 17.0309084248 0.00477943816366
197 3.88748440429 1.08211533601 16.4351972181 0.00190066297587
198 4.47109566857 1.52977990648 15.799846065 0.00578296978312
199 5.03121106573 2.07881455619 15.2263130059 0.0108921626767
200 4.62308222773 2.72851944135 14.6309206701 0.00759478901225
201 3.85802644659 3.21389469675 14.2825457555 0.00473473718572
202 3.05034707033 3.62326357369 13.9334002898 0.00406343618655
203 2.24265535674 4.13731042384 13.7760873909 0.00575870771634
204 1.50284831511 4.63328573899 13.3918548305 0.00375835432339
205 0.944553615047 5.06252522653 12.724811336 0.0039512044238
206 0.242879244786 5.55612045366 12.2728384122 0.00410492739793
207 -0.346614813156 6.25678605887 11.9545251258 0.00827492498109
208 -1.24961006967 6.49386846757 12.2139449021 0.00324924553581
209 -2.13334655156 6.47724276576 12.6106935662 0.0051005546152
210 -3.01823297745 6.26337838731 12.9413702915 0.00195075882213
211 -3.95498702154 6.09504983012 13.1202133763 0.00463461057276
212 -4.82674849848 5.70561862725 13.2805797007 0.00259340147977
213 -5.47580495917 5.02982799774 13.5237672325 0.00128104541947
214 -5.89464188634 4.23389821971 13.8817040816 0.0066626306969
215 -6.20316338148 3.34862359234 14.1212215629 0.00548946895197
216 -6.39314195551 2.41685143978 14.2982925302 0.00694757402328
217 -6.85219936645 1.56939175983 14.3753228334 0.00320275553049
218 -7.04239466799 0.621701393109 14.3895095355 0.00453826030417
219 -7.3191379308 -0.303576032147 14.3540399027 0.00219496475917
220 -7.58621918424 -1.22899379809 14.431557076 0.00197942944101
221 -7.99459805237 -2.0831883713 14.6242401613 0.00341597235623
222 -8.03729770454 -3.01830285341 14.8628101218 0.00287734356722
223 -8.42391103117 -3.82301731106 15.2314550604 0.00554543515422
224 -8.83930118336 -4.60361808875 15.6192876233 0.00303323933222
225 -9.37880755149 -5.15094119739 16.203695169 0.00306930925404
226 -9.97373751371 -5.79236398192 16.6114041115 0.00293197560233
227 -10.4829572637 -6.56988965362 16.8707700855 0.00505771459439
228 -10.9712451072 -7.29589023089 17.2771150871 0.00409405235838
229 -11.1300894537 -8.21358779126 17.5272933081 0.00291158312687
230 -11.4281036823 -9.10982864644 17.72103186 0.00160012814846
231 -11.4419022808 -9.87966373596 18.3014752263 0.0181495529044
232 -11.27098718 -10.8238887405 18.2225897499 0.00343549868083
233 -11.1679367244 -11.7771488813 18.1376696786 0.00532463249412
234 -11.2111708037 -12.7369218696 18.0850165329 0.00364502841418
235 -11.1740784432 -13.6489681335 17.7813532374 0.00217653213233
236 -11.5545110579 -14.2677660951 18.4121144133 0.00220318635703
237 -11.8399385013 -14.8419273963 19.0539819558 0.00608314988143
238 -11.9919174566 -15.3817697504 19.8313050781 0.00276297338355
239 -12.1470920581 -15.8716189815 20.640224893 0.00546395724996
240 -11.8851212084 -16.7298350282 20.9742485694 0.00439605112236
241 -11.6317329562 -17.4030034453 21.4083533288 0.0028658657707
242 -11.9201119582 -18.1529780887 21.9110325043 0.00376010383331
243 -11.9132624172 -18.673934125 22.7026268032 0.00269279438067
244 -11.6358584361 -19.1281093539 23.486325393 0.007418831902
245 -11.4979789684 -19.647448814 24.2653645879 0.00328846435793
246 -11.0823142401 -19.8704674687 25.0853783811 0.00296446405498
247 -11.1542148971 -20.768564602 25.3707414358 0.00410197393606
248 -10.9795946816 -21.6886807001 25.2485794042 0.00193552194472
249 -10.6603883202 -22.56315017 25.4065767355 0.00312307581851
250 -10.1973996461 -23.3840416379 25.3567151656 0.00169075862103
251 -9.69045739365 -24.1726206258 25.2497771169 0.00220834804722
252 -9.14266473481 -24.7640861908 24.7596721971 0.00380401564791
253 -8.27629829445 -25.0788878155 24.5620565217 0.00843942473674
254 -7.45574080882 -25.5404467412 24.5669826547 0.011987148405
255 -6.72021252606 -25.7221398527 25.1233461481 0.00248124441977
256 -5.80403568546 -25.755276994 25.3279196166 0.00507524554056
257 -4.91929092394 -26.0197301656 25.4955137222 0.00391038125906
258 -4.03864172535 -26.205164477 25.7596452892 0.000957314192766
259 -3.13962588208 -26.3282253514 25.5229973844 0.00328384962531
260 -2.28065239337 -26.7008774706 25.5624136678 0.00327721329736
261 -1.36484958546 -26.7617709729 25.3756073089 0.00313020413502
262 -0.649247615587 -26.8312556783 25.9756341461 0.00458458013788
263 -0.376232933541 -26.9281769844 26.8658045846 0.00334120632224
264 0.147183844179 -27.3163736228 27.5365541828 0.00121571649529
265 0.767473595791 -27.4632129159 28.2205730044 0.00476666043499
266 1.44686283555 -27.7066308482 28.8134958429 0.00560566538945
267 2.14491248006 -28.0392029051 29.3354409437 0.00818692268812
268 2.86060972187 -28.5742539617 29.5971525728 0.00582675684818
269 3.52831745424 -29.0396772013 30.0473782807 0.00960907611793
270 3.2685789467 -28.3394218531 30.5986792561 0.00126518488296
271 2.933158358 -27.4972265425 30.795892153 0.00287031001101
272 3.07601642875 -26.6868916424 31.2234830717 0.00676822969006
273 2.95466408819 -25.774246295 31.3191577801 0.010805116539
274 2.88864807373 -24.8885899963 31.5715028069 0.00568642584259
275 2.78612201986 -23.9737926325 31.6210367438 0.0113547448071
276 2.71577721936 -23.1090628711 31.3174045549 0.00916031663815
277 1.92766970009 -22.6716661037 31.1501900493 0.00469652921226
278 1.11167920825 -22.3015431774 30.9624064175 0.00604551180594
279 0.479356475559 -21.6432399163 31.0043010208 0.00265985213293
280 -0.319208987829 -21.4169712127 31.3851221225 0.00830864821272
281 -1.18225830144 -21.3866331117 31.6742228386 0.00500334961704
282 -2.02545770658 -21.7188055663 31.7454433778 0.0048707074122
283 -2.7368231296 -21.1870568489 31.9323159391 0.0053402856767
284 -3.38946455196 -20.5589731926 31.9224853721 0.00656943075154
285 -4.16709553871 -20.1197041891 31.7847405536 0.00673078212918
286 -4.76898061426 -20.0258028266 31.1195082025 0.00876743808375
287 -5.49132247659 -20.1787112444 30.607340897 0.00484357842662
288 -6.12674595232 -20.2832441882 29.9829198699 0.00744137443644
289 -6.68407597403 -20.3705308452 29.2890385064 0.00418029263841
290 -7.09789692678 -19.6463672119 28.9728802083 0.00698390710045
291 -7.79286440945 -19.2073564137 29.3116671992 0.00413018729219
292 -8.54002444667 -18.9981936049 29.7424094319 0.00505600010808
293 -9.33746574916 -18.6221689476 29.8179763477 0.00585821412025
294 -10.141920946 -18.2973278362 29.9780899275 0.0056523254438
295 -10.7101518937 -17.6289331057 30.0399771958 0.004396293226
296 -11.2540590669 -16.9527770408 30.1690378768 0.0162632404032
297 -11.9278911934 -16.6950880264 30.6536079886 0.00395897946421
298 -11.9787729243 -16.4107798006 31.4717495734 0.00607203541931
299 -11.9448524627 -16.0284920022 32.245733071 0.00855042502299
300 -12.0740522334 -15.330835507 32.727920967 0.00391337205103
301 -12.5610093499 -14.6834679808 32.4544685082 0.00579464004197
302 -13.3430243545 -14.4809969666 32.1866803185 0.00297937153087
303 -13.8588904766 -15.1447025624 32.3044097635 0.00260927706353
304 -14.1715698778 -15.8180692445 32.7126410129 0.00590304018254
305 -14.4715469057 -16.50989996 33.0891001072 0.00347827004006
306 -14.792072307 -16.0975075098 33.7479492507 0.00306815018539
307 -15.5143280501 -16.5144084891 33.671940802 0.00684250005711
308 -15.5633763854 -16.9732436571 32.9786608837 0.00543451400127
309 -16.0717913559 -17.1812039135 32.3592627899 0.00609086573626
310 -16.8094077014 -17.3804344345 32.0570292449 0.00599068177532
311 -17.5944336748 -17.5996683338 32.0888163728 0.00707094581208
312 -18.221658049 -17.2837759184 32.4901769594 0.0221767647907
313 -18.6215139037 -16.8416977941 32.9932604971 0.00851399162203
314 -18.9778009608 -17.0360181814 33.6460218704 0.0103593518173
315 -19.2786425956 -17.7219192186 33.5822018734 0.00409501513263
316 -19.9688005725 -17.8974358467 33.8015961203 0.00582520090516
317 -20.2342536369 -17.8417964112 34.4863264811 0.00861070206122
318 -20.1749546594 -17.7039242188 35.1914432346 0.00276650368159
319 -20.0678328746 -17.1090434612 34.8104622519 0.00473906885909
320 -19.6363521763 -17.003528216 34.2624577706 0.0109388360639
321 -20.2960069779 -17.1524892974 34.188382581 0.0178923262406
322 -20.1632476633 -17.7486092773 34.0199346333 0.0326787938232
323 -19.7710676762 -18.0839562297 34.0521344152 0.00302986914675
324 -19.6870493494 -17.6460180687 34.2867538933 0.0208281369216
325 -19.7610669853 -17.3141730901 34.0745643266 0.0118691973281
326 -19.7787498489 -17.0008861295 34.1499166964 0.00534687520893
327 -19.6568086288 -17.2569914014 34.2066101719 0.0104066593281
328 -19.8097998165 -17.0899230698 34.170045348 0.010851856607
329 -19.6630239329 -17.0192384808 34.2269812541 0.00983324763639
330 -19.7532524924 -17.022790296 34.3139684624 0.00663234346605
331 -19.8003924432 -17.0115431564 34.3982188956 0.00756827116031
332 -19.8401546065 -16.9579156503 34.4125969222 0.0052710035814
333 -19.8058415655 -16.9936983482 34.4082323837 0.00657018941679
334 -19.7783871357 -16.9995594104 34.4190582246 0.00702380677315
335 -19.7858477029 -17.0086305231 34.4127611232 0.0102746953446
