0 0.838127723123 -0.33838407473 0.412281026239 0.00188242534433
1 1.61702949591 -0.858298492507 0.743806968173 0.00995514248592
2 2.4464553644 -1.3079284798 1.05478280241 0.00434136906482
3 3.24658666259 -1.60370795415 1.56382417051 0.00514087553966
4 3.66327326422 -1.81366152273 1.91102191631 0.00703354111598
5 4.52642988477 -2.10694223185 2.29913496149 0.0160972056537
6 5.31882645627 -2.47422427766 2.76677049186 0.00299181020354
7 5.51856035532 -3.25658770934 3.34077061694 0.00637331538378
8 6.01193732231 -3.88317116102 3.92843158694 0.00292295053196
9 6.56185158777 -4.4241379862 4.54995536967 0.00163715784064
10 7.05995126872 -4.97525639014 5.20531572211 0.00789879248766
11 7.63695595461 -5.41423829642 5.88028420592 0.00335087801968
12 8.27486442554 -5.76811546952 6.55036855987 0.00445286613716
13 8.89785342018 -6.00201137525 7.28406334981 0.00219436813683
14 9.47684417132 -6.18724618951 8.06609835031 0.00378654589245
15 10.089688789 -6.2384507621 8.84253894603 0.00330422257462
16 10.6571388239 -6.20762074025 9.65375887677 0.0084842172704
17 11.1870690143 -6.10253817691 10.4838425155 0.00755581355401
18 11.7245412373 -5.98650696929 11.307521147 0.00975562179484
19 12.25312481 -5.94129202858 12.1436996492 0.00367747496307
20 12.8115964784 -5.77927118464 12.945211225 0.00446016682765
21 13.1103126924 -5.55921122092 13.8633072537 0.00131965013712
22 13.3774785418 -5.40234854594 14.8038217327 0.001366212842
23 13.5555866419 -5.16539480449 15.7486297966 0.00368836245535
24 14.3000234508 -5.12592854136 16.4002211533 0.00781918035084
25 15.0608738683 -5.05986871697 17.0302378098 0.00307493246973
26 15.7105742028 -4.96316495891 17.7709923017 0.00663577076691
27 16.3876922142 -4.93662436729 18.4927036496 0.00609245603294
28 17.0764107145 -4.77747293816 19.1857280883 0.00876029113541
29 17.7126815632 -4.33252390947 19.7996841102 0.00276638622257
30 18.1783954524 -3.78150040222 20.4773474042 0.00261918181965
31 18.4116629057 -3.2483168209 21.2780122489 0.0064680625308
32 18.7299430103 -2.65252733432 22.0014373232 0.00308931291836
33 19.0987752045 -2.05169527943 22.6960648427 0.00972163456846
34 19.2871182906 -1.66707463124 23.5882979291 0.00381765725361
35 19.31889436 -1.13773290542 24.4238650532 0.00470172189133
36 19.3296698344 -0.641676891858 25.2800934741 0.00459448909975
37 19.2693866646 -0.132447214983 26.1264260203 0.0052929055552
38 19.3115753585 -0.043620564152 26.5022671015 0.00171040594009
39 19.4315116137 0.349497581136 27.4023368567 0.00376391483545
40 19.4478600528 0.571871208273 28.3663443062 0.0052777649222
41 19.2291129666 0.75009311132 29.3146628178 0.00320580170355
42 19.0586965223 0.855147014601 30.2835794225 0.00416465004559
43 18.8204879769 0.783426847568 31.2411316487 0.00322354135324
44 18.513169777 0.682005075024 32.176004632 0.00807667401617
45 18.33116367 0.677997630517 33.1483486858 0.00329577676273
46 18.2308414356 0.814862812621 34.1228940945 0.00655623785031
47 18.1353828587 0.905080869555 35.1032842955 0.00686636762378
48 17.8067667622 0.85412394725 36.0347702834 0.00469204540544
49 17.4853169897 0.868774059383 36.9699812686 0.00381722882515
50 17.1386903599 0.784494329764 37.8923849762 0.002861364569
51 16.9352335595 0.622331078872 38.8465115003 0.00307639212547
52 16.5964680657 0.370781559677 39.7408872392 0.00329054731875
53 16.4887936842 -0.0877498302475 40.6103821098 0.00427617271914
54 16.3663295397 -0.514949986228 41.4937246408 0.00366943820518
55 16.1444345688 -0.868127712893 42.3902491392 0.008537963604
56 15.951512793 -1.26550292506 43.2747964399 0.00493150492683
57 15.7907692944 -1.61019380364 44.1873861875 0.0041949398941
58 15.6972979291 -1.91572626739 45.1229689901 0.00509516214427
59 15.7190330055 -2.28478323681 46.0398165301 0.00324755675064
60 15.7859712894 -2.60533311181 46.97255285 0.00266823055003
61 15.8322923157 -2.89926643545 47.9152299526 0.0196096187635
62 15.74775461 -3.00316233942 48.8944442241 0.00155696052062
63 15.7141689924 -3.17838842783 49.8665197422 0.00548215130803
64 15.6905066807 -3.37017430464 50.8356958415 0.00405886352125
65 15.5913797857 -3.61000896903 51.7892145744 0.00272762215112
66 15.3119055274 -3.92720249888 52.6823678906 0.00705721190682
67 15.0187437842 -4.39017852562 53.504527396 0.0073198635955
68 14.6617427193 -4.81382700124 54.322540249 0.0038509408872
69 14.4681034158 -5.2101075014 55.2065649107 0.00434748585747
70 14.086373465 -5.57102521459 56.043179308 0.0073520788374
71 13.968167472 -6.08737399924 56.8769338583 0.00547123333229
72 13.8436572829 -6.6054336401 57.7086314653 0.00344930799578
73 13.7328545949 -7.25035188205 58.4484101175 0.00256071525965
74 13.7145840033 -8.02080043119 59.0659980547 0.00466660660592
75 13.627023651 -8.84559150793 59.6019493216 0.0064849452521
76 13.540732122 -9.63598968901 60.1875148518 0.0040603784461
77 13.5158157295 -10.4330175809 60.769829667 0.00530257870122
78 13.6403900437 -11.0706811861 61.5133332737 0.00187738542283
79 13.8928982723 -11.6322719165 62.2851885551 0.00349531927765
80 14.0137987407 -12.1520561143 63.115893111 0.00342693241488
81 14.180773817 -12.6471477366 63.9536215904 0.00602643291796
82 14.4584749543 -13.0959798961 64.7879290016 0.00275042267273
83 14.7371484041 -13.4791693503 65.6540126563 0.0192905170868
84 14.9620772216 -13.8009352194 66.5595631711 0.00482882825252
85 15.2113143418 -14.1161929303 67.4609601 0.0010525611635
86 15.5308049799 -14.3989520895 68.35088147 0.00599053485492
87 15.9323661414 -14.2082373251 69.2319058404 0.00482676090009
88 16.3437309409 -13.9490472838 70.0905589923 0.00177453521883
89 16.8012744808 -13.7433044875 70.9402393282 0.00399606983871
90 17.2928050804 -13.4846407785 71.7557107976 0.0060682155435
91 17.7761926625 -13.2450940485 72.5817289183 0.00596923675562
92 18.3250806867 -12.9602249602 73.3503141716 0.00324151213683
93 18.5014124963 -12.4950293558 74.2021525117 0.00588286476347
94 18.5645422221 -11.8852229635 74.974849855 0.0025927471244
95 18.6501184295 -11.3275470431 75.7838873661 0.00347676221179
96 18.4915136696 -10.6493823113 76.4821933372 0.00595221737505
97 18.2908777438 -10.0326804648 77.2251506811 0.00872538760732
98 17.824109123 -9.66279655698 78.0110668934 0.00199865690277
99 17.2737690765 -9.30366038084 78.7461896007 0.00330536053935
100 16.7062386427 -8.90135899442 79.4449049533 0.00349092204315
101 16.1450970552 -8.52945828915 80.1652288801 0.00748505265573
102 15.6073295813 -8.43091715565 80.9856034443 0.00295232134147
103 15.0440865154 -8.39996664135 81.7940735105 0.00117787281982
104 14.5590002979 -8.44350605713 82.6511768228 0.00457925446132
105 14.0076196458 -8.55407220424 83.4607530795 0.00461773998328
106 13.6630326372 -8.68919885838 84.0929940775 0.00419856893914
107 13.1196007228 -8.84940037218 84.8986802422 0.00238039442891
108 12.5492074267 -8.83280318137 85.7014325163 0.00536419900944
109 11.9586154407 -8.90606153513 86.4860875913 0.00325939713939
110 11.4158794875 -8.91952382855 87.3076911183 0.00224369783343
111 10.8002345556 -9.00681312166 88.0712465698 0.00320394434033
112 10.2815207636 -9.0083504959 88.9082334731 0.00686269285905
113 9.77489985384 -8.7268736169 89.7041352866 0.00533943348364
114 9.2211342382 -8.51707393487 90.4905811496 0.00208023632094
115 8.63901551437 -8.30293593679 91.2550185631 0.00512744809824
116 8.07455762692 -8.2378225785 92.0588165608 0.00479290344321
117 7.66232136423 -8.44532369035 92.9282108064 0.00249423742984
118 6.89396792078 -8.8327147454 93.4057362062 0.00717637757432
119 6.33838407663 -9.26668910992 94.092284558 0.00713410209786
120 5.59165117554 -9.62817412276 94.6211703489 0.00713234997207
121 4.88020066413 -9.98084145027 95.2018990507 0.00289387117523
122 4.24244602172 -10.3952330033 95.8258034647 0.00322954337314
123 3.78542552101 -10.9638710063 96.4856531792 0.00375132240886
124 3.37799619405 -11.5469408262 97.1650127408 0.00273736911988
125 2.94538938333 -12.2141710466 97.7437899262 0.00464607502686
126 2.52877659569 -13.0417405141 98.0733230169 0.00600430552037
127 2.19343229715 -13.9203408435 98.3603740025 0.00453684448167
128 1.92341573995 -14.8083591441 98.684643903 0.00338463131938
129 1.7799844343 -15.7275626508 99.002447642 0.000795306195281
130 1.72284467598 -16.5311757106 99.5659575265 0.00598000961159
131 1.60103255936 -17.3054055304 100.159359907 0.00394036355624
132 1.66895215488 -17.9873771256 100.86408149 0.00538718155188
133 1.67826212428 -18.6420389145 101.59721148 0.00353758790498
134 1.94499007023 -19.408871926 102.151015017 0.00542417497346
135 2.05935417153 -20.1844348812 102.743562292 0.00541132445848
136 2.30284572526 -20.8824642174 103.390851482 0.00199406608179
137 2.84438228395 -21.4938105345 103.937073591 0.00465880477518
138 3.35329662822 -22.077361335 104.541799645 0.00562452033426
139 3.9068195345 -22.5640133849 105.19126728 0.00512378190105
140 4.45674417457 -23.0980018474 105.805457222 0.00462973367422
141 5.03442236808 -23.3935873401 106.542762503 0.0109172356521
142 5.65901657046 -23.7248975182 107.224168264 0.00364829013315
143 6.1647977684 -24.2071206307 107.913876445 0.0060811635943
144 6.77833018849 -24.8625293002 108.3108762 0.0188957287091
145 7.15934016338 -25.6371203522 108.777395585 0.00275965608288
146 7.65126188892 -26.3037431774 109.303077635 0.00216058290702
147 8.16333828682 -26.8645301092 109.924354007 0.00236458946558
148 8.51340460494 -27.2810048992 110.740911965 0.00444865792557
149 9.03541298298 -27.4785333416 111.547784447 0.00404407441581
150 9.53335229251 -27.6615479675 112.372982008 0.00199957409155
151 9.99283499019 -27.794730159 113.229410709 0.00541107347064
152 10.2083793775 -27.7402067662 114.184800334 0.00158762414901
153 10.4742111492 -27.7134086799 115.128584621 0.00291640438707
154 10.6355939142 -27.7399151922 116.095673348 0.00586369748418
155 10.6977372559 -27.9118052346 117.059167138 0.0100544360499
156 10.6827896768 -28.1399241291 118.012568883 0.0064094565519
157 10.5050556516 -28.4059656654 118.939134719 0.00416968851332
158 10.1612925854 -28.8783188819 119.726047746 0.00485734557236
159 9.69741261231 -29.3870486937 120.423327349 0.00303290838671
160 9.52120695826 -30.062720371 121.110675319 0.00196371227454
161 9.46697151075 -30.7540283259 121.802835246 0.00371366227072
162 9.48161451766 -31.4655561114 122.476066994 0.00278022483947
163 9.60465436902 -32.1340418717 123.181477833 0.00571053323188
164 9.76016462572 -32.8658273916 123.813585196 0.00507693196511
165 9.7784169969 -33.5349947315 124.528392824 0.00214364916498
166 9.71478909868 -34.2339079878 125.211324441 0.00165437026161
167 9.91694766243 -34.2772086906 126.168620654 0.00372242190895
168 10.2880490802 -34.1732411543 127.068821572 0.0053212351421
169 10.5029880934 -34.0679352602 128.018233151 0.00551487112471
170 10.6595649316 -33.9011247276 128.970092353 0.00394449825079
171 11.0333419648 -33.7668956112 129.864720808 0.00195959660943
172 11.2516627828 -33.5738124559 130.799112679 0.00264047563361
173 11.5280327405 -33.3665919413 131.714832258 0.0111574487968
174 11.9429995709 -33.1077333655 132.562149562 0.00451105736873
175 12.5753927417 -32.7160903378 133.197250963 0.00315025305661
176 13.113923849 -32.33846823 133.92109837 0.00384850939935
177 13.4807038235 -31.9462721878 134.738479013 0.00538923145046
178 13.7284961458 -31.4930385921 135.568742293 0.00469910787157
179 13.8872769417 -31.0751313739 136.438268562 0.00368683369778
180 13.7761793572 -30.6553208879 137.31413389 0.00504964907644
181 13.5767623304 -30.5922948118 138.26901321 0.00179438433012
182 13.1747653766 -30.4410634466 139.146990108 0.00537451932393
183 13.1216540819 -30.1780528193 140.086714561 0.00430317468699
184 13.3186353203 -30.0767176953 141.038429366 0.0046313566899
185 13.472377167 -29.8302957653 141.971250934 0.0252182081029
186 13.3804811062 -29.6091749688 142.917603164 0.00294883993467
187 13.05661097 -29.4553950506 143.825417964 0.00673912069234
188 12.6081163659 -29.3376611005 144.683983982 0.00386443098322
189 12.2421400922 -29.1751036154 145.573682968 0.004306836036
190 12.0977618968 -28.971914469 146.516861156 0.00365304408868
191 11.8914919254 -28.8741706935 147.465213076 0.00806589064167
192 11.8517394108 -28.7883705695 148.435781827 0.00708790107481
193 11.7843762524 -28.5621313375 149.381656552 0.00738795723649
194 11.5006901416 -27.9842843013 150.113207452 0.00405497159917
195 11.1017623201 -27.4159982434 150.796654741 0.00714503424033
196 10.6189419253 -26.838801907 151.414968005 0.00531062043518
197 10.0001569641 -26.2742951892 151.911449615 0.00309565707119
198 9.62601979034 -25.7607525778 152.649271982 0.00681959864523
199 9.30007497537 -25.2690017032 153.423577316 0.0103193423679
200 8.56148664135 -24.8291973831 153.879086549 0.00189255611038
201 7.7413251529 -24.6180262372 154.357665753 0.00435120281462
202 7.02364659815 -24.2678150181 154.912918178 0.00339763775486
203 6.05270917285 -24.259558651 154.964521217 0.00378784301465
204 5.17666546522 -23.8455022986 155.043535458 0.00110102556256
205 4.2708733085 -23.4926379332 155.051766118 0.0023007716908
206 3.33340973435 -23.2419987276 154.995269614 0.00497058018811
207 2.37277687629 -23.1503015617 155.110219723 0.00156089162952
208 1.43271326887 -22.9260005049 155.211562924 0.00540039574062
209 0.5055113898 -22.645059858 155.283666267 0.00606656950787
210 -0.436337784273 -22.4081671296 155.293435053 0.00944879412624
211 -1.35207868628 -22.6161949606 155.047159065 0.00412232228142
212 -2.31595205958 -22.694335529 154.963952702 0.00591108014068
213 -3.23972247438 -22.7814934822 154.679941684 0.00603422889651
214 -4.17812731177 -22.8204441384 154.437240049 0.000790035848766
215 -5.07798354063 -23.1285265656 154.246789292 0.00414998175058
216 -6.01561067853 -23.33310581 154.107078194 0.00237381196976
217 -6.70071258088 -23.3813301676 154.791956319 0.00308870244828
218 -7.41461220498 -23.7468358591 155.336959895 0.00398544480204
219 -8.01442301143 -24.2567323255 155.902774488 0.00496324662057
220 -8.26268958016 -25.1135662529 156.281512457 0.00725128149567
221 -8.31033034116 -26.0046268136 156.658684314 0.00444240324989
222 -7.9300084285 -26.7329168273 157.171659111 0.00222325907184
223 -7.81989470405 -27.3250420839 157.930316961 0.00262385594563
224 -7.68637378253 -27.8397302532 158.7398748 0.00104643422891
225 -7.26530225837 -28.2594008142 159.504405842 0.00326696353536
226 -6.96494149725 -28.8908010456 160.174156006 0.00514848742025
227 -6.29160732776 -29.3646360006 160.68288371 0.00339861316151
228 -5.3664548529 -29.3406661963 160.965131221 0.0156731359658
229 -4.43002265136 -29.1735397399 161.136986481 0.00321306775052
230 -3.50318413225 -29.051002432 161.38193125 0.00477442955181
231 -2.72880453235 -28.5968401709 161.739210813 0.00215107221621
232 -2.03015796207 -28.0669603374 162.144785553 0.00589325577139
233 -1.49500174095 -27.5190501641 162.733255465 0.00544330396645
234 -1.20368113726 -27.0278660337 163.511988605 0.00257153696593
235 -1.06476433522 -26.4086046367 164.239572245 0.0069994966494
236 -1.11987847053 -25.658056082 164.843529199 0.00559614105227
237 -1.33142170611 -24.9902364932 165.506697626 0.00321373130799
238 -1.62396692641 -24.1793827801 165.938852915 0.00382954247393
239 -1.99734176638 -23.4713414561 166.476191373 0.00669495335889
240 -2.20700446464 -22.5333554799 166.543172531 0.00644313140978
241 -2.71853135146 -21.7332269158 166.703106116 0.0021887827788
242 -3.04821889193 -20.9466046691 167.150207846 0.00472190424234
243 -3.49668144434 -20.2475274588 167.636988483 0.00508870245882
244 -4.15558291081 -19.8457127062 168.211970039 0.00664068336147
245 -4.96392426864 -19.6026384242 168.673103721 0.00237601601131
246 -5.526550381 -19.214948798 169.350062539 0.00326688137399
247 -6.19454116413 -19.1104043788 170.033828239 0.00466752861608
248 -7.00900453131 -19.0785537162 170.543120547 0.00602950213852
249 -7.12189823483 -18.9886348902 170.585514514 0.000901921594362
250 -7.75404707814 -18.3447275749 170.890195225 0.00370838592676
251 -8.51095974806 -17.8331839198 171.157946661 0.00518167543032
252 -9.39403987996 -17.5548981996 171.376854135 0.00455222261783
253 -10.2815649612 -17.5545760147 171.718408555 0.00623513070334
254 -11.1463998309 -17.8524236038 171.975921854 0.0055995455329
255 -11.6384291749 -18.5613116918 172.372520302 0.00789933084329
256 -11.7183513937 -19.4839315383 172.578333969 0.00416144327484
257 -11.3608412687 -20.3043109355 172.891846688 0.00281567157154
258 -10.7020155736 -20.9820760847 172.821776056 0.00543484214632
259 -10.0798491771 -21.6830482282 172.958276328 0.0041634875653
260 -9.25045936188 -21.9687953957 173.314286358 0.0214578176755
261 -8.37060036635 -21.8516646681 173.635278552 0.00484348500905
262 -7.47361073339 -21.7117865097 173.891045672 0.00608649880053
263 -6.60047420992 -21.4842173431 174.16271644 0.0052010850471
264 -6.56302345197 -21.0364528943 174.990822536 0.00445066892257
265 -6.4003701199 -20.5333099173 175.769712283 0.000846166952034
266 -6.82418652473 -20.0823573859 176.4788463 0.00194586034658
267 -7.48873351212 -19.4182374907 176.519998156 0.00440584194844
268 -8.20531521271 -18.8152413467 176.597578847 0.00325693495994
269 -9.05972752857 -18.8879859767 176.981134221 0.00734263316438
270 -9.85665653742 -19.3261017867 177.211388152 0.00608217729516
271 -10.5653438457 -19.8329191938 177.556667891 0.00666521232205
272 -11.1203917879 -20.4560951766 177.98082903 0.00377838325245
273 -11.2946321598 -21.3747062293 177.957135283 0.002701000794
274 -11.3965694028 -22.2273929405 178.326850557 0.0142685345234
275 -11.7662551971 -22.9244138309 178.823882722 0.00392913543653
276 -12.4407658259 -23.2015751612 179.404025571 0.0059905325819
277 -12.9108262598 -23.8107283528 179.9275123 0.00339424301409
278 -13.6037762555 -24.239757883 180.375187467 0.00584798122767
279 -14.1614468455 -24.8391605665 180.813552663 0.00595095208168
280 -14.5379457269 -25.4503975601 181.401019528 0.00374766636829
281 -14.7586287959 -26.3166535533 181.157554951 0.00437359055665
282 -15.0291907709 -27.1142423253 180.773554455 0.00512134247697
283 -15.0901649983 -28.0281627457 180.649316912 0.00475352646142
284 -14.6701309316 -28.8462869171 180.73068309 0.00581809616439
285 -14.0488131926 -29.4840007212 180.969968477 0.00847240805016
286 -13.3129920987 -30.0028033245 181.158472659 0.00205690453023
287 -12.4093777174 -29.9995962091 181.327677948 0.00557970649729
288 -11.9155482736 -29.2369650562 181.197139936 0.00168603063935
289 -11.3421190307 -28.5285345768 181.092264537 0.00493900815109
290 -10.8972938185 -27.7388861018 180.958491069 0.0043845057944
291 -10.8971906516 -26.8335805169 181.090960007 0.00305632546741
292 -10.5116042515 -26.0700537499 181.413665885 0.00741028806321
293 -10.5993844938 -25.1623343053 181.410518019 0.00647777228302
294 -10.9126038367 -24.3174919941 181.282661412 0.00377028680198
295 -11.2445939876 -23.6247608371 181.769070255 0.00360171430182
296 -11.9945707865 -23.180461064 182.022728338 0.00508187761359
297 -12.8518966962 -23.0719627008 182.295712716 0.00865630607331
298 -13.7256635609 -23.2746837573 182.189025187 0.006479614503
299 -14.5470185852 -23.6025519005 182.361753176 0.0057887678686
300 -15.3658659962 -23.613936185 182.733083098 0.00111024585588
301 -16.1852540976 -23.5903094765 183.101645336 0.00360146265314
302 -16.6929498709 -22.924559392 183.42465559 0.00369594889859
303 -17.2632766891 -22.6219561061 184.046559412 0.00561690505995
304 -17.336010987 -23.3935292835 184.492154822 0.00773021183074
305 -17.5812517769 -24.240054392 184.619860073 0.00424577468573
306 -17.3404016468 -25.0544214238 184.357509488 0.0066718428358
307 -17.3508919176 -25.7480674697 183.805857668 0.00388733861154
308 -16.9626631541 -26.437087433 183.410182885 0.00502148721694
309 -16.665551889 -26.9018201438 182.721246653 0.0051298316301
310 -16.5602732374 -26.7668883744 181.857471281 0.00440244684191
311 -16.4909665967 -26.7035160204 180.984080415 0.0119689391903
312 -16.6947257694 -26.2707770294 180.255273163 0.00303782779814
313 -17.1018146899 -25.9885470552 179.540023079 0.00567097936689
314 -17.802573664 -25.6645770465 179.147407929 0.00766597801328
315 -18.4745503415 -25.8656305505 178.646834602 0.00247940468738
316 -19.1396881878 -26.3652433 178.429622716 0.0137766116613
317 -19.3573162401 -27.156646301 178.653033775 0.00573141660955
318 -19.1392092455 -27.9736036 178.614536119 0.0032064829287
319 -18.8362340004 -28.3760212124 179.29304811 0.00625099714251
320 -18.224546082 -28.7077526134 179.76311614 0.00294475590466
321 -17.6597910079 -28.9396341116 179.189601205 0.00881781663397
322 -17.1075496273 -28.8093665759 178.583334207 0.00797749586152
323 -17.7866845964 -28.6777523442 178.137810118 0.00504897773277
324 -18.5392939729 -28.4499460573 177.91354651 0.00488475370458
325 -19.3171442852 -28.4200162268 177.679467986 0.00542148374017
326 -19.5573443649 -29.0130766683 177.186549616 0.0118352088949
327 -19.4459458108 -28.7120315281 176.462277634 0.00285406440474
328 -19.5569831771 -28.4567217891 175.724297737 0.00347192495196
329 -19.9348734439 -28.0416311536 175.177426771 0.0146044224695
330 -20.3398971444 -27.4173885513 175.010784788 0.00794321755238
331 -21.0322974285 -27.1292014624 174.995822368 0.00647065716579
332 -21.6187684784 -26.8011879821 175.304986448 0.00695259218361
333 -22.3011677754 -27.0497050015 175.268987823 0.00671404093078
334 -22.7491818723 -27.2847502203 174.763450792 0.00585158731605
335 -22.424346281 -27.420219496 174.154053827 0.00746168786555
336 -22.5634834638 -27.6238868004 173.51227228 0.00869650543772
337 -22.7290532616 -27.9653691324 172.964615589 0.00807823274804
338 -23.2395792277 -28.3548783387 172.917320267 0.00678856341362
339 -23.3032857995 -28.9617533866 172.785544546 0.00922778575146
340 -23.5177861826 -29.0895626261 173.326489718 0.0165491466987
341 -23.9520886461 -29.0237943649 173.628945599 0.00637765488328
342 -24.0490205284 -29.2773166058 174.056376087 0.0198654231206
343 -24.0716063355 -29.2040922711 173.654946596 0.0143731222173
344 -24.2666609599 -29.0987126647 173.879948594 0.011144397288
345 -24.0781288708 -29.1046903703 174.042391375 0.00271672685622
346 -24.2080457356 -29.0531542782 174.229942123 0.00269319548733
347 -24.1360122019 -29.2337499091 174.128706584 0.0118545401186
348 -24.059090344 -29.366626087 174.090567383 0.0101344296003
349 -24.0384798885 -29.4728576213 174.115617626 0.00632317177716
350 -23.9590406078 -29.5013808546 174.099577495 0.00329652654456
351 -23.9615123216 -29.5592992074 174.054591383 0.00786331601403
352 -23.9368086023 -29.5223345045 174.06528127 0.00806623959798
353 -23.9483978556 -29.5064306625 174.077529189 0.00606475734463
354 -23.9480840384 -29.4963909005 174.076503436 0.00852181190307
