0 -0.144564966601 0.911245734058 -0.368323524733 0.00618759167759
1 -0.454917797891 1.70804412836 -0.87398845052 0.00323123650557
2 -0.782247421436 2.48664955656 -1.39696912885 0.00497341062363
3 -1.22253905638 3.20474937364 -1.92357525358 0.00274247028728
4 -1.76394905429 3.87984068162 -2.41135875206 0.00404132536878
5 -2.24527600662 4.59775556928 -2.90094412807 0.0124584308353
6 -2.85263299671 5.20128506303 -3.40446710773 0.00412984653146
7 -3.40928068441 5.79280880514 -3.97620906487 0.00414742620151
8 -3.89123709292 6.62957232083 -4.20878805462 0.00364265922786
9 -4.16500851578 7.56064224451 -4.42014471913 0.00438472383915
10 -4.53281093446 8.42541586033 -4.74166559868 0.00488972501859
11 -4.95890141826 9.20870697953 -5.17911923579 0.00393075295651
12 -5.38269049497 9.97380554876 -5.64971697985 0.0026781572738
13 -5.97925766798 10.7024566484 -5.96524600728 0.00331887692349
14 -6.58522211864 11.4435146377 -6.2297959981 0.00441267765308
15 -7.2290139402 12.1517528449 -6.49481892872 0.00382218512528
16 -7.92085134667 12.7975550631 -6.79577841876 0.00300999992662
17 -8.66395505789 13.4019067831 -7.05807475261 0.00336637725681
18 -9.41823364921 14.0146974318 -7.26242173551 0.00693979690361
19 -9.73875937293 14.1929481503 -7.44903244717 0.00103794362761
20 -10.5382966259 14.4879198291 -7.95777542156 0.00324259270616
21 -11.3663157415 14.8240632799 -8.38954768196 0.00355604243803
22 -12.2172852657 15.0057585351 -8.86687992898 0.00468577253763
23 -13.0698441323 15.080213043 -9.36943840066 0.00483607930924
24 -13.8789234628 15.131211083 -9.94190908449 0.00301041495984
25 -14.753474682 15.1556518995 -10.4103490926 0.00605638831187
26 -15.6562314073 15.2112658741 -10.8186776211 0.00580342949659
27 -16.5537320767 15.2354572604 -11.24133881 0.00286730115999
28 -17.353412695 15.3291965768 -11.8213978469 0.00328654176257
29 -18.1302966767 15.314218415 -12.4386071656 0.0132274828914
30 -18.5552352938 15.0641942109 -13.2997601844 0.00441633402164
31 -18.841856804 14.8020238724 -14.2128646803 0.00294614343612
32 -18.8813391158 14.7609317699 -14.3233260098 0.000664042196335
33 -19.1649733637 14.4603537461 -15.2253742675 0.00829888895416
34 -19.1802712624 14.4361341973 -15.2724913206 0.000122469031877
35 -19.3988575769 14.0451539079 -16.1574758664 0.00290509270287
36 -19.5216630866 13.7481014231 -17.0958329638 0.00433980392605
37 -19.6335207325 13.4966443733 -18.0487486697 0.00294938268159
38 -19.6701060396 13.2074328279 -18.9967841786 0.00696199032239
39 -19.6609981007 12.8262365546 -19.9123487997 0.00543316451695
40 -19.7020046588 12.3758362705 -20.794974078 0.00864159224124
41 -19.7019547287 11.905435759 -21.6680042519 0.00230228773712
42 -19.6798731203 11.4546501051 -22.5510328431 0.0049357144314
43 -19.6395974277 10.9394448536 -23.3973760721 0.0050128431888
44 -19.5313899494 10.2895225689 -24.1384140078 0.00426506088322
45 -19.4450633246 9.64458832848 -24.8866130561 0.00514753425449
46 -19.304705052 8.94622070419 -25.5763137271 0.00531270506374
47 -19.1088871767 8.30769543028 -26.3091134121 0.0073418611132
48 -18.9407900064 7.62237492673 -27.0055501452 0.00248707798403
49 -18.6723489929 6.88862483644 -27.6158207775 0.00302485884963
50 -18.1246281085 6.29398287995 -28.1896071498 0.00194443879115
51 -17.4731023264 5.84807639232 -28.7891844933 0.00445108139406
52 -16.8158519825 5.51146667507 -29.4506160967 0.00211636676872
53 -16.1845959014 5.2455372306 -30.1672524458 0.00515825071206
54 -15.5103081226 4.90439331156 -30.8088357253 0.00727484151761
55 -14.9373046571 4.58158807031 -31.5505096761 0.00404968350298
56 -14.2801575199 4.31635897693 -32.2435845084 0.00417703364584
57 -13.64305 4.24147133647 -32.9992287581 0.0049036625704
58 -13.3725344153 4.2271535439 -33.3502319615 0.00188106874877
59 -12.7782446095 4.30316779891 -34.1394304996 0.00534450114899
60 -12.6112801441 4.32937460019 -34.2847348536 0.000754573644998
61 -12.1361368472 4.16027649336 -35.124456173 0.00498485339717
62 -11.5181596073 4.12451071005 -35.8833777275 0.00433446600034
63 -10.6413234829 4.36606892895 -36.2458682276 0.00195291902767
64 -9.77822050578 4.67822308039 -36.5865873813 0.004369391638
65 -9.51765749317 5.27954251633 -37.3139543477 0.010817847332
66 -9.4485194582 5.81883815421 -38.1278551498 0.00608069884248
67 -9.31933809511 6.54189264884 -38.7744190931 0.00600096263484
68 -9.12535226165 7.23378813722 -39.4384017439 0.00528291569144
69 -9.02487803244 8.0179334053 -40.0144783297 0.0044833149541
70 -8.55910553651 8.12842963377 -40.8675502935 0.0042301818141
71 -8.12258593137 8.23519245404 -41.736294063 0.00563597889424
72 -8.05704852314 7.87749503173 -40.8284682287 0.00680267467798
73 -7.97045643842 7.48402907171 -39.937595157 0.00584671181806
74 -7.90408317054 7.26870533707 -38.9863129744 0.00699663488281
75 -7.62794568508 6.81232569133 -38.1674302204 0.00733443753586
76 -7.40654021862 6.31355934725 -37.3569647094 0.00726037419348
77 -7.18743534343 5.80481013948 -36.5523842786 0.00158817271439
78 -6.85816112675 5.2285770118 -35.8357887748 0.00380483615607
79 -6.68424957621 4.69701910884 -35.0351407686 0.00343278100854
80 -6.28864122727 3.89322694753 -34.6470263146 0.00416844747159
81 -6.02392429181 3.01325576295 -34.3176461867 0.00310889279325
82 -5.84042283931 2.15095077279 -33.8986904599 0.00338317047152
83 -5.77536383451 1.42997105177 -33.2439335015 0.0036295917894
84 -5.83819335741 0.735911766006 -32.5606498885 0.00420828933819
85 -5.7377517519 0.0934782186182 -31.8329796121 0.00575242828866
86 -5.84186709569 -0.669579150805 -31.2340753903 0.00494417824567
87 -6.45916115425 -1.33907522449 -30.8848358289 0.00387157333222
88 -7.07641145482 -2.06601259181 -30.6811879597 0.00322528412998
89 -7.93987761159 -2.19872579344 -30.2480369479 0.00485547352953
90 -8.82906413866 -2.29467533583 -29.8599995981 0.0106440661472
91 -9.70239574913 -2.4596479002 -29.4603117665 0.00439086433858
92 -10.4938116687 -2.95104416541 -29.1748731297 0.019814319018
93 -11.2310635967 -3.57923186621 -29.0770710729 0.00571065783151
94 -11.7572640985 -4.39215391893 -28.9793390586 0.00405217771982
95 -12.3931267076 -5.1269340616 -29.0316093915 0.00731818252399
96 -12.9845015574 -5.89869143287 -29.0637870264 0.0076586755153
97 -13.346993512 -6.74820129023 -28.7592154753 0.00127254911504
98 -13.3716846204 -6.79358726455 -28.7504841209 0.000160806671128
99 -13.7854590673 -7.6652839249 -28.6310311001 0.0118936878236
100 -13.7364676457 -8.5870915542 -28.3272642256 0.00543472479452
101 -13.4936815581 -9.45164457211 -27.9563435758 0.00383613318493
102 -13.0058007151 -10.2911852691 -27.9307289654 0.00283752747924
103 -12.5274780075 -11.1363709477 -27.9193001069 0.00853962443597
104 -11.839896679 -11.7817030236 -27.6883671876 0.00701932267432
105 -11.1189408421 -12.3997072666 -27.4878856882 0.00381332616758
106 -10.3726521226 -12.9538230383 -27.2093295363 0.00412761171736
107 -9.57799333264 -13.3113238194 -26.7826967183 0.0042273147338
108 -8.70610845718 -13.7031542093 -26.6182712829 0.00497350324342
109 -7.85308687499 -14.152186196 -26.5134707287 0.00685732494851
110 -6.90761978433 -14.3557475498 -26.5785956206 0.00290106279607
111 -5.94260558031 -14.4323988566 -26.6251938108 0.00714349349652
112 -5.13517408879 -14.0528332637 -27.0029760239 0.00332578377332
113 -4.25372928757 -13.8076393356 -27.3212388257 0.00599534636869
114 -3.36274759471 -13.5062802962 -27.5515146492 0.00719693131965
115 -2.52391820954 -13.130256158 -27.8547584528 0.00237525954533
116 -1.66556888842 -13.107236525 -28.3014778707 0.0033334386216
117 -0.777856523156 -12.9801441624 -28.6651255081 0.00456649088245
118 0.0832633968208 -12.7219296062 -29.0225164998 0.00332746356052
119 0.849858048665 -12.1680694769 -29.2251147703 0.00400937318497
120 1.67790159651 -11.736092705 -29.4757113663 0.00296768242721
121 1.91331144904 -10.842394211 -29.7596746029 0.0045419660437
122 2.0788183018 -9.93860922494 -30.0597287947 0.00354901239631
123 2.22884170236 -9.01073793485 -30.2841257554 0.0040067227944
124 2.24622330045 -8.05049354733 -30.3886801711 0.0142358852679
125 1.99528281042 -7.2029616535 -30.7766373482 0.00330023910576
126 1.54472680728 -6.44858097909 -31.1757799325 0.00389041538127
127 0.983116483616 -5.68295321003 -31.3466259278 0.00393681821385
128 0.297716045142 -5.04622001549 -31.5814097894 0.00564551146849
129 -0.420035616561 -4.40817053515 -31.6667925116 0.0118278959099
130 -1.20809672902 -3.86525006762 -31.7774816953 0.00143081298139
131 -2.05846617462 -3.47180201585 -32.0010538626 0.00937220727805
132 -2.95648827076 -3.2617336231 -32.2769704351 0.00814454527669
133 -3.77031067671 -3.24200098164 -32.7899337865 0.00383640738059
134 -4.65259811507 -3.28548590581 -33.1704929565 0.00578711076337
135 -5.59993069176 -3.36517121295 -33.3132713506 0.00438097029502
136 -6.44139356362 -3.78150441661 -33.107888138 0.0220375753503
137 -7.15436440687 -4.40684244288 -32.9633709562 0.00248762815024
138 -7.81199384875 -5.08728243608 -32.8071522253 0.015805516509
139 -8.49142848411 -5.72028008717 -32.5724586534 0.0126563186411
140 -8.97539596721 -6.47303338566 -32.234071744 0.00338060435012
141 -9.03888183397 -7.42420785469 -32.1574525024 0.00395358908307
142 -8.94853907866 -8.37495620349 -32.2005435712 0.00247757511253
143 -8.50642976475 -9.22156682548 -32.1645589512 0.00148464448032
144 -7.70843607876 -9.69753486582 -32.3881060951 0.002636781395
145 -6.92001292753 -10.0311439634 -32.8125190447 0.00584008334
146 -5.97424206921 -10.1235160362 -32.9058683365 0.0095983002467
147 -5.91669568301 -9.20620169479 -32.6504140807 0.00261481811332
148 -5.93005457164 -8.27862643027 -32.4291887553 0.0099376567538
149 -5.96982339982 -7.38098008113 -32.1124535476 0.011337990717
150 -6.24419606252 -6.60173768884 -31.6401295607 0.0053200305478
151 -6.73243307688 -6.12764643205 -30.9755254576 0.00788830173193
152 -7.19894907125 -5.85889796449 -30.1922069568 0.00340260554854
153 -7.72608453108 -5.64600204322 -29.4309778121 0.00321677359732
154 -7.84248991551 -5.38264281985 -29.1908702141 0.00580952355291
155 -8.49106841602 -4.98850313296 -28.629168608 0.0080792106745
156 -9.19174059749 -5.10750549169 -28.0091560114 0.00623082603084
157 -9.91206416979 -5.33480008884 -27.4459579981 0.0212867778545
158 -10.6906785724 -5.5824425247 -26.9834683374 0.00650115352167
159 -10.6308712307 -5.95778720123 -26.1255369641 0.00429254298753
160 -10.5362361966 -6.45978081802 -25.3394023123 0.00534782435188
161 -10.1061177707 -6.99420192276 -24.7020165806 0.00271333021201
162 -9.48261458412 -7.17488156559 -24.0277058432 0.00521207906097
163 -8.75562185463 -6.9762639146 -23.4744090564 0.00508691636312
164 -8.66695978633 -6.71245944905 -22.5822505392 0.00932537414309
165 -8.71799042232 -6.35000792823 -21.7242783151 0.00237063006872
166 -9.1566392081 -6.13314303269 -20.9308075461 0.00208555670534
167 -9.38688089381 -5.75222103828 -20.1121067382 0.00751700660942
168 -9.60710378008 -5.70030870148 -19.2094588655 0.00396917198834
169 -9.48500908568 -5.3595518324 -18.3531316029 0.00343581105079
170 -9.51237998018 -5.19234331408 -17.4396051893 0.00377069490889
171 -9.49549053337 -5.24680776048 -16.51300278 0.00538536677837
172 -9.80907114204 -5.33414766702 -15.7971276862 0.000625870470487
173 -10.1668544741 -4.49243853444 -15.75808763 0.00447222144483
174 -10.3578286846 -3.6335033361 -15.5097767544 0.00533718911903
175 -10.7430302711 -2.8347022838 -15.2938160359 0.00503677588383
176 -11.4759651237 -2.30246933685 -15.1944707029 0.00419495357205
177 -12.2491645687 -1.84761161569 -15.3472912314 0.00583908963411
178 -13.0413853265 -1.51893530079 -15.6462160777 0.00790251258199
179 -13.8713569813 -1.186008311 -15.7895848854 0.00249208104322
180 -14.1601236445 -0.97626870868 -14.9570148446 0.00433985367655
181 -14.1860675162 -1.27913202661 -14.1051754862 0.00620635979537
182 -13.3744065883 -1.63936356235 -14.2592137179 0.0065014868587
183 -12.5042281139 -1.69910377361 -14.041520466 0.00483783776728
184 -11.7338777645 -1.58689358046 -13.5950289147 0.00979439135891
185 -10.8522081095 -1.47371208528 -13.5059937215 0.00429633303159
186 -10.014769389 -1.49953598291 -13.8113854742 0.00480029114959
187 -9.44764849092 -0.858683572959 -13.567924342 0.00510707878573
188 -9.43493726782 -1.1638840553 -12.733483485 0.0158512168152
189 -9.28879093873 -1.4616282169 -12.3578681136 0.00243326341059
190 -8.82451602496 -1.25014363236 -11.666319502 0.0152211888636
191 -8.14949876029 -0.800690813431 -11.4176075715 0.0104991625949
192 -8.31938925218 -0.522259959373 -10.6418275055 0.00659481547707
193 -8.50978203133 -0.39707053773 -9.8370619233 0.00618019481662
194 -9.16047551127 -0.437009615361 -9.32279242013 0.00589367892863
195 -9.80228274943 -0.687232077775 -8.86884289308 0.00411636589387
196 -10.3928519718 -1.24890904667 -8.77232096476 0.00743816071576
197 -10.5786101678 -2.01780738435 -8.58225655352 0.00209536830644
198 -10.7350709627 -2.39090740634 -9.28689281401 0.0153605947165
199 -10.4349816018 -2.85608224704 -9.8537520302 0.00461311803185
200 -9.79489393551 -3.18362560908 -10.1713126303 0.00611423241402
201 -9.03805339532 -3.36275185588 -10.1698597596 0.00298948502951
202 -8.29047003651 -3.43444743196 -9.98369969353 0.0138754473776
203 -7.62584356186 -3.22481456266 -10.2694941048 0.0122482806818
204 -7.19789196699 -3.59357547697 -9.80223074509 0.00764382120392
205 -7.76758026555 -4.00216994533 -9.64508970185 0.00532056961652
206 -7.35629265693 -4.57444372612 -9.71185562163 0.0109865378844
207 -6.92593413751 -5.10027132313 -9.79077699243 0.00853223967299
208 -7.12999155303 -5.73076264207 -9.8192690159 0.0100873919506
209 -7.01012844721 -6.30900037478 -10.055849763 0.0329251712513
210 -7.36893128388 -6.67317985996 -10.1495167378 0.0121452080771
211 -7.77696067885 -6.89342866102 -10.1412354183 0.00800582057884
212 -8.14357325153 -6.70206324423 -10.2322735206 0.0129854383713
213 -7.90958157179 -6.94512559799 -10.2962469569 0.0066764270804
214 -7.66379690055 -7.02422062076 -10.4509503447 0.0105727489818
215 -7.48971139649 -6.99816279711 -10.2892769985 0.00993310364185
216 -7.3850090169 -6.89929118693 -10.4070498291 0.00340976547521
217 -7.35356103386 -6.73571092578 -10.3801220404 0.0351859100068
218 -7.34943798048 -6.71659455074 -10.3575174067 0.012349391034
219 -7.34782208145 -6.71971927092 -10.3547479322 0.00487295917106
