0 0.140688683431 0.758892572076 -0.625519340869 0.00351711953673
1 0.196580866916 1.53311604195 -1.2455261875 0.00218267141975
2 0.063610153096 2.31964764884 -1.83765396393 0.00506558313807
3 -0.1588122712 3.11752905681 -2.3860952727 0.00371887718677
4 -0.117767618851 3.88451653221 -3.01610252614 0.0033119460887
5 -0.0882772796707 4.79059384759 -3.42222839801 0.00191857522958
6 -0.0495297960529 5.70071736473 -3.8183842503 0.00500258103464
7 0.0193200638521 6.6350270313 -4.14859137119 0.00557430376273
8 0.124268131509 7.5313418719 -4.56366072157 0.00568614064818
9 0.256463692755 8.38486697853 -5.05423337705 0.00579351635542
10 0.476562912668 9.27585587602 -5.4340553362 0.00286627528872
11 0.689195173557 10.1516286001 -5.85162039931 0.011179272259
12 0.890299011385 11.042839831 -6.24116591885 0.00290859364562
13 1.13387125993 11.9302778797 -6.61472078388 0.012212137132
14 1.45547543884 12.8012537473 -6.96724654801 0.0042375173946
15 1.74154252566 13.6727880141 -7.34785420004 0.00453738441789
16 1.89066711632 14.5817670629 -7.71899314824 0.00448952099084
17 2.07310246298 15.5056015326 -8.03430577281 0.00436584909683
18 2.27899536899 16.4533503443 -8.24761794492 0.00446579815357
19 2.38686657784 17.3860582966 -8.5709033401 0.00601694966014
20 2.53567399566 18.3242016271 -8.86034401099 0.00504628703629
21 2.50357773492 19.2817687714 -9.12114298449 0.00574829383827
22 2.57782178906 20.2378688628 -9.37860468333 0.0072864075409
23 2.51229308225 21.1582778965 -9.74524577269 0.00133545996419
24 2.40373940296 22.0690043838 -10.1255817477 0.00398842093007
25 2.24822791699 22.9525135783 -10.5510932293 0.00414430707663
26 1.98076015147 23.8291975982 -10.9327606277 0.00423420629872
27 1.53423320113 24.6173037938 -11.3392698475 0.00823087037685
28 1.03018933532 25.3704165521 -11.7447667814 0.00131676668961
29 0.757008443096 26.3062680736 -11.9323219291 0.00440654744523
30 0.320917443912 27.1175821845 -12.3027243393 0.00380301066095
31 -0.229684101919 27.8489600156 -12.6867726866 0.00429315364866
32 -0.631297852975 28.6901798577 -13.0282022005 0.00781866579559
33 -1.03760952704 29.4744876245 -13.4812298252 0.00686198939943
34 -1.46878684688 30.2290259321 -13.9609765255 0.00327836070059
35 -1.8911208784 31.0139762345 -14.3978322845 0.00619072192385
36 -2.27607872874 31.7812673587 -14.8962085287 0.00540368088193
37 -2.67638432527 32.541869067 -15.3926878838 0.00659988508995
38 -3.12546823377 33.2217588993 -15.9594994194 0.0351328699194
39 -3.60500840984 33.9359355522 -16.4542771718 0.00461984951401
40 -4.17510608671 34.4970392469 -17.0415924518 0.00444562941174
41 -4.7089172349 35.1491168061 -17.5655793259 0.0028951112895
42 -5.3031886156 35.7278905525 -18.1101510676 0.00597286735164
43 -5.98078446166 36.2250776592 -18.6376875501 0.00447841140328
44 -6.72040872538 36.5845062115 -19.1929816321 0.00691730179239
45 -7.39103942394 36.9454622473 -19.8289834147 0.00731915184337
46 -8.03811547394 37.3104460039 -20.4866599255 0.00705734627591
47 -8.80307858893 37.6337009426 -21.0295052368 0.00348466805649
48 -9.51873608309 37.7698607557 -21.703033933 0.00569866658847
49 -10.2254724776 37.9341425077 -22.3796562151 0.00492355855663
50 -10.8980912864 38.034159537 -23.1020300789 0.0043450465733
51 -11.4758592052 38.0715324787 -23.9076449216 0.00247897052072
52 -12.0742774964 38.0385733533 -24.6982156865 0.00938456092533
53 -12.5923233494 37.9255605715 -25.5366440502 0.00504545219397
54 -12.9866571416 37.7606944311 -26.431849916 0.00344039828902
55 -13.3513501117 37.6113902346 -27.342205949 0.00259580980883
56 -13.6325531793 37.3948047569 -28.268507182 0.00598792735299
57 -13.9553249035 37.2049860425 -29.187055679 0.0058430214447
58 -14.3676557611 36.7802196425 -29.9829034875 0.0029049314979
59 -14.7085698287 36.3797214424 -30.8238442742 0.00625798309679
60 -15.0055739404 36.1032433001 -31.7288895572 0.00739325970267
61 -15.1907423439 35.7243059472 -32.6265447113 0.00422598828421
62 -15.3311840664 35.2684070594 -33.4960461082 0.00122734968474
63 -15.5148828447 34.8018063323 -34.3516845824 0.00310775948101
64 -15.7550245042 34.4386579298 -35.2427587865 0.00335604449048
65 -15.9365730589 34.1050749059 -36.1588876323 0.00539925174189
66 -16.0142777467 33.6123012702 -37.0159579633 0.00674784259132
67 -16.1072845701 33.0851895542 -37.8507284418 0.0112741397108
68 -16.1241569899 32.4386763794 -38.6023235287 0.00328594657661
69 -16.0290264408 31.7092043281 -39.2670811539 0.00648412307386
70 -15.8164665571 30.9887176402 -39.9141587351 0.00263508855545
71 -15.6707976663 30.2908106579 -40.6031295702 0.0232480624371
72 -15.4551775606 29.5969846727 -41.2775017408 0.00564006093417
73 -15.1273988635 28.9474223733 -41.9507169552 0.00144869779883
74 -14.6634004791 28.3569360541 -42.5977026875 0.00164237780363
75 -14.199234236 27.809766478 -43.2815936542 0.00568393178716
76 -13.7806677992 27.1964775947 -43.9382086029 0.00710424217377
77 -13.1794398123 26.5182700525 -44.3392649794 0.0028476954236
78 -12.5102156094 25.968460375 -44.8210506589 0.00535700994503
79 -11.8167676353 25.4917669061 -45.3445975277 0.00770925730077
80 -11.0983664096 24.9948104168 -45.8125914774 0.00583231564841
81 -10.3092835576 24.5838674635 -46.2490180877 0.00547158006316
82 -9.50183893479 24.2073575381 -46.6828263803 0.00321575756682
83 -8.69780581801 23.8248446544 -47.1176660012 0.00432288563297
84 -7.9290757786 23.4396774335 -47.6101354044 0.00145145833284
85 -7.0206755977 23.0897436659 -47.7947866346 0.00311333740603
86 -6.13546900928 22.7209242036 -48.0439573064 0.00107826050937
87 -5.27522070837 22.5108503111 -48.4884489719 0.00602085369838
88 -4.44017993341 22.5606711401 -49.0193869945 0.00389520366727
89 -3.58626479839 22.6049532582 -49.5198588818 0.00657653606059
90 -2.85490897578 22.6078110407 -50.1882002716 0.00496311394148
91 -2.05606016132 22.6598871292 -50.7718029692 0.0029085268042
92 -1.27292456469 22.7010773496 -51.3771381701 0.00337547244561
93 -0.482377050041 22.8977719668 -51.9407950616 0.0305226037514
94 0.306930461435 23.2457249704 -52.4274128927 0.00375310306686
95 1.1046115431 23.6487553563 -52.8541093801 0.00215714077331
96 1.84214341767 24.1548285358 -53.2791989188 0.00672485959094
97 2.60228119938 24.7262103846 -53.5554923825 0.00500087409673
98 3.34178707336 25.3250890864 -53.8293912536 0.00473160757211
99 4.01918975722 25.9117326145 -54.250673726 0.00520698776994
100 4.6204692828 26.5618261379 -54.6936955269 0.0121015817716
101 5.20798112496 27.1765805724 -55.2008037359 0.00626980808213
102 5.7170071647 27.754401195 -55.8230652197 0.00460421818022
103 6.1599470122 28.3329461067 -56.4933107886 0.00384108888944
104 6.40408889618 29.0458691849 -57.1353376593 0.00366331471275
105 6.48154382635 29.6939703671 -57.8796604877 0.00785969700312
106 6.48759129261 30.3754051654 -58.5976553892 0.00365558412838
107 6.39647690418 30.927145536 -59.4144652677 0.0157114360961
108 6.24465614945 31.5233648676 -60.1897592475 0.0107343797357
109 6.00441201873 32.0595564823 -60.986135515 0.00358665894685
110 5.74378332397 32.6276214322 -61.7534229472 0.00494475149342
111 5.55344478482 33.1530674873 -62.570107601 0.0278303927622
112 5.49871990362 33.5856000053 -63.458230498 0.00813850392048
113 5.28668882429 33.987216811 -64.3371121507 0.00404360399
114 4.9109733959 34.3594266212 -65.1731037692 0.00510641269699
115 4.32069162964 34.7312201362 -65.874352046 0.00425467993218
116 3.72148432945 35.062006793 -66.5884035541 0.00287563685271
117 3.12429298878 35.425826889 -67.2878848611 0.00531088076257
118 2.51105094166 35.8222874966 -67.9549021754 0.00503231187972
119 1.82353544266 36.186654676 -68.5653070338 0.00250080337294
120 1.23031933243 36.55506984 -69.2655900102 0.00496341179113
121 0.75027700178 37.0180741844 -69.9957528372 0.00588723674992
122 0.203689243374 37.4730404001 -70.682819672 0.00578916712791
123 -0.484205300749 37.8239650911 -71.3003287251 0.00303796894817
124 -1.08534137168 38.1497374946 -72.0145846725 0.00322265475689
125 -1.68328150081 38.3907617048 -72.7642410323 0.00581329429804
126 -2.25880885939 38.523347559 -73.5571525406 0.00260313587743
127 -2.8429927417 38.9563378644 -74.2269626983 0.00385250712005
128 -3.56771974417 39.2679635822 -74.8227333462 0.00492142527798
129 -4.24416043034 39.4751953263 -75.5131772829 0.0041950353461
130 -4.88931924102 39.5587722248 -76.257461697 0.00871972789625
131 -5.52688793527 39.651498575 -77.0070651345 0.00512934650871
132 -6.20680005746 39.7309628623 -77.7199984272 0.00487409847725
133 -6.89237947105 39.8279828744 -78.4252147414 0.0034069497116
134 -7.46511027001 39.7477465902 -79.2266446084 0.00663824134762
135 -7.9030600474 39.7711616359 -80.1122609681 0.00373913481387
136 -7.19983319068 39.3150508054 -80.6355317836 0.00439536002097
137 -6.51516885288 38.9789136947 -81.2636861825 0.00554265742361
138 -5.62811231632 38.7350294279 -81.6238988415 0.00288485246466
139 -4.70614188776 38.4382681109 -81.8185881345 0.00270315566071
140 -4.29443175006 38.2821753971 -81.8540032905 0.00250952038215
141 -3.35577155365 37.9930489465 -81.9581097339 0.00377553378734
142 -2.4006237406 37.7632677101 -82.0597060359 0.00992510361583
143 -1.42809695277 37.6071313011 -82.1304862277 0.00234000431038
144 -0.478502506042 37.3530207164 -82.0364544494 0.00336925946095
145 0.49738795073 37.2024157363 -82.0405757134 0.0038273971945
146 1.48360913587 37.1542585978 -82.0449889859 0.0255377568124
147 2.45872339505 37.0011469944 -82.053012051 0.00329794839238
148 3.43241146947 36.8487134132 -81.998505789 0.00611798303568
149 4.38069736539 36.6138322686 -81.8580930003 0.00337025975721
150 5.31807897908 36.3312516927 -81.7335582758 0.00548989329388
151 6.25815450719 36.2319393994 -81.450131095 0.00626051569361
152 7.18117562019 36.4291497114 -81.162175476 0.0160121213937
153 7.98638343664 36.8496042718 -80.7771384535 0.00471222795955
154 8.74815927585 37.344473415 -80.3923348736 0.00316979568193
155 9.42637900216 37.7945146539 -79.8348905664 0.00266956508321
156 10.0503249482 38.3190774206 -79.2792672846 0.0021025515618
157 10.7094212833 38.7527848833 -78.6871140327 0.00204645389499
158 11.2973189795 39.0263287032 -77.9436456174 0.00403410597769
159 11.9567216455 39.3083505143 -77.266374733 0.00361856289022
160 12.6126834641 39.6160273441 -76.5970533606 0.00451884199571
161 13.2006950624 40.034176296 -75.924583337 0.00347883985038
162 13.8737684969 40.4438556332 -75.3314431808 0.00429365014125
163 14.6649430065 40.6300318623 -74.772940595 0.00292879545511
164 15.4665467172 40.9161365084 -74.274936206 0.0104024229563
165 16.3555059006 41.2240663864 -73.9799851167 0.00117825676714
166 16.9444374105 41.6197966726 -73.295314966 0.00779577142129
167 17.3867895898 41.8753733546 -72.4520364066 0.00654961701499
168 17.6212586048 42.1940508998 -71.5490151976 0.00096176907789
169 17.393263578 42.6619946989 -70.7117925377 0.00400678395853
170 17.2460367938 43.2523235579 -69.936184971 0.00298634307678
171 17.0690831707 43.8795038128 -69.1966243056 0.00937685165262
172 16.7395931429 44.6379745516 -68.6605529738 0.00787948115059
173 16.4438587 45.3982459963 -68.1078173925 0.00625121096084
174 16.1422140155 46.0831338231 -67.4668868561 0.00330963340223
175 15.6937235718 46.8016560498 -66.9636427483 0.00204380535388
176 15.116366651 47.3252177242 -66.3609752922 0.00784260491261
177 14.4683848599 47.8782967203 -65.8664177893 0.0242699721319
178 13.7701901719 48.2059989143 -65.2542092705 0.00469102024558
179 13.0752481635 48.2775111719 -64.5603000897 0.00568632696291
180 12.2252997101 48.3702306614 -64.0721973568 0.0062838943269
181 11.2592774262 48.3240682166 -63.8888778338 0.00416067551976
182 10.3775155748 48.1689191212 -63.479862665 0.00381810455513
183 9.52342981536 48.5807785238 -63.2160508262 0.00508859823805
184 8.62601505041 48.9323637608 -63.0172225174 0.0034424930836
185 7.69886939968 49.1182531466 -62.7447426697 0.00248049193496
186 6.72356702451 49.238486058 -62.6937131704 0.0022180825312
187 5.75653421521 49.1276961349 -62.5495567191 0.00576290186121
188 4.85532543989 48.7506901342 -62.4325412328 0.00242395554276
189 4.0120826845 48.5091588123 -61.9868676012 0.00554701065031
190 3.10919260172 48.4470465482 -61.6012132967 0.00599454744139
191 2.28551485116 48.4854438333 -61.0647966346 0.00415090703214
192 1.53454692118 48.5490419329 -60.4326740737 0.00485324839046
193 0.75632186514 48.5117532282 -59.8323785846 0.00347438707288
194 -0.124893104128 48.5730973468 -59.4001152471 0.00551611818682
195 -1.03814488737 48.4599482429 -59.0535865553 0.00525912273327
196 -2.00629126601 48.3041532755 -58.9823636089 0.00858466090436
197 -2.96252041812 48.0765188298 -58.9707787399 0.00322972394363
198 -3.87542939276 47.7287464918 -59.0796881887 0.00254159696597
199 -4.02692024091 46.901662367 -59.5888437644 0.00140026629537
200 -4.03548515478 46.0837554007 -60.1339864266 0.00515756769866
201 -3.9980999187 45.4676411142 -60.8989717679 0.00175967697093
202 -3.93135474499 44.9131302331 -61.7078183575 0.00847224930454
203 -3.60382066326 44.3032674985 -62.405335411 0.00335786100723
204 -3.30851665572 43.7546963568 -63.165288509 0.00284460102803
205 -3.02783873966 43.143905864 -63.8819945674 0.00607086404535
206 -2.70336448764 42.6765508743 -64.6830211955 0.00132394502225
207 -2.52215900247 42.3419360186 -65.5888913182 0.00957745674625
208 -2.446513967 42.0010700216 -66.5071062393 0.00365658993801
209 -2.31070201048 41.6815391895 -67.4259843528 0.00289532329796
210 -2.23545576601 41.5057865905 -68.3894487583 0.00537669442519
211 -2.0907054564 41.4614547162 -69.3598520908 0.00290033558439
212 -1.8886342721 41.508646368 -70.319751708 0.0038608883294
213 -1.66685919861 41.5671921359 -71.2745748464 0.00234799517297
214 -1.19597901388 41.4246842993 -72.1243066863 0.00164963115415
215 -0.866473291886 41.3569726045 -73.0467669232 0.00524083243108
216 -0.401047713539 41.1474599192 -73.8853717123 0.00394888431886
217 0.042306610221 41.0573649043 -74.7565543841 0.00482142920387
218 0.437857216727 41.1872584516 -75.6454396164 0.00350309143932
219 0.799177734575 41.4699213056 -76.5130923399 0.00321409288031
220 1.29277287792 41.851862288 -77.2703897914 0.00538713903479
221 1.92669592341 42.2736679996 -77.8891560667 0.0037831088418
222 2.59267474106 42.8620204019 -78.304674716 0.00808438350964
223 3.0853906799 43.4768307827 -78.8889017786 0.00476816136377
224 3.50779364059 44.1572251657 -79.4550170414 0.00326323089756
225 3.96417415264 44.9193401695 -79.8703408948 0.00618210536123
226 4.31493831664 45.6109119284 -80.4704431548 0.00160696934711
227 4.35132010954 45.802018023 -81.4316334166 0.00575808963778
228 4.18914941869 45.7506734904 -82.3973089857 0.00314965209921
229 4.17136861963 45.7437408284 -83.3775994711 0.00408270100636
230 4.38462930658 46.0240653642 -84.2924713935 0.0038805353097
231 4.69082026583 46.2950404916 -85.1833438989 0.00444510336925
232 5.37955522732 46.6057281214 -85.8074070991 0.00541932842587
233 5.95355137925 47.3834766352 -85.9669380701 0.00257776579664
234 6.61656653749 48.0969408405 -86.0720745107 0.00286785527391
235 7.29656860884 48.7860569579 -86.2212452352 0.00419867051856
236 7.788483254 49.6155430427 -86.3924124746 0.0056699357866
237 7.55417222921 50.4684402922 -86.8128892939 0.00323475062083
238 7.39535398421 51.3096246377 -87.288481814 0.00421686177828
239 7.08545723903 52.1983720295 -87.5582293635 0.0062609537018
240 6.51305433993 52.8831140604 -87.9605799678 0.00259625628641
241 6.08464052783 53.495613657 -88.5928308835 0.00273010228482
242 5.56012524588 54.0715000917 -89.1856987914 0.00269760565174
243 4.9970508837 54.5517543054 -89.8263657041 0.00614311430516
244 4.43300890552 54.7388714013 -90.6040562361 0.00434761854736
245 3.7994611777 54.7898713302 -91.3481655204 0.00460100780518
246 3.18114437704 54.863976991 -92.1029049511 0.00831048207176
247 2.40354745783 54.7862291938 -92.6912096277 0.00417651377909
248 1.51340039324 54.7081656252 -93.0886610805 0.0025557107149
249 0.681973407579 54.5398660162 -93.5752200756 0.00621048188421
250 -0.162607843075 54.1435914451 -93.8676359582 0.00314740771239
251 -0.905318709732 53.5966175965 -94.1914991582 0.00480673497612
252 -1.5327375988 52.8722205801 -94.3837056866 0.00620805559864
253 -2.05374262327 52.1441205133 -94.7754826837 0.00539737577473
254 -2.64080127392 51.5159230196 -95.2397184842 0.00543213819461
255 -3.19430192151 50.8915504278 -95.7479308891 0.00522233887786
256 -3.72448428895 50.2463871249 -96.2547134206 0.0041430111433
257 -4.08333126275 49.5697190773 -96.8607944921 0.00229927363871
258 -4.24601088987 48.8331402633 -97.4811497253 0.0032311866264
259 -4.17437652546 48.1483836041 -98.1737543295 0.00802869348544
260 -3.91357706947 47.4393287175 -98.792101662 0.00364131092143
261 -3.8194468611 47.8549506616 -99.670513182 0.00402669149622
262 -3.71862631586 48.2158018111 -100.571956903 0.0100375847713
263 -3.69563360313 48.6417268422 -101.449644917 0.00270314946224
264 -3.89918368961 49.2847671277 -102.154579428 0.00392693688195
265 -4.14669485216 49.8774173662 -102.888839146 0.00594459249943
266 -4.5749560791 50.3258337963 -103.641674809 0.00637104915942
267 -4.9981366532 50.4784420158 -104.50688291 0.00440064373787
268 -5.53169282388 50.7556397219 -105.274337892 0.00358962419976
269 -6.03347637113 50.8626587941 -106.103250588 0.00469793695568
270 -6.4334437241 50.6671087143 -106.970337697 0.00254603853428
271 -6.56102740676 50.3950950417 -107.897534578 0.00348257149375
272 -6.58660003219 50.1500237792 -108.840413513 0.00309249771267
273 -6.61219856483 50.0483398246 -109.809204458 0.00269198385743
274 -6.71936385701 50.1066648959 -110.775880092 0.00367049369439
275 -6.85150203524 50.15986389 -111.739611707 0.00767177260696
276 -6.76234332092 50.211353812 -112.708062554 0.00282930788283
277 -6.83255829998 50.3164764451 -113.673616797 0.00439230587013
278 -7.18232684492 50.3829920226 -114.579747729 0.00494829732815
279 -7.49620706746 50.4069105814 -115.500823471 0.00358375075073
280 -7.91746663963 50.4974314089 -116.373438238 0.00343648351873
281 -8.13301230672 50.4440304732 -117.320882277 0.00263921775428
282 -8.53607440789 50.5461110273 -118.200515996 0.00325495358487
283 -8.82841288733 50.8350095957 -119.082247588 0.00410850036778
284 -9.29516777967 51.5719370219 -119.511852467 0.0106733432149
285 -9.84377944263 52.2622003498 -119.920668109 0.00313761419694
286 -10.4935584763 52.9828452759 -119.971662909 0.0213790245406
287 -11.3676498787 53.404989823 -119.974029566 0.00555920131787
288 -12.1724613458 53.7564086908 -119.560881152 0.00418881871964
289 -12.9168035328 54.0757842504 -119.026474862 0.00303691814244
290 -13.6734978749 54.226308991 -118.438112636 0.00538699252015
291 -14.3113570362 54.6197495133 -117.822254798 0.0048430731678
292 -14.8321170177 55.1341907182 -117.186122688 0.00249272342872
293 -15.4100951754 55.3959566383 -116.452759478 0.00233873157513
294 -16.0362590929 55.5552326777 -115.72977262 0.00508107443367
295 -16.6993405764 55.5385052818 -115.022889876 0.00321718558376
296 -17.2304581011 55.4357689091 -114.218628999 0.00436856717703
297 -17.6727463036 54.8935765653 -113.548373772 0.00219201546484
298 -17.9176304687 54.3919694851 -112.756399869 0.00546897694733
299 -18.0435683544 53.7674441939 -112.026843655 0.00690983960547
300 -18.2105271545 53.0266416591 -111.426358988 0.00498579255982
301 -18.6186862 52.2356976077 -111.046491524 0.00495308078639
302 -18.8429605818 51.5470305953 -110.404863937 0.0055070069252
303 -18.742923697 50.8613137661 -109.729968074 0.00298694176902
304 -18.5933691668 50.204517383 -109.035955549 0.00453517362176
305 -17.9689631511 49.807034208 -108.413927853 0.0064091813506
306 -17.8047220427 49.2858098819 -107.616617249 0.00975045739688
307 -17.4674611 49.0591913023 -106.740096969 0.00890339040769
308 -17.5037981002 48.9844234011 -105.778007874 0.0113169516997
309 -17.6832462928 48.7720566335 -104.854008699 0.00573920192579
310 -17.8511646479 48.3525542733 -104.001932666 0.0051379923722
311 -18.0469428358 48.1496151589 -103.079869209 0.00400891330314
312 -18.1995179094 48.03905404 -102.13448407 0.00300300970683
313 -18.626115907 48.0960336474 -101.272246757 0.00308836646967
314 -18.8336148187 47.8646145248 -100.360226411 0.00426013171213
315 -19.057278687 47.1273743165 -99.7825872819 0.00452251254657
316 -19.1446776351 46.3181738464 -99.2687027332 0.00217620776193
317 -19.0036658714 45.5738269568 -98.6750703348 0.00278595675092
318 -18.7522153904 44.8061364485 -98.1523087129 0.00308599144364
319 -18.2145656933 44.1197158338 -97.7460422498 0.00650210781287
320 -17.7385719361 43.3041039138 -97.5659927392 0.00467648227971
321 -17.2434941458 42.5301176147 -97.2841326295 0.003631515195
322 -16.7983892695 41.7408472072 -96.9646971951 0.00587880300753
323 -16.2512479849 41.0293805155 -96.6230660113 0.00381224019653
324 -15.6283323646 40.4456528842 -96.183713848 0.00167376731777
325 -14.9956770522 39.7461611695 -96.0054272349 0.0199883152338
326 -14.2882079962 39.1758352425 -95.7012740073 0.00429535520559
327 -13.4672092204 38.8991783575 -95.2924678058 0.00427261548147
328 -12.7303647352 38.8789210883 -94.6809639436 0.00138459462492
329 -11.905022295 38.9829008287 -94.2067815943 0.00406961742537
330 -11.2942166831 39.1322263771 -93.4848355756 0.00519540045964
331 -10.6937803966 39.7183552162 -93.0252693687 0.00458806823174
332 -10.5480607236 40.4017066789 -92.3721339432 0.00146955573386
333 -10.3467511333 41.1161365392 -91.7692172901 0.0047432823147
334 -10.0447076862 41.8845701584 -91.2878639587 0.00309330184376
335 -10.4752775417 42.0203923877 -90.4454107151 0.0038309154222
336 -10.6896693084 42.3750554361 -89.5844946029 0.00233201623333
337 -10.9105636605 43.2579346258 -89.2959334782 0.00170875130773
338 -11.2882017552 44.050075348 -88.9201522138 0.00350116550567
339 -12.0369285407 44.5963821323 -89.1470539704 0.00323002127131
340 -12.4816406339 45.4361983443 -89.0646256754 0.00530832787519
341 -13.3027135335 45.8898810253 -88.8946616122 0.00381173975622
342 -14.1361950696 46.3328104241 -88.7633480743 0.00326717273218
343 -15.0463864623 46.4761165137 -88.5213581351 0.00499491779245
344 -15.9258797538 46.4215598681 -88.8821590888 0.0096957630029
345 -16.8728732538 46.3456520567 -88.8382672164 0.00277172212745
346 -17.716987035 45.9095182118 -88.8041398806 0.00104253862106
347 -18.2614764036 45.1306452296 -88.7801887608 0.0129318667533
348 -18.6407062208 44.2628379197 -88.7169563521 0.00407638596607
349 -18.5794626259 43.3165387925 -88.6894162174 0.00436328533629
350 -18.7811965911 42.4509314711 -89.0198886348 0.00459599857205
351 -18.5618619522 41.5299429308 -89.0601832258 0.00761412664286
352 -18.6300540835 40.7758021721 -88.4915645962 0.00181629447051
353 -18.414909739 39.9937776429 -88.0034261925 0.00475464125135
354 -17.9023856187 39.3451688384 -87.5434695742 0.003072573861
355 -17.2212451683 39.1009725682 -86.9344774125 0.00654452778777
356 -16.3065458185 38.9232423427 -86.7797041066 0.00378626576827
357 -15.4156366435 39.0849161997 -87.0470539632 0.00602641199465
358 -14.6055754704 39.5673301537 -87.073805104 0.00541594229881
359 -13.9051271218 40.1807920687 -87.2196385208 0.00461076793965
360 -13.749273851 41.0909071647 -87.0341635656 0.00275305863183
361 -13.9200631362 41.9635502664 -86.7248448239 0.00263253657101
362 -14.3535656449 42.7973213575 -86.6763805949 0.00742534342929
363 -14.8356754906 43.593632685 -86.5466990608 0.00492236587957
364 -15.3836533131 44.3376781827 -86.3791918948 0.00100437867833
365 -16.2500381486 44.1922107539 -86.0475042837 0.00722186346653
366 -17.1172790615 43.9334207145 -85.8016269586 0.00441341476027
367 -17.5494563029 43.751661872 -86.6137373822 0.00684417198416
368 -18.1440007181 43.7897961702 -87.3362235642 0.00591667992526
369 -18.7458743702 43.62229979 -88.0323810642 0.00346690153559
370 -19.0815145602 43.6183572282 -88.905128418 0.00491162373301
371 -19.5605129155 43.7247216903 -89.6999247682 0.0083383049957
372 -19.9270189479 43.8819275795 -90.5429584435 0.00824683618137
373 -20.5861865989 44.3861336754 -90.9636166985 0.00453798417319
374 -21.2191887019 44.818256313 -91.4897265421 0.00605231596314
375 -21.967176831 45.1541653121 -91.9249435568 0.0047915301454
376 -22.4998244935 45.7139148867 -92.4377802745 0.00356373732774
377 -23.2986914504 46.0686600774 -92.7447358269 0.00574897508777
378 -24.0410139534 45.5805502967 -92.486724704 0.00804946507066
379 -24.6323139586 44.8877413278 -92.3358160838 0.00512957110729
380 -24.167364739 44.1387778512 -92.0653231779 0.00587001538011
381 -24.2298973601 43.6856986413 -91.2654417343 0.00135082548125
382 -23.9298094582 43.3638421206 -90.4562534785 0.00317778046017
383 -23.2081223855 43.0654336321 -89.9703270895 0.00366993762773
384 -22.5952923581 42.8776639887 -89.3115767452 0.00413783592094
385 -22.0458909791 43.0321260023 -88.5923302097 0.0274479719451
386 -21.3952910489 43.3372563994 -88.0337067142 0.00413387958389
387 -20.7340990492 43.9523585265 -87.934500695 0.00537999217696
388 -20.6366180892 44.0611330587 -87.9322818686 0.000141645759701
389 -20.0558886074 44.7033147088 -88.1479070439 0.00667026519342
390 -20.1569061032 44.1991501423 -88.8747180134 0.00420579495221
391 -19.8379077084 44.8815292549 -89.3449783209 0.00861446454248
392 -20.4630105434 44.756448943 -89.9580182717 0.0049740225407
393 -21.0836060268 44.6327970646 -90.5725972903 0.00595011472901
394 -21.3420381978 44.2850415031 -91.3381082228 0.00474800001859
395 -21.5520737271 44.0636277491 -92.1607320295 0.00418725096506
396 -21.6958272836 44.2236110943 -93.0092313409 0.00629877711285
397 -21.9441509935 44.6391033226 -93.7340827059 0.0123893604936
398 -21.8669774213 44.1751340376 -94.4594734262 0.00305396034696
399 -21.706086852 43.4844296653 -94.9496818773 0.0090533056249
400 -21.581058431 42.8132399818 -95.4667522077 0.00803054682936
401 -21.2644392931 42.2191392981 -95.9873524108 0.00406888754801
402 -20.9665170971 41.659888955 -96.551246401 0.0220754642873
403 -20.3593047218 41.1071203758 -96.6733000156 0.00396677417357
404 -20.4903775932 41.7740735872 -96.2019544968 0.00405707216198
405 -20.9205786874 42.4515277115 -96.0193029971 0.00611726821897
406 -20.8335992639 43.102806159 -95.5325518344 0.00694918846916
407 -20.7110115014 43.8273147478 -95.1906380879 0.00584571678245
408 -20.8414379083 44.6039068897 -95.3529849929 0.00931141041576
409 -21.5743670282 44.8984167782 -95.3246956095 0.021572108228
410 -21.8986997291 45.3756541183 -95.8217832777 0.00919096166169
411 -22.5596617879 45.7064261214 -95.9261738558 0.00620036626537
412 -22.8046469501 46.3619733637 -96.154341628 0.00798801131394
413 -22.9505303466 47.0054676806 -95.861877003 0.00335109811356
414 -23.5026051645 47.0651901314 -95.410400629 0.0081601124637
415 -24.1838430104 47.204839573 -95.3462871684 0.0103981538499
416 -23.9208976974 46.7191005229 -94.9580830683 0.00361210564163
417 -23.5084930526 46.3441586973 -94.5932857787 0.00912863439298
418 -23.5747406155 46.8842868048 -94.2530823856 0.0149009860154
419 -24.0046560388 47.0864382682 -93.8932699473 0.00671597398249
420 -23.9137934983 47.4112625343 -94.356125557 0.0171840997759
421 -23.6045359093 47.794758389 -94.4541141574 0.0144505926189
422 -23.6490268148 48.1847365364 -94.2726558906 0.031135285948
423 -23.4098534844 48.1929894237 -94.3176423192 0.00910026328649
424 -23.5401451024 48.1608112285 -94.1766806666 0.00911463100606
425 -23.5551938992 48.1175748549 -94.3185147302 0.00569670942469
426 -23.4523328759 48.1808018182 -94.2992368073 0.00703698255707
427 -23.3831803896 48.1215877085 -94.2803980453 0.00816372012789
428 -23.4044367808 48.1788806238 -94.2686680125 0.00584306936507
429 -23.3821505448 48.1826719323 -94.2328672017 0.00973628425756
430 -23.3740468704 48.1705572178 -94.2412827798 0.00712974319089
431 -23.3777020837 48.168283912 -94.2416639355 0.00475608227656
