0 0.570675399296 -0.775144657674 -0.245751902185 0.00288725213509
1 1.19731828507 -1.44162278043 -0.633094419961 0.00485995594158
2 1.89577551505 -1.98739428497 -1.08161342435 0.00648343096394
3 2.59528771457 -2.56715943418 -1.48332107013 0.0102231831256
4 3.30907841247 -3.14763302537 -1.8578528591 0.00292702465897
5 4.09670899566 -3.67952873445 -2.14665676242 0.00264227994717
6 4.96339431644 -4.07411440239 -2.4291765981 0.00246045216883
7 5.83240103673 -4.46254723535 -2.71305084036 0.00488385979863
8 6.75290842123 -4.68915375567 -3.00954972281 0.00261101771133
9 7.6728435478 -4.90083588146 -3.31855554295 0.00906658925104
10 8.6271406444 -4.96183629163 -3.58704138366 0.00729548234659
11 9.61071446792 -4.89844657286 -3.70941182369 0.00610041124291
12 10.5917128688 -4.90424952136 -3.86422000709 0.00375804215249
13 11.5775894319 -4.86869368916 -3.97869120721 0.000853494741533
14 12.5459537637 -4.73659863106 -4.15515146428 0.00390440712053
15 13.5147518662 -4.55720726458 -4.27975702386 0.00184057553538
16 14.4852986909 -4.40198241301 -4.42190441936 0.00369027142754
17 15.4291188166 -4.13828683271 -4.58283105029 0.00338776463322
18 16.3790195047 -3.95100166137 -4.80377481303 0.00444506069438
19 17.3337872883 -3.73953792152 -4.97657306911 0.00535601219843
20 18.2568723399 -3.40524574384 -5.12580035517 0.00346487083314
21 19.0614100093 -2.85663635216 -5.32028463879 0.00204781750356
22 19.9055410495 -2.37655239592 -5.52770076751 0.00243452771551
23 20.4620452173 -1.59297197442 -5.77739202721 0.00438550144034
24 20.976003536 -0.747196489623 -5.85799693706 0.00430931593622
25 21.4811446945 0.0963615338319 -5.99652801626 0.0050033721039
26 21.9445776353 0.916711274346 -6.30985807502 0.00547268378277
27 22.3950839211 1.73704368289 -6.64147346431 0.00454181868656
28 22.663991361 2.66320753573 -6.87753004016 0.00544683901845
29 22.7332682325 3.62868132001 -7.09848282497 0.00467688358219
30 22.6431140979 4.57581730177 -7.38225521982 0.00505963805702
31 22.4410597874 5.52586340952 -7.58780062718 0.006216486265
32 22.1922119053 6.48289461362 -7.67588569669 0.00465902666871
33 21.8651611259 7.40835685638 -7.82457231573 0.00543820862822
34 21.5095590502 8.32927875008 -7.92918327478 0.00823892387764
35 21.0598121204 9.19879603945 -8.09374959656 0.00715044229618
36 20.5282616611 10.0186275398 -8.26888858114 0.00324518205876
37 19.8890256747 10.7772277038 -8.3036179964 0.00395290701957
38 19.2285172522 11.513632698 -8.38547312745 0.00725988731914
39 18.6773896768 12.3328164012 -8.48738828147 0.0036572173798
40 18.1062520126 13.1424365349 -8.54627558391 0.00502275222121
41 17.5384467402 13.9471071276 -8.66957949795 0.00868470387881
42 17.0285541255 14.7406477648 -8.97834063999 0.00302706410405
43 16.5029464542 15.5296896628 -9.27184697035 0.00321588759032
44 15.9680185993 16.3497781161 -9.43387956551 0.00519735850819
45 15.3818592146 17.0709058223 -9.78217302815 0.00475399455606
46 14.7467540739 17.7640194698 -10.100128133 0.00815171079811
47 14.0240303554 18.3691075368 -10.4104676282 0.00405619412523
48 13.2835615425 18.9722821333 -10.679926612 0.00496416314899
49 12.5284705923 19.4989203556 -11.0502970841 0.00248559992181
50 11.7083765172 19.9043171532 -11.4346916903 0.00315161358703
51 10.9360822184 20.3450566943 -11.8750866376 0.0082489981961
52 10.1994774518 20.7156807971 -12.4270166927 0.00660779056213
53 9.40838215604 21.0813055367 -12.9013250308 0.00270634806567
54 8.63782815256 21.5415889162 -13.3242022067 0.00568375813756
55 7.8734655021 21.7417351796 -13.9242976879 0.00561262533897
56 7.13170717966 21.8478077565 -14.5746207414 0.010358967979
57 6.33787708391 21.8766129106 -15.1689648973 0.0038288237388
58 5.48355015219 21.6969200847 -15.6401316031 0.0292122827046
59 4.57288944778 21.6897969377 -16.0331311726 0.00618945906516
60 3.59611193974 21.5179360708 -16.0256752197 0.00329231953365
61 2.61872067252 21.3503075418 -16.0415957043 0.00340423106388
62 1.69627725554 20.9878114694 -16.0776563297 0.00456040947166
63 0.774345892433 20.6400145515 -15.9652584989 0.00686088965577
64 -0.103026705247 20.2165717901 -16.150701727 0.00478511826311
65 -0.956333258279 19.7773888919 -16.4005235379 0.00372759456168
66 -1.77721150922 19.2449301065 -16.56181497 0.00621540935986
67 -2.71583215672 18.9645943083 -16.7157421771 0.0035290756142
68 -3.65391362918 18.6450735287 -16.7496478503 0.00390548934872
69 -4.56121755371 18.2457030238 -16.7274328045 0.00748009270948
70 -5.46076980952 17.8311658935 -16.6820316649 0.00756778900866
71 -6.34695237622 17.3925048691 -16.609520525 0.00601386932056
72 -7.15005208218 16.8193712244 -16.7068521467 0.00158056848388
73 -7.88135959514 16.1778069355 -16.8978932756 0.00578754022236
74 -8.50630513755 15.4211777762 -17.0385616819 0.00599112874142
75 -9.16919931184 14.7387764604 -17.3172560317 0.00531348934323
76 -9.72396548644 13.9991394613 -17.674869281 0.00424481190821
77 -10.4431007879 13.415698984 -18.0285646164 0.00367765581006
78 -10.9979808896 12.6068564842 -18.1716067821 0.00366504646512
79 -11.5258643727 11.7730911701 -18.2648869993 0.00340992832321
80 -12.0556205814 10.9356167558 -18.2866485272 0.00493739775793
81 -12.5455142242 10.0756644813 -18.3404914173 0.00317526550954
82 -12.8872214994 9.15359028736 -18.4645429087 0.00306025120476
83 -13.1193612462 8.19806358721 -18.5886868389 0.00403442646058
84 -13.3849566717 7.2541362614 -18.7326959748 0.00398236102863
85 -13.6078404912 6.34266785611 -19.0517511827 0.00200933901817
86 -13.7707747227 5.47596544327 -19.5040019245 0.0521272222189
87 -14.0009656185 4.59924940653 -19.903850235 0.00240102626086
88 -14.1713356887 3.66416715596 -20.1831918143 0.00407945330942
89 -14.1945762749 2.73799365297 -20.5339808898 0.00208980439578
90 -14.0223147054 1.82233876391 -20.8705198502 0.00378628480953
91 -13.8543336865 0.861574136649 -21.0436884323 0.00466511647174
92 -13.5674031845 -0.0460235859105 -21.3178333648 0.00856844484236
93 -13.3512319771 -0.933826641506 -21.7001780279 0.00462783736281
94 -12.9367755914 -1.74405692035 -22.0910697068 0.00504496394232
95 -12.7384131068 -2.51935043605 -22.6746786845 0.00286997958031
96 -12.5248093279 -3.2623258134 -23.2938378604 0.00128452539574
97 -12.3472825348 -3.96184062473 -23.9721929078 0.00551383700453
98 -12.1852265128 -4.75441116961 -24.5435453513 0.0030717554904
99 -11.805650768 -5.57617758897 -24.9452845958 0.0048058511536
100 -11.3120843634 -6.3416516391 -25.3340459591 0.00327165725997
101 -10.7695041668 -7.10431401781 -25.6574339426 0.00337131742794
102 -10.292443326 -7.86501540379 -26.0749780716 0.00172666162245
103 -9.73771332677 -8.60739162946 -26.4238393167 0.00324864877808
104 -9.06685996409 -9.19216411066 -26.8580275642 0.00514077862216
105 -8.36319732534 -9.79428991092 -27.2083444982 0.0309787498237
106 -7.63988342493 -10.3486312732 -27.5949236865 0.00533044822004
107 -6.85063204567 -10.8279122239 -27.9515690731 0.00383184571726
108 -5.946704954 -11.2213421239 -28.0401517103 0.00404708884097
109 -5.03347944033 -11.5854306328 -28.1546505553 0.00794344525882
110 -4.12574752383 -11.911260179 -28.3768798442 0.00327588456217
111 -3.23560881746 -12.2085569842 -28.6911353012 0.00432267320026
112 -2.33497465228 -12.5260914564 -28.9508139164 0.00342142755259
113 -1.53762077016 -12.6484372235 -29.5241320908 0.0106083983391
114 -0.719756440813 -12.6269312472 -30.0807995974 0.00255613856653
115 0.0185326240781 -12.7788263477 -30.7219636559 0.00440594393762
116 0.658083683584 -12.8349207256 -31.4749841428 0.00310395797972
117 1.28411703558 -12.8110532766 -32.2409322919 0.00339194418999
118 1.81123053541 -12.6533279601 -32.9551027711 0.00505881372489
119 2.57640529316 -12.4570487942 -33.5405297043 0.00422866331963
120 3.33848009251 -12.1987752884 -34.1054253954 0.00391569218092
121 4.05063689551 -11.6552511123 -34.5100808344 0.00580701993817
122 4.71990612172 -11.0802121325 -34.9431312675 0.00545039339234
123 5.40044198779 -10.3773102636 -35.0359089144 0.00301866476156
124 6.15810245215 -9.75254184821 -35.0719740586 0.00815938871329
125 6.6529475013 -8.9319176582 -34.8549589862 0.00351044383833
126 7.06036248672 -8.09993279614 -34.5276951358 0.00517876835849
127 7.58923025142 -7.36815724943 -34.1405143476 0.00443460976244
128 8.22139099131 -6.66258127313 -33.8808771737 0.00281252154293
129 8.5940321411 -5.7888437422 -33.630917686 0.00435783174527
130 8.99618539824 -4.92441425987 -33.3951004255 0.019786151173
131 9.19709777341 -4.04100092321 -33.016928229 0.00417479507715
132 9.41052626491 -3.48911893792 -32.2334800945 0.00526087230632
133 9.41061804604 -2.93322891721 -31.4243430314 0.00209754752891
134 9.25472637994 -2.37934715099 -30.6290288857 0.00539458912551
135 9.18836228094 -1.66126763593 -29.96328599 0.00184002673987
136 8.94236195182 -0.963435001178 -29.3185605636 0.00228437266823
137 8.79252136037 -0.44543848171 -28.4985307643 0.00407042844796
138 8.78016202752 0.0402177444799 -27.6458515159 0.00593502229382
139 8.82973131927 0.563896165713 -26.817546697 0.00569846923243
140 8.66432770751 1.23446204113 -26.1208550176 0.00476606780659
141 8.48072467572 1.64690809097 -25.2499152843 0.0044559166111
142 8.37700096544 2.09109622339 -24.3815327448 0.00477452049465
143 8.41164174221 2.75978524944 -23.6649973028 0.00612260395016
144 8.62697810218 3.13254754282 -22.7838988511 0.00276963364548
145 8.8301279622 3.44263901453 -21.8760825176 0.00121863346645
146 9.05288708652 3.73364136959 -20.9665786381 0.00259669549807
147 9.18825008702 4.06216205396 -20.0527219909 0.00428127995776
148 9.53071059689 4.53313366301 -19.2640908018 0.00225474822122
149 9.67342331354 5.10362628117 -18.4798141139 0.00283387162527
150 9.52253252326 5.73562524647 -17.7459629678 0.0100533980598
151 9.28356733317 6.4477680261 -17.1167723427 0.00758654563941
152 8.5827524953 6.95919864475 -16.6618932273 0.00495380946572
153 7.7987444183 7.38322764604 -16.2558575313 0.00834581697452
154 6.92459542996 7.58338788415 -15.8625478118 0.00307239893969
155 6.0661078027 7.52146434058 -15.3957061843 0.0133619825948
156 5.28328008693 7.21487163637 -14.8944395897 0.00331906951653
157 4.58000656996 6.9309700261 -14.2757245595 0.00526036712739
158 3.7848994144 6.80499738578 -13.7193111633 0.00314873509524
159 3.00151233856 6.40063825926 -13.2948241601 0.0031963708009
160 2.39883687906 5.75598383912 -12.8724331309 0.00157958588183
161 2.42532226613 4.85870456026 -12.4834717696 0.00688168525147
162 2.63096780596 4.05035697926 -11.972512542 0.00675502384963
163 2.72510308295 3.24629254845 -11.4238257691 0.00324743274604
164 3.02858579963 2.47596500911 -10.9035172801 0.00872523758043
165 3.4694975661 1.78941767255 -10.3650197852 0.00565713978921
166 4.0962315111 1.24951830892 -9.84435524529 0.00930229365539
167 4.71691416151 0.63756669573 -9.40274057858 0.00666945621312
168 5.37198566282 -0.0401457840811 -9.14616969149 0.00467047177979
169 6.18102096296 -0.580256899271 -9.05873662829 0.0022799372252
170 7.05578983598 -0.90419055604 -8.7694865429 0.00362022549692
171 7.89814691446 -1.37515246139 -8.62059260893 0.0064106027871
172 8.7192369292 -1.8166913258 -8.3307093056 0.00280122877204
173 9.61498644202 -2.16758019983 -8.16499927363 0.00475877629197
174 10.4211738443 -2.49063688121 -7.71949498304 0.00441614728808
175 11.1945813408 -2.88557302323 -7.2741271763 0.00224346695616
176 12.0842930482 -3.05101013507 -6.90898742073 0.00390409489527
177 12.9482381796 -3.12915691236 -6.46225665439 0.00364229307742
178 13.83972402 -3.07109603846 -6.0702437088 0.00654502355903
179 14.3934404213 -3.14417990444 -5.70355736758 0.00184922851077
180 15.1636004717 -3.23053864758 -5.11629508315 0.0196698368601
181 15.9673331966 -3.38464893519 -4.59284462716 0.00510327114154
182 16.6325605785 -3.58145933293 -3.91298474124 0.0020971848609
183 17.1571673891 -3.7725129911 -3.11816539454 0.0044513307291
184 17.8715184401 -3.92040922449 -2.47733265294 0.00412938689562
185 18.590408395 -4.08567071991 -1.8461925204 0.00654024544898
186 19.3955363742 -4.27395295371 -1.33822507631 0.00374579582417
187 20.2517427264 -4.54756344126 -0.973141705324 0.00600121096491
188 21.140272108 -4.46967302508 -0.592180105501 0.00111329446339
189 21.9506983736 -4.43551232665 -0.0604287414322 0.0136902766825
190 22.5157820349 -5.10581972963 -0.473516319048 0.00531993350186
191 23.4455418315 -5.37242538302 -0.52860894788 0.00745666735911
192 24.3485694966 -5.60372912562 -0.26608514552 0.00513742039126
193 25.2469443094 -5.52938141663 0.0871902807279 0.00456355731503
194 26.0099357684 -5.12696453452 0.526404828997 0.00297314418499
195 26.6734762565 -4.68072516901 1.0717383181 0.00292494314003
196 27.1850469347 -4.00203028102 1.53441712148 0.00360769773951
197 27.3979035488 -3.20950691569 2.04692846571 0.00782156694336
198 27.8900590482 -2.67093264761 2.68182493264 0.00173549493199
199 28.4080176899 -2.00952050929 3.16061658476 0.00852374174373
200 28.9887297271 -1.26770940991 3.37583191 0.00161585071663
201 29.6623206442 -0.577920305337 3.43956758181 0.00230955600402
202 30.3612332088 0.0883304841355 3.470530831 0.0132479784324
203 30.8720230594 0.898896260719 3.5882851179 0.0058419362212
204 31.2404875294 1.73011180028 3.91155903683 0.00484310297229
205 31.4625791325 2.59951211384 4.26573798199 0.000981674226706
206 31.3794691591 3.48053830645 4.64968446691 0.00490279657399
207 30.8405062781 4.25630394119 4.84332408168 0.00142588128559
208 30.2392447187 4.988730991 5.0211968478 0.00466557761268
209 29.7947021853 5.61558431959 5.60327796184 0.00710241458097
210 29.2910655854 6.11742469572 6.25372324668 0.0024372543632
211 28.6875358588 6.67612883232 6.75536855842 0.00721988538348
212 28.0329336038 7.13834191668 7.28921111294 0.00302931351515
213 27.4495717353 7.54741128166 7.9367019185 0.0105440759859
214 26.8349945957 7.93598136747 8.56656790362 0.00621366486965
215 26.3052883878 8.32887933461 9.26636245534 0.00158603925823
216 25.7214409307 8.53637101421 10.0016036073 0.00409369098985
217 25.3283911881 9.14724737203 10.6309527526 0.0055431980137
218 24.8153106118 9.68398223788 11.2405134369 0.00342820108128
219 24.084149562 9.67882108335 11.8632433882 0.00547332356332
220 23.5501429566 9.49440402642 12.6395867125 0.00231237262334
221 23.1567773757 9.08533549034 13.4138313742 0.00325786064914
222 22.8877860881 8.74587003402 14.2703467635 0.00911299912189
223 22.1401323059 8.37301159664 14.7405521354 0.0114211660316
224 21.5145803939 8.06404689122 15.3968868493 0.00273652056592
225 21.0538654677 7.46392572118 15.9838921171 0.00680910703434
226 20.467419037 6.76366410196 16.2688147729 0.00344289311826
227 19.9334300936 6.06018801637 16.6361449625 0.00588259990512
228 19.587793876 5.24762804225 17.0024976771 0.00584391795023
229 19.2810489797 4.47973169088 17.4813285114 0.00548030569908
230 19.0366573145 3.56286702886 17.5879191175 0.00281822327557
231 19.0388158715 2.63552164601 17.8144095416 0.00303072559881
232 18.9060207212 1.86073957032 18.3558409569 0.00390642381013
233 18.8290324834 0.968496940581 18.6845364051 0.00302090198316
234 18.9970307159 0.148966353011 19.142566907 0.00411894898834
235 19.4947902291 -0.583000288389 19.4963886843 0.0053378344259
236 20.2384368897 -1.00115023577 19.9205510785 0.00771442469012
237 21.0660339663 -1.34668212897 20.239622926 0.00477563907307
238 21.6173553916 -2.01951460066 20.6250537508 0.0045096780236
239 21.893611278 -2.88274648629 20.912614512 0.0044496417694
240 22.2789098055 -3.70667784077 21.1881352991 0.00410650571275
241 22.8139266186 -4.48525490188 21.2872284043 0.00595297993563
242 23.4404511662 -5.13444021616 20.9921068557 0.00366164237492
243 23.9392722927 -5.81219556492 20.5536365786 0.0116999760842
244 24.4036506459 -6.55743612391 20.1977944839 0.00552423701478
245 25.0729499974 -7.22326016188 20.2675318544 0.0028208610094
246 25.8958040125 -7.48129229662 20.1555588152 0.00455906690196
247 26.8053290492 -7.71660649909 20.2606046141 0.00389981030966
248 27.5907355786 -7.91538874982 20.7471054741 0.0020256524794
249 27.5536963832 -6.97159754909 20.7518740584 0.00572533315818
250 27.4092588624 -6.06608769693 20.9753555416 0.00448808183363
251 27.2712090483 -5.20950944106 20.6052877209 0.00477012461437
252 27.0509295754 -4.34281325911 20.3074770605 0.00423399276334
253 26.5319570493 -3.62513049962 19.9867715188 0.00590673154899
254 25.7616974855 -3.42330368589 19.484917495 0.00222945331753
255 24.9543410295 -3.24672195951 19.0352871779 0.00757682842318
256 24.2066619742 -2.99295006671 18.5256960674 0.00540877819799
257 24.8035008697 -3.46918101633 19.0721170948 0.00240229073733
258 25.7261251368 -3.37216097997 18.9317996222 0.005209725506
259 26.2961966213 -4.00670688646 19.3208657025 0.00822917007797
260 26.9684044912 -4.60707358154 19.5737469702 0.00714050682295
261 27.8038655006 -4.89104534077 19.8825606675 0.0162687262754
262 28.6053769909 -5.24559474585 20.1993240607 0.0045005362351
263 29.1989363588 -5.89027674554 20.5138533702 0.00265309845121
264 29.5519703718 -6.35133864135 21.2415812364 0.0028187538764
265 30.1280643308 -6.8082656123 21.8113798463 0.00428694046728
266 30.486072965 -7.45726519138 22.3720490711 0.010358507468
267 31.2519328536 -6.93886609978 22.4335222359 0.00481933279844
268 32.1610294205 -6.76389244642 22.426460857 0.00305653957429
269 32.5656334752 -5.98715533871 22.7248729326 0.00487781413084
270 32.4712239809 -5.14441105872 23.0923292265 0.00314837444649
271 32.5723519447 -4.59723623117 23.8299769073 0.00508704471838
272 32.4519059724 -3.93756369551 24.4636709024 0.00353442373232
273 32.0116127272 -3.46817618874 25.1236621253 0.0249348360412
274 31.7112613629 -2.81187916313 25.6865089202 0.00936568630787
275 31.6941412006 -2.13377455695 26.2971936242 0.00630411729086
276 31.6063608584 -1.28577496238 26.6168547275 0.00677120702889
277 31.7872315031 -0.401916578256 26.5116126039 0.00362010204478
278 32.0501842542 0.457201268265 26.3862625925 0.00732509957332
279 32.0063903163 1.06089616435 25.7128895031 0.00785725591356
280 32.0921736103 1.82437296662 25.2394556495 0.00494281365961
281 32.0104951878 1.99078832124 24.3571699443 0.00299347268888
282 32.2245533822 2.16557134616 23.5002078565 0.0106525982748
283 32.1707094712 2.24738914145 22.6090063179 0.00453809459164
284 32.0059327272 2.76340224731 21.8973609896 0.00447405156871
285 32.0191261698 3.30583602716 21.1886694063 0.00625689004321
286 32.6452026666 3.92987302592 21.0927709743 0.00831168891455
287 33.4856570562 4.13825794301 20.9071647894 0.00639053406177
288 34.2878335919 3.90220827021 21.1900116466 0.0142377875417
289 35.08879091 3.62968855506 21.4159425248 0.0198511508858
290 35.5760600585 2.92965185187 21.5579831402 0.00382674742272
291 36.2971387797 2.5180097922 21.7912159516 0.00561773090487
292 37.0075395758 2.10738904146 21.5371655668 0.00737784486278
293 37.8151941278 2.16063013864 21.2642917404 0.00424169385862
294 38.2747999703 2.67666368124 20.7665527165 0.0130740887521
295 38.6472863239 3.15592419868 20.1825815551 0.00927808512725
296 39.2022840464 3.19715473006 19.5600821314 0.00397510144307
297 39.7310608602 3.0436641819 18.9367889202 0.00543775100006
298 40.5071691198 3.32134724338 18.9901692286 0.0111545006511
299 41.1611101302 3.70589940055 18.6903827854 0.00467060775473
300 41.7521053062 3.91179827811 18.1738902535 0.0013064878176
301 41.9473866214 4.18423108837 17.4356534824 0.00763445712511
302 41.3502823909 4.46893014967 16.9826970384 0.00592244318879
303 41.2427512927 4.00405761846 16.3499341506 0.00960549219562
304 41.122279468 3.33146822257 15.9745670122 0.00453372229789
305 41.4300680762 2.85912147965 15.444558721 0.00391277841295
306 41.8792034024 2.26850591391 15.2480738312 0.00726822718344
307 42.1105301199 1.90075104279 14.6274069862 0.0363923873029
308 42.1115763345 2.03371670549 13.9501269409 0.00834485070112
309 42.6089426665 2.16871680683 13.5226664827 0.00783048525106
310 43.2156424995 1.95316427275 13.6009879737 0.00528482569592
311 43.5903565103 2.446782942 13.4683091989 0.00939731444726
312 44.0397077943 2.40354871674 13.0649110301 0.00766700316948
313 44.5688520205 2.45786785682 12.8365199439 0.00975462477447
314 45.057586688 2.33113422529 13.0334094863 0.0294679019272
315 45.2283076869 2.03912462173 13.2518402216 0.0097630014801
316 45.1481378913 1.71075232645 13.2351936879 0.010732426595
317 44.9330787438 1.86002650124 13.1626029707 0.0124381296419
318 44.7699561241 1.90190834124 13.0494177135 0.0184827500305
319 44.7827937258 1.81101965894 12.9835287916 0.0105966233084
320 44.7471966255 1.83771069762 13.0393749823 0.0061044945263
321 44.7141068365 1.87236004118 13.025781719 0.0088265125677
322 44.7275234643 1.85543862876 13.0145732025 0.00807988248678
323 44.7319545804 1.84977324517 13.0126176829 0.00697256714254
