0 0.882184142007 -0.327226371552 -0.31874231125 0.000977328949259
1 1.75654944646 -0.671897423833 -0.640614846883 0.00740467917427
2 2.66166912555 -0.972040636357 -0.919035837413 0.00527470250887
3 3.57645193331 -1.27493855667 -1.16032718371 0.00460754510613
4 4.53851325312 -1.49755112808 -1.2681595416 0.00828059179971
5 5.50837569183 -1.65843461033 -1.41014302241 0.00289572585482
6 6.4760582183 -1.75284741758 -1.61344588717 0.00293814494934
7 7.43129989254 -1.83615543889 -1.87269170004 0.00683341103674
8 8.39711696932 -1.97506042731 -2.05835393679 0.00419414089113
9 9.35236259002 -2.22644526593 -2.16245308224 0.00473505207491
10 10.3126305699 -2.42527871127 -2.32004988435 0.0345762839633
11 11.2371605302 -2.7287397712 -2.51836897079 0.0024451965601
12 12.1524515744 -3.05749808888 -2.71914879559 0.00370068509695
13 13.0962329027 -3.34655247693 -2.82794029827 0.00537110572594
14 14.0394284332 -3.59466012737 -3.0147319457 0.00213957535333
15 14.9717370977 -3.83210345586 -3.26064539254 0.00623698250193
16 15.905962694 -4.0511351608 -3.51607086219 0.00280202836387
17 16.8628003197 -4.26300692288 -3.67585443166 0.00578135446972
18 17.8253748916 -4.20846196119 -3.91331165369 0.00264831319899
19 18.8017158244 -4.22110200139 -4.09352971778 0.00892133920247
20 19.7817780232 -4.33422342148 -4.20520325154 0.00242118747031
21 20.7248623461 -4.40501346564 -4.50747033466 0.00375185508895
22 21.6615213003 -4.38510550753 -4.83614328289 0.00246022521111
23 22.5698638061 -4.23826860544 -5.20908902027 0.00401601250144
24 23.4725932173 -4.09590607956 -5.5970474803 0.00394030809265
25 24.3329329598 -3.8059862962 -5.99882515276 0.00339229223704
26 25.0816908492 -3.366091171 -6.4799703058 0.00370746488653
27 25.746381632 -2.77274578734 -6.91783787421 0.00341269292634
28 26.3109298842 -2.13767716068 -7.43121617032 0.00451957787361
29 26.8530726535 -1.68003676026 -8.12565035867 0.00601206925407
30 27.3967323048 -1.26498984515 -8.84517200732 0.00339045795275
31 27.9597258268 -0.898899465564 -9.5762858816 0.00778804803752
32 28.5433139349 -0.554143967182 -10.3015441169 0.00469825225355
33 29.0652441243 -0.0462292646436 -10.9760642161 0.00659431926457
34 29.5226809709 0.509295221023 -11.6597642347 0.00219038213562
35 30.0122231911 1.03803172482 -12.3424537448 0.00342974917794
36 30.5146334846 1.66655284297 -12.9236221626 0.00457465753584
37 31.0356086372 2.25434061405 -13.5304683736 0.00167504911931
38 31.5078358234 2.66534144284 -14.3007219696 0.00458020464114
39 31.9432347062 3.07451004835 -15.0933006093 0.0216529489598
40 32.3565458694 3.6050533031 -15.8231071567 0.0252392771862
41 32.7149079652 4.20103400138 -16.5309364025 0.00426427268314
42 33.0315351965 4.91377338002 -17.144376665 0.00421299014961
43 33.2465195292 5.71543734841 -17.6880751146 0.00452934335923
44 33.421013799 6.57149144816 -18.1583351036 0.00782714779045
45 33.4452335133 7.44533690195 -18.6275265136 0.00353982993025
46 33.5658291254 8.28014459386 -19.149886317 0.00416759264725
47 33.5546704069 9.14717397591 -19.6319489703 0.00203503428966
48 33.475334529 10.0261014256 -20.0851716966 0.00500958027246
49 33.3205251553 10.9402785086 -20.4379517859 0.00493667545434
50 33.1984843515 11.8816089158 -20.7261783089 0.00474870590277
51 32.9676787156 12.7942200662 -21.0390519579 0.00300604230564
52 32.6914352677 13.6659437859 -21.4234813992 0.00360659610158
53 32.266009103 14.4020844339 -21.9344575975 0.00376567203811
54 31.7919035269 15.1446756509 -22.3902105237 0.00870648922411
55 31.2295249408 15.8871269093 -22.7312342403 0.00216456469557
56 30.6653670701 16.6252182818 -23.0786866512 0.00887542091946
57 30.0158940262 17.2631708652 -23.4722352098 0.00154494866798
58 29.316504096 17.7810439189 -23.9479888375 0.00466702169773
59 28.6278651164 18.3406480002 -24.3909732866 0.0076707289435
60 27.9000757032 19.0142616894 -24.3968716039 0.00337693710032
61 27.5616456903 19.3228708643 -24.3886461296 0.00294083591786
62 26.7561183767 19.888069674 -24.2681442065 0.00298208537823
63 25.9087117419 20.4022035856 -24.2489082531 0.0170342558987
64 24.9654395336 20.6648971827 -24.0945918025 0.0108493767771
65 24.0581160697 21.0387518348 -23.9551857632 0.00547242116965
66 23.1569643857 21.4304372892 -23.825299261 0.00593365984882
67 22.1860492466 21.6275308771 -23.7978303271 0.00318134128807
68 21.2113846286 21.8068160525 -23.7869435332 0.00305663932329
69 20.2954091319 22.0990426283 -23.5465259457 0.00447117399747
70 19.4172890479 22.4701231484 -23.2756839365 0.00787861123545
71 18.5166798161 22.6516209605 -22.9041699973 0.00521078101094
72 17.6130161772 22.7721291542 -22.5157607262 0.00417958303222
73 16.7753688332 22.8388331712 -21.9905285206 0.00501858032147
74 15.9461101645 22.6948459362 -21.4675587113 0.00393375622189
75 15.0680715959 22.5242442861 -21.041226923 0.00398818104718
76 14.1836221943 22.3087727378 -20.6499843424 0.00546019623016
77 13.2839073147 22.1999764206 -20.2495475643 0.037823416829
78 12.4675693754 21.9295103417 -19.7580396498 0.0051640038232
79 11.7921434502 21.5541122629 -19.1383758764 0.00308233353338
80 11.1980759302 21.2346965445 -18.4130045803 0.00444848878313
81 10.6415964104 20.8818668533 -17.6734866571 0.0115421255361
82 10.1079385276 20.6476130689 -16.8727166846 0.00199638922358
83 9.60525233677 20.2837741343 -16.1008487818 0.00427220928752
84 8.96877064107 20.0140666561 -15.3916915485 0.00590577472108
85 8.35882799514 19.5447757523 -14.7685059094 0.0107753762946
86 7.81090666783 19.1275210401 -14.0570476256 0.00308511287569
87 7.42695422091 18.6966195464 -13.252439368 0.00373643313721
88 7.04979282974 18.1797278291 -12.4968094427 0.00257700229555
89 6.74072548613 17.6384699366 -11.7274674821 0.00786562988032
90 6.51748376653 17.1334228182 -10.9056640914 0.00249120359856
91 6.27973281072 16.554071911 -10.1388349682 0.00295533848506
92 6.10454785041 16.1051835925 -9.27395614153 0.00505642933134
93 6.11958700873 15.7039705538 -8.36899821538 0.00345672035507
94 6.29407488941 15.2567136211 -7.50321464373 0.00327804111504
95 6.56365956262 14.935833152 -6.60633662753 0.0124497607017
96 6.96762766121 14.6267957382 -5.75716168168 0.00452986937054
97 7.48278664801 14.2916811687 -4.98128587125 0.00204795451751
98 7.97389018663 13.9676994643 -4.18535685794 0.00343197943464
99 8.51226274766 13.6363580293 -3.47400828658 0.00591408575758
100 9.14489794702 13.261639301 -2.81255629173 0.00572959622944
101 9.67991592775 13.0679814673 -2.00361597458 0.00432097920421
102 10.1938113605 12.9364244286 -1.16894891838 0.00364527388877
103 10.7179332922 12.8777433788 -0.332379559408 0.0036057892434
104 11.3331165468 12.8301939131 0.440391370692 0.00498664008157
105 11.8270264439 12.9368769064 1.29039628416 0.00294028162196
106 12.364220778 12.8201808369 2.1123239177 0.00487122542755
107 12.9125490872 12.6112999424 2.90815865465 0.00426664258943
108 13.5814177985 12.5645526423 3.6347614123 0.00855566091551
109 14.2596011988 12.6112302232 4.35255898827 0.00554124737276
110 15.0213096652 12.9117986658 4.90628186431 0.00637426506947
111 15.9732129434 13.0419846762 5.13833962567 0.0133859778597
112 16.8814651113 13.4245291426 5.21152685125 0.00506108224041
113 17.7515750896 13.8160604027 5.46871782348 0.00398291751125
114 18.6283521549 14.2202405341 5.67929235805 0.00392221161824
115 19.3724608198 14.8313262445 5.9011826025 0.00637152958963
116 20.056903779 15.5043918073 6.13515545679 0.00361551392432
117 20.6947132152 16.2574642754 6.18209377147 0.00479253283671
118 21.3182241908 17.0207480406 6.11390508372 0.00162597679899
119 21.8602064717 17.8457290274 6.07338192929 0.00345721503932
120 22.4016835287 18.6631422557 5.95276957457 0.00269324942466
121 22.8175285745 19.5591517771 5.96187691637 0.00298408733242
122 23.0861420454 20.509224168 5.99327627164 0.00822674094003
123 23.2959163192 21.4730939039 6.04368921028 0.00321661314929
124 23.4827586975 22.4416215634 6.09430985021 0.00230581853067
125 23.4181661448 23.4183189012 5.96254503096 0.00825475295879
126 23.2842382575 24.3609939684 5.70038000883 0.00343644883587
127 22.9695116831 25.2277460292 5.3469176838 0.00485168631191
128 22.6208106853 26.0622834636 4.95055552198 0.00110282182175
129 22.1914457177 26.8615972893 4.56085931379 0.00360764738835
130 21.6224605066 27.6253560373 4.30023012413 0.00279447888054
131 21.1381917886 28.3612778716 3.85425675761 0.00565719660989
132 20.6710675828 29.0521231588 3.32565712165 0.002879817053
133 20.149606322 29.7235111722 2.82353612005 0.00319056358802
134 19.4145548756 30.2496462694 2.4265817982 0.00150119909348
135 18.6150194589 30.718992963 2.08732735628 0.00204025924855
136 17.6293339007 30.695707022 2.13652022663 0.0045760842563
137 16.6643377548 30.4907937105 2.17143561481 0.00383415885265
138 15.6907834813 30.3701501594 2.06200991005 0.00330710510762
139 14.7197991554 30.2592095159 2.20035724413 0.00387170448667
140 13.7533472725 30.2588893604 2.40071276052 0.00441278676878
141 12.7687150004 30.1917089793 2.39525212131 0.00636455074195
142 11.7904730251 30.2652513097 2.50259663091 0.00448310223504
143 10.8242019573 30.1151993346 2.63519477043 0.00358960674895
144 9.86918848041 29.8686481001 2.60620915388 0.0036770561802
145 8.92142914466 29.5943259681 2.61533260116 0.00300846143356
146 8.03836819431 29.1892310787 2.7874397595 0.00768251956305
147 7.16094161098 28.7390387907 2.81493037553 0.003941397315
148 6.28418276716 28.3285903662 2.62507530359 0.0026955445671
149 5.4287387538 27.8538670056 2.49861661199 0.00333623949194
150 4.61906729014 27.321780911 2.31321152455 0.0055269348022
151 3.9697390327 26.6558453284 1.98480969038 0.0137367460894
152 3.44317160207 25.8767598122 1.6876288826 0.00409334778874
153 3.07789592213 25.0214598049 1.35976284976 0.00653437010712
154 2.73943197944 24.2422536891 0.85913537201 0.00531756688953
155 2.46506276884 23.4556732652 0.331664449709 0.00233217963671
156 2.26647456373 22.6859512928 -0.251660537238 0.00927886570105
157 2.35281644597 21.8756942611 -0.806572858414 0.00356556403217
158 2.70368991714 21.062752564 -1.23987656435 0.00492160428857
159 3.19832247827 20.4253201129 -1.80616282589 0.00416198157728
160 3.74841310757 19.7816451298 -2.31073314416 0.00391915300245
161 4.22483367504 19.1415174271 -2.88926006718 0.00351087004917
162 4.80944692712 18.5039746967 -3.36153282369 0.00306589680166
163 5.54379132198 17.9017003755 -3.6244236484 0.00538264881015
164 6.42596169711 17.5703203768 -3.91237588652 0.00808291613571
165 7.24103705845 17.3844298323 -4.43381807976 0.00237550494639
166 7.98407814805 17.0758879091 -5.00254551572 0.00291173634328
167 8.68960295529 16.9515004527 -5.67893367156 0.00220308079187
168 9.21001299739 16.9755517436 -6.51522859979 0.00706444286021
169 9.73892839406 17.1855408926 -7.31940766737 0.0018474905485
170 10.2449300716 17.4898588939 -8.10797214361 0.00466710776585
171 10.8177224766 17.7063700263 -8.87956413429 0.00315974527541
172 11.4535453224 17.9312162063 -9.59744686032 0.011480417481
173 12.0558139776 18.2579887364 -10.3047673015 0.00781833425017
174 12.5329374683 18.5766763378 -11.1050318586 0.00314370390696
175 12.8917739262 19.0120070843 -11.9120381577 0.00317449766405
176 13.0471211989 19.5093164414 -12.7475066022 0.00734968510593
177 13.0474272814 20.0953027344 -13.5385794001 0.00256114443751
178 13.0858331563 20.6508164745 -14.350391226 0.00320810738329
179 13.061110265 21.3345620857 -15.0580613977 0.00313082881485
180 12.9583436676 21.9508089522 -15.8186742635 0.00267521825528
181 12.8897781311 22.7353744325 -16.4089228025 0.00610042689508
182 12.9153087232 23.4739935863 -17.0587376942 0.00492008352755
183 12.9429236234 24.1708375597 -17.7529845013 0.015227228975
184 13.0525976368 24.9868902961 -18.2912418076 0.00185347467576
185 13.1363590848 25.8608637028 -18.7347815961 0.00408505031688
186 13.1528105442 26.7614080434 -19.1299430323 0.00416098907809
187 13.2911091084 27.6186546319 -19.5917727433 0.00410053422417
188 13.206614232 28.485693657 -20.0481020285 0.0069218167797
189 12.96152435 29.34469011 -20.4590898758 0.00528499855154
190 12.7414929812 30.1986978509 -20.893746685 0.00252978963652
191 12.3222770029 30.9370942322 -21.3893636893 0.00411984362161
192 11.8846823008 31.6344331122 -21.9266778712 0.00631301400266
193 11.6006800172 32.3883080544 -22.4899442908 0.0189150337457
194 11.166560396 33.1301496053 -22.966048309 0.00474452414599
195 10.7765989245 33.8581932598 -23.4982055623 0.00272109883711
196 10.3390968226 34.4380297055 -24.1597754413 0.00707048910436
197 9.90906192856 34.9561661 -24.8750780129 0.0075178925293
198 10.0968366267 35.1058711357 -25.8276105625 0.0043974296342
199 10.125344439 34.740034389 -26.7387154505 0.00254401860348
200 10.2087209004 34.3975662407 -27.6554632736 0.00464097443236
201 10.1261046092 34.0056253792 -28.5521259252 0.00415604307851
202 9.9912946384 33.5635808182 -29.4185335408 0.00684776981899
203 9.79646914595 32.9579592323 -30.1662590458 0.0054181170367
204 9.65998668802 32.359193542 -30.9320684607 0.0035605302635
205 9.49329744337 31.6510624266 -31.5909502207 0.00388052161279
206 9.46361821832 30.9495888721 -32.2767104558 0.00598939646465
207 9.42123478965 30.3813510225 -33.0756884758 0.00614567470403
208 9.40393619419 29.9099065327 -33.936089086 0.0101555740081
209 9.30321999718 29.4065038806 -34.7720336432 0.00444490200962
210 9.20244558056 28.8131717438 -35.5465612954 0.00499213373869
211 9.09305965747 28.3706818815 -36.4150080316 0.00564708219157
212 8.96660526816 27.7999536936 -37.2023367188 0.00278916724252
213 9.00540862832 27.2389824176 -38.0056414073 0.00249692591621
214 8.84906852455 26.7217311966 -38.8238096855 0.00149628909024
215 8.87654217653 26.1504385226 -39.6201544829 0.00581611450779
216 8.91043253419 25.4109436569 -40.2626990491 0.00345412585576
217 9.14335090771 24.8572567962 -41.0372983881 0.00473001312348
218 9.31713703315 24.4419476625 -41.9079405919 0.0060805410514
219 9.56854838211 24.1402616875 -42.805833735 0.00501489512771
220 9.77248412038 23.936220513 -43.7423222113 0.00336932039045
221 9.95774820597 24.1563951791 -44.6789461355 0.00476654918995
222 10.5155863529 24.3450750595 -45.4617952324 0.00619679192975
223 11.031811703 24.5551199533 -46.2672361377 0.00423977028054
224 11.0325255517 24.7063658424 -47.2349403406 0.0060526011248
225 10.9894767061 24.9253646078 -48.1884482345 0.00997671363628
226 11.074599215 25.0960058272 -49.1487112706 0.0042006764506
227 11.0747040705 25.3912962492 -50.0819897051 0.00436811908506
228 11.1407837449 25.3053867692 -51.0547565265 0.00375880151004
229 11.2671349806 25.1523999797 -52.0131017316 0.00297952859271
230 11.3479244122 25.3581956514 -52.9663824819 0.00471758992724
231 11.2813899676 25.5225776058 -53.9286320322 0.00518860291889
232 11.3716351911 25.6747775657 -54.8908018024 0.00537326773529
233 11.4519065685 25.8580296438 -55.8482680039 0.0126464185731
234 11.6234115728 26.0927813054 -56.7817954475 0.0046448886478
235 11.9336015702 26.4353341628 -57.6432242861 0.00818118607611
236 12.2790502551 26.6922191677 -58.5206202948 0.00824579448785
237 12.6023618396 27.0919865254 -59.3514241864 0.00265928510852
238 13.2411352383 27.653515412 -59.8317391254 0.00417291223551
239 13.717601626 27.9904070625 -60.615049445 0.00561693338955
240 14.2006615857 28.3498373659 -61.3839316517 0.00786961352282
241 14.9118409268 28.7580490971 -61.913595728 0.00364958272209
242 15.6402633548 29.2996819279 -62.2722428299 0.00604728171697
243 16.372699622 29.9073077753 -62.4877678659 0.00290203435025
244 16.9506737719 30.6008621481 -62.8578098193 0.00845467601496
245 17.5618784589 31.2332905091 -63.2796214269 0.00419267001008
246 17.6418547439 31.4584275569 -63.3961144386 0.00128441598965
247 17.8504036834 32.2960994677 -63.8485062774 0.00567800894654
248 17.7087760869 33.0256947571 -64.1833722853 0.00257308202331
249 17.5438182177 33.9467127394 -64.436484986 0.00362802348484
250 17.3679154657 34.8996196817 -64.4240800536 0.00187702063748
251 16.7993716263 35.6626110026 -64.2408376185 0.00533969015527
252 16.0973451028 36.2834884963 -63.9956070508 0.00360031574163
253 15.2207970793 36.6269797535 -63.7680737816 0.00320183647881
254 14.2845368676 36.831143147 -63.62855305 0.00199739045404
255 13.8369971188 36.7062925 -62.7786144011 0.00366783816389
256 13.3086128738 36.2314958215 -62.1206127945 0.00307068667656
257 12.8362700057 35.6828021961 -61.4779044748 0.00400324391792
258 12.8871679835 35.325339758 -60.5796383363 0.00329872560758
259 12.7687903793 35.0644774165 -59.6550338414 0.00159336517535
260 12.6557343535 34.989625356 -58.6966646386 0.0034898482137
261 12.6236593031 35.0237663502 -57.7300696409 0.00340433774841
262 12.5195957413 34.9286324769 -56.7728688867 0.00380707346046
263 12.9972724022 35.0393711689 -55.9391939389 0.00288963336696
264 13.4958824336 34.4274965863 -55.3808908939 0.0012850559606
265 14.1769642411 33.9883690094 -54.8538067234 0.00276868507755
266 14.5783760424 33.6192760468 -54.0555244019 0.00648547973232
267 15.1795163258 33.4889981823 -53.3102419636 0.0046641931805
268 15.750002595 33.4779462617 -52.5306694421 0.0141164692241
269 16.4475687212 33.5748728844 -51.8707871955 0.00585459813498
270 16.9785696201 33.5668261287 -51.0652137332 0.000643841977638
271 17.5457568982 33.9500100479 -50.3854021966 0.000988069656174
272 18.0833764029 34.4215393381 -49.7380017205 0.0069887025242
273 18.3222978899 35.0485463894 -49.0455575612 0.0042283104157
274 18.6756762182 35.9174705594 -48.8247925507 0.00420525512161
275 19.0258267385 36.6517905327 -48.3085254282 0.00241365857958
276 19.396985448 37.4160355315 -47.8544931299 0.00980257806052
277 19.8943674187 38.2382021523 -47.7990608034 0.00248127432125
278 20.4881779109 38.9509313429 -48.0551207214 0.00930798904086
279 20.8303656541 39.8383395637 -48.1973580296 0.00258750010117
280 21.0276865249 40.7484506197 -48.436653882 0.00165702044952
281 21.1579374022 41.6592219153 -48.7156200603 0.0017729122356
282 21.3224182819 42.5495953879 -48.3927354977 0.00225744918385
283 21.647970991 43.3656876176 -48.0030943146 0.0050581068336
284 22.0403330579 44.1830015458 -47.6851890334 0.00767467219019
285 22.6916652741 44.7966748897 -47.3372261814 0.00177131317117
286 23.0771051511 44.7597777875 -48.2161886409 0.00424100043427
287 23.3230729417 44.561599414 -49.1229169934 0.00618357307114
288 23.330381356 44.8216876332 -50.0466772974 0.00482729949096
289 22.7391627925 45.2067043848 -50.696234006 0.00674626709318
290 22.0808889006 44.8035320189 -51.2642323632 0.00764734902008
291 21.5896847931 44.2934400914 -51.9091393974 0.00338961679046
292 21.2124493609 43.5180349183 -52.324976284 0.00157115154879
293 20.964164266 42.7361176377 -52.8182061464 0.00444929130841
294 20.6277385799 41.8610792154 -53.008988279 0.00422305166247
295 20.516666312 41.0382626542 -53.483806159 0.00638682437438
296 20.44340835 40.1825973895 -53.9034509986 0.00293695543376
297 20.6110007399 39.487835754 -54.5380047307 0.0048679671634
298 20.9702948553 38.9076687907 -55.2065457224 0.0109411927392
299 21.5171363653 38.3164316473 -55.7181605181 0.00312642427316
300 22.1798724563 37.8436883032 -56.2151808594 0.00695693843449
301 23.0050669643 37.4733886968 -56.5153339649 0.0015144149405
302 23.7681513998 37.3450509537 -57.0715981039 0.00338866676745
303 24.5687888869 37.2475651223 -57.578478848 0.0111621768327
304 25.2366902446 37.6336518328 -58.1353705502 0.00350803657492
305 26.1119965157 38.0032102234 -58.171919455 0.00401988529459
306 26.7937723415 38.664568734 -58.1401473607 0.00478203809126
307 27.6567349543 38.9869410323 -58.3717833127 0.00149938719959
308 28.3631419835 39.5388737402 -58.685456014 0.00949632760557
309 29.0895474057 40.0463863518 -59.024172002 0.00524722678786
310 29.4431996778 40.3222775349 -59.8599676369 0.00390867602597
311 29.6496938491 40.4928984577 -60.7695334078 0.00398193405358
312 29.701959203 40.9478622503 -61.5990999272 0.00754017950497
313 29.8558601351 41.4124531054 -62.4093656282 0.00294825880434
314 29.9078344687 41.8561017131 -63.2435650368 0.00158019486886
315 29.8905179013 42.2836521732 -64.0873402203 0.00403284909553
316 29.6950915584 42.4999691426 -64.9869206195 0.0070966236202
317 29.3516651981 42.6552761225 -65.8531050935 0.00601828912027
318 28.8420612387 42.4950452286 -66.6310196577 0.000840890975014
319 28.41022606 42.5103194544 -67.4699246855 0.00419379124558
320 28.1127397057 42.3857343016 -68.3562049181 0.00609087370919
321 27.5335930927 42.1967898465 -69.0747194662 0.00567121013621
322 26.7756435989 41.7527809549 -69.4115016913 0.00787356570455
323 27.3070430954 41.238319106 -68.8317136776 0.00369214279793
324 28.0398844604 40.7619874591 -68.4885432554 0.00552141841308
325 28.7453156479 41.3282655957 -68.2402547061 0.0212243935995
326 28.7465316367 41.7017140852 -69.0976319421 0.00718724867342
327 28.5559557836 41.1929277133 -69.857007465 0.0193474450443
328 28.4950650667 40.469805979 -70.4382421835 0.0104894082905
329 28.2122130281 39.7869228516 -70.9986515901 0.0050534312544
330 28.4457613294 40.5344237454 -70.5037373332 0.00635305111088
331 28.2520400145 41.2857171621 -70.0000418553 0.00241495834013
332 27.9071716493 42.1001956553 -69.7317899919 0.014772276954
333 27.2614289743 42.7540048299 -69.7888167671 0.00650413428089
334 26.5272433826 43.3032535328 -69.7253548387 0.00509444076516
335 25.9027370999 43.9665600247 -69.6141408184 0.00333019124864
336 25.0506026404 44.0188218887 -69.2792876724 0.00719686616463
337 24.1808354541 43.8904620485 -69.025608567 0.00539092428915
338 23.4820010247 44.2340317705 -69.5037024647 0.00299237258809
339 22.6558677199 44.2495486558 -69.8916410996 0.0023683046931
340 21.7850294321 44.3496073386 -70.1434240966 0.00389778915718
341 20.8765362515 44.4099609643 -70.1207804898 0.00511625340232
342 20.6699953096 45.0019932169 -69.4614967462 0.0078833144402
343 20.7203142579 45.4177667935 -68.6561917988 0.00400319744554
344 20.7957589609 45.8337637507 -67.854428001 0.0071198192279
345 20.5962179301 46.4975129919 -67.2746864253 0.0295240862227
346 20.1858283229 47.0495127119 -66.7057324606 0.00535610837531
347 19.6581769027 47.7273926736 -66.4729583807 0.00268804280084
348 18.9662838318 47.8589625451 -65.9300191896 0.00396145535605
349 18.1452844811 48.1890181913 -65.9927611104 0.00297661858918
350 17.6683515709 48.9139558255 -65.8148142808 0.00835385528715
351 16.9519797469 49.427952725 -65.7944735902 0.00833496469138
352 16.0858456484 49.5671709096 -65.7611845565 0.00447958055847
353 15.2745370429 49.8373509023 -65.5725429457 0.00768799500549
354 14.8422705549 50.1798326932 -66.2484969976 0.0061411353972
355 14.4945364939 50.7629978584 -66.7903606039 0.00476398486502
356 13.8263269541 50.7641805787 -67.3411666621 0.00244017886299
357 13.0157814612 50.5683856508 -67.5675211962 0.00126910875869
358 12.3233529568 50.1803764446 -67.2277464427 0.00893475183611
359 11.4961246281 50.0825810323 -67.0234171756 0.00603399889115
360 10.7688437469 50.1991313877 -67.4556149674 0.00736645793561
361 10.262893492 49.5185406181 -67.4278580513 0.00607417697709
362 9.49704197133 49.591572937 -67.0800008747 0.00553980620898
363 8.6576792452 49.5663401893 -67.0694158861 0.0213378166152
364 7.97501745287 50.0076664257 -67.1883584002 0.00851844501173
365 7.2851179163 49.6789641588 -67.4670354814 0.0103753525021
366 6.79284206048 49.1029368338 -67.7312361143 0.00624181868617
367 6.3845270286 48.5212260041 -68.0820616012 0.00713070693877
368 6.03733863641 48.5128312905 -67.3784533782 0.0103155459151
369 6.80445906929 48.5683696305 -67.3936239187 0.00831716822507
370 7.047107278 48.1449860396 -67.9733971845 0.0092426921965
371 6.92688241642 47.425844834 -67.8358772529 0.00495520012023
372 6.91705165898 46.8231031563 -68.2544677501 0.00750869431403
373 7.41062775072 46.7063234699 -68.766088716 0.00859175425508
374 7.51264786785 47.2872815838 -69.1484239158 0.0083471639388
375 7.98544035987 47.2949613936 -68.6529904729 0.00544484958241
376 8.16464374746 47.9351115185 -68.5608409887 0.00638809894903
377 8.30565039881 47.3898140103 -68.2262193154 0.0173016158297
378 8.78225093412 47.7006869487 -68.428574782 0.0108628321848
379 9.25989618875 47.6770119036 -68.1254310228 0.00901567416723
380 9.69120354382 47.9047111081 -67.9164017178 0.00641186912367
381 9.98404626446 47.8528886808 -68.3225497688 0.00887714838778
382 10.2127423678 47.9128655881 -68.7187972137 0.0135446268591
383 10.5463738915 48.0703441752 -68.8411273614 0.0153928389273
384 10.4586213808 47.7945369916 -68.8419484616 0.0135717148737
385 10.2862378888 47.7221176245 -68.9431121344 0.00580472077034
386 10.107523831 47.7544085215 -68.9279499354 0.00655452486657
387 10.123771301 47.751611832 -68.7790111096 0.00951956088132
388 10.0819310347 47.7025989335 -68.8636621938 0.00979139022317
389 10.0235737409 47.66934707 -68.8775310989 0.00788313235162
390 10.0533048736 47.6410250833 -68.8721258472 0.00648006946299
391 10.0603309585 47.6523552449 -68.852357511 0.00640933705078
392 10.0596122838 47.6608504142 -68.8575158464 0.0084468279752
