0 0.57340023558 -0.811091754503 -0.0155848903604 0.000980135511927
1 1.21885114058 -1.55345136357 -0.15411891272 0.00553599741652
2 1.81111523746 -2.34096817067 -0.28016989159 0.00094893002405
3 2.41359053914 -3.11032553734 -0.458933614745 0.00508173170684
4 3.09029467264 -3.60643037079 -0.990729293808 0.00435064703116
5 4.06015931956 -3.81844758716 -0.956568478712 0.00336848966835
6 5.01160724546 -4.08187527346 -0.846652217836 0.00246314103695
7 5.98145280789 -4.2802549949 -0.764485600612 0.00773478964354
8 6.93455850165 -4.4957753658 -0.586202919578 0.00269470027154
9 7.89473525728 -4.69383998351 -0.426671979595 0.00544080482553
10 8.84351656947 -4.92963579198 -0.251210739811 0.00401492969342
11 9.54691432688 -5.05279555441 -0.0614551634155 0.000625339468909
12 10.4936329535 -5.18741731384 0.207075244538 0.003789995548
13 11.4522296322 -5.19977004107 0.466714690176 0.00227343345163
14 12.383433406 -5.17857694889 0.811496430242 0.00474733258013
15 13.2292009916 -5.20455678759 1.33155217118 0.00281833140841
16 13.9770241405 -5.16072588627 1.98370622998 0.00178022221503
17 14.7330326065 -5.10706888536 2.62559298829 0.00241882329601
18 15.590931221 -4.80805053399 3.02679802176 0.00525513318444
19 16.4113066607 -4.79116200839 3.58630973758 0.00462889545506
20 17.2688543855 -4.83911735725 4.08491743155 0.00536205354947
21 17.8788552414 -4.60680281056 4.83341518432 0.00166788816718
22 18.4289191179 -4.35378034435 5.6206430873 0.0034153431893
23 18.8619541 -4.1155774246 6.48206946538 0.00327521251939
24 19.2070156844 -3.77883752515 7.35030140805 0.00646628528925
25 19.5243083104 -3.37692986302 8.20119325726 0.00722239899446
26 19.7798461958 -3.00749878387 9.0868508056 0.00116995871938
27 20.1033728866 -2.65010060416 9.95503693281 0.00275044387866
28 20.4908423765 -2.29034450433 10.7956059407 0.00409444300475
29 20.8981111462 -1.92143085209 11.6227119778 0.00435015697644
30 21.1892955273 -1.49875856207 12.4727692082 0.00419845610056
31 21.5193239164 -1.0047032454 13.268361485 0.0053264542681
32 21.8780901452 -0.544665223341 14.0718416679 0.00863502267715
33 22.1382294052 -0.0143524400418 14.8699264885 0.00316684722375
34 22.2943841954 0.582829939156 15.6476115072 0.0026138430843
35 22.48163644 1.26401953514 16.3452279325 0.00507368728178
36 22.693916517 1.99311590484 16.9847892528 0.00436607022911
37 22.8694838741 2.7460849066 17.6075642715 0.00871183963663
38 22.8978504153 3.40764846743 18.3472373679 0.00593564750919
39 22.8563198021 4.11613942535 19.0413756558 0.00418534135991
40 22.8042948034 4.90572761338 19.6407787493 0.00509493815279
41 22.7034757097 5.68904750582 20.2421394764 0.00213741675766
42 22.597886505 6.52356906618 20.769179903 0.00520577849115
43 22.5610919281 7.32859855185 21.3487330745 0.00564927503498
44 22.6884066929 8.15545243403 21.8829065867 0.00292665428964
45 22.7974019299 8.94469019754 22.4748926978 0.00594678974161
46 22.7508792777 9.6858186388 23.1334876645 0.00355622431977
47 22.6267793941 10.4208195223 23.7888638776 0.0055724108939
48 22.4006608496 11.1629912164 24.4078362509 0.00458867193281
49 22.1293924441 11.8665712935 25.0531454352 0.00211158000358
50 21.8420667094 12.5454434617 25.7176723567 0.00438814638941
51 21.5328811734 13.1539612463 26.4381605313 0.00171586113299
52 21.0842412951 13.7490391938 27.0935660327 0.00554578052068
53 20.6350492359 14.3089140775 27.7788905075 0.00252780655386
54 20.1379977123 14.8466646258 28.4486925312 0.00476182557324
55 19.5572419524 15.3445106036 29.0808942769 0.0118311067822
56 18.9823740388 15.7236669558 29.7953692978 0.00334345604283
57 18.2298147359 15.7138671125 30.4420571824 0.00349025843381
58 17.4206551061 15.7121082188 31.0163768234 0.00395355861284
59 16.5138410108 15.7362000354 31.4183789074 0.00375744827384
60 15.6362033797 15.5991686247 31.8604643296 0.00422083091387
61 14.8247990896 15.3983302307 32.3950001173 0.00940034181984
62 13.9188777023 15.3401350418 32.7952780631 0.00317294842202
63 12.990401533 15.2661887893 33.1369198472 0.00311923531936
64 12.1091522006 14.9503596415 33.4653537511 0.0036277326065
65 11.2848893357 14.539146536 33.8336982735 0.00485887650512
66 10.5034526868 13.9822312967 34.0853134343 0.00207225077482
67 9.71335446949 13.4040437816 34.2450568623 0.00607880846642
68 8.98971620663 12.7307018911 34.3284640015 0.00346070838367
69 8.43417232355 11.9433921275 34.5640173777 0.00484089743108
70 7.86034089996 11.1791923666 34.8297891492 0.0136702467025
71 8.55991156207 11.0694955179 35.5243657315 0.0063793535799
72 9.32892501313 10.9158009536 36.1316204435 0.0085369844523
73 9.99684584596 10.7659217575 36.8493375459 0.00482671937985
74 10.5642931762 10.8466944586 37.6587569173 0.0052387076635
75 11.2049595938 11.0870069673 38.3766526877 0.00672981000272
76 11.893956671 11.3413316737 39.043044078 0.00317202781041
77 12.5639300227 11.5993540011 39.7271517574 0.00557815301737
78 13.1356910897 11.9486455352 40.4582314426 0.00521624792677
79 13.6388174481 12.0330127248 41.0234580427 0.00132504680035
80 14.2428420464 12.1975333187 41.7906596936 0.00270685937797
81 14.7944789699 12.3381469367 42.6019535206 0.00252063678316
82 15.3421622406 12.4563963708 43.4194506558 0.0086762219964
83 15.7722126003 12.7548567326 44.260944126 0.00385914986274
84 16.246268821 13.061913017 45.0752244895 0.00909419569786
85 16.8221157658 13.3732603347 45.8191104496 0.00610010469244
86 16.9703947856 13.482781505 46.0252338003 0.00105114733027
87 17.4898977456 13.9198340505 46.7469143608 0.00154013078452
88 17.9558186637 14.4509078123 47.4415835111 0.000796758014124
89 18.2788042635 15.1393518741 48.0767021131 0.00174195623803
90 18.5454898897 15.8563342951 48.7063353982 0.00558863022918
91 18.720644479 16.6529856429 49.2686376112 0.00639063418775
92 18.4884029608 17.1629133061 50.0856878025 0.01325078245
93 18.11081298 17.5625842184 50.909720392 0.00324150956291
94 17.6246381741 17.8160818966 51.734745084 0.00559256291979
95 17.1491353816 18.1222365478 52.5479909287 0.00492209595759
96 16.6220774147 18.2615591133 53.3749940818 0.00438384781952
97 15.9928133523 18.4054115229 54.12623484 0.0188865338812
98 15.3746690435 18.4186842433 54.8998428969 0.00289495110318
99 14.7748112629 18.4449795939 55.6873636195 0.00521563259691
100 14.2191884404 18.5564809348 56.4994542309 0.00880324132776
101 13.7319148252 18.635383175 57.3578626922 0.00399972170945
102 13.0848052254 18.7794259698 58.093319769 0.00232543790966
103 12.6160091426 18.9714845011 58.9440629992 0.00712966555986
104 12.1403811495 19.0493233092 59.808951531 0.00532918160647
105 11.8032760103 18.982224649 60.7374572051 0.030770530157
106 11.7369873172 19.009312648 61.7247074394 0.00079817522593
107 11.6487202488 18.9393680369 62.7081155115 0.0043682069464
108 11.4405758758 18.9086712869 63.6752880692 0.00546554043386
109 11.1712112279 18.9655767288 64.6259659974 0.00768725095562
110 10.9472615699 19.0555839636 65.585758782 0.00674382727767
111 10.6013724579 19.1514786029 66.5079727221 0.00295469861428
112 10.2138016459 19.1999512891 67.4171988893 0.00307565546686
113 9.91620686585 19.1027741108 68.3559278087 0.00277283258089
114 9.63621143501 18.9580146913 69.2939126275 0.00592214779758
115 9.44470499806 18.6647900956 70.2193306415 0.00416755666371
116 9.30108424089 18.3757969934 71.1546603081 0.00354049777864
117 9.25306165886 18.1546401422 72.117844713 0.00383467277148
118 9.25401636763 18.075565793 73.1040666934 0.00389071824529
119 9.25506580255 18.2592495021 74.0762114886 0.00401356158608
120 9.54110771716 18.4196339123 75.0095722096 0.00777486356361
121 9.79927543429 18.5562658094 75.9546915624 0.00616963619429
122 10.3723941408 18.610188841 76.7590480516 0.00477086990076
123 10.6797321495 18.8626556035 77.6646641649 0.00542713386565
124 10.8214709548 19.1943196099 78.5856164637 0.00407262942257
125 11.0941576335 19.2829751062 79.5321714775 0.00344370587263
126 11.1467782392 19.4168400498 80.510666559 0.00532142649726
127 11.1622620101 19.2823136872 81.4903105752 0.0109989295071
128 11.1717872894 19.0766101842 82.4574768849 0.00420837456653
129 11.245256895 18.9522160823 83.4356736147 0.00763403896486
130 11.5082557913 19.0108219679 84.386970246 0.00169334440035
131 11.8199102076 19.0078222516 85.3252598239 0.00548812898103
132 12.111405031 19.1869028003 86.2528196323 0.00239847273872
133 12.4407367524 19.6419562994 87.0662976868 0.00181045939807
134 12.3875375516 20.5681640826 87.4073799271 0.00337789164628
135 12.1733762177 21.490465336 87.6909982327 0.00430641830458
136 11.7800095446 22.2325565545 88.2120484301 0.00509742149207
137 11.295601613 22.892675428 88.765609124 0.00254891885047
138 10.6552803542 23.5087587142 89.1982364123 0.00617305577266
139 10.0382476339 24.0322542265 89.7655835022 0.00261807761448
140 9.53919114575 24.55229377 90.4417195187 0.00378791839656
141 9.03048783494 25.0120046935 91.1533967168 0.00685898576474
142 8.55468817608 25.3978829853 91.928768629 0.00293435728312
143 8.12423937838 25.8401978592 92.7004516854 0.00197340608555
144 7.86135891246 26.3725637693 93.4903077592 0.00202944310666
145 7.76950495866 26.9758166716 94.2674749418 0.00450659126857
146 7.57215772283 27.5406286718 95.0537885485 0.0292391122134
147 7.24798094845 28.0242975152 95.8516453634 0.0118177701716
148 6.85966510788 28.5798125304 96.5699013321 0.00319795348977
149 6.40966745196 28.9193299424 97.3807612678 0.00157246834311
150 5.73922372601 29.0964606898 98.0838166477 0.00731054137275
151 5.07957509217 29.1502129848 98.8166039677 0.00501895207797
152 4.6052351811 29.1079158246 99.6815824723 0.00480624398078
153 4.0995431539 29.0506305995 100.527655897 0.00409031199955
154 3.62086115955 29.0824969527 101.390562914 0.00513576975375
155 3.21840725734 28.9807050502 102.286292074 0.00295520890142
156 2.89733381007 28.8376522573 103.208820547 0.00325851731238
157 2.57031841237 28.6431838756 104.119734884 0.00282972949285
158 2.21549691822 28.5985332594 105.039826148 0.00305413510691
159 1.94035376707 28.6925438602 105.98315118 0.00342965072978
160 1.70258817119 28.8213050704 106.932473066 0.00355874829479
161 1.38262051365 28.8698651868 107.864934169 0.00299951358661
162 1.20360889918 29.0094538966 108.825475553 0.00220888562941
163 1.23780766767 29.1315176834 109.804281607 0.00403445646201
164 1.23902072862 29.1547995502 110.790938646 0.00280636207707
165 1.27954942176 29.2103844327 111.775433583 0.00277517758688
166 1.34407306092 29.2933862116 112.75667583 0.00682248178931
167 1.34716375408 29.3232685865 113.742990149 0.00894580665932
168 1.36037067399 29.3053823496 114.729393619 0.00548472387469
169 1.20552665463 29.2077100854 115.698831627 0.00498964921939
170 1.12878492041 29.0988524977 116.676309193 0.00270188208389
171 1.13483922546 28.8926749715 117.640970852 0.0088296948506
172 1.12448854391 28.7439320439 118.615987865 0.00265699520924
173 1.33379964118 28.4383884045 119.530096675 0.00357698823757
174 1.65419702702 28.0834389835 120.392638207 0.00531354396241
175 2.07669461284 27.5736777498 121.123400487 0.00524606573811
176 2.64609809496 27.2765394259 121.871550608 0.00245372923395
177 2.66104286542 27.2992545667 122.857263993 0.00435412609684
178 2.51345715354 27.4194357307 123.824737908 0.00325269896467
179 2.15104014613 27.3784058317 124.740741327 0.0053348151722
180 1.96248092174 27.2254277983 125.696261734 0.00681495602859
181 1.89731674934 27.0640981673 126.666581689 0.00450656537177
182 1.8343191237 27.0242585003 127.649495804 0.00455445764437
183 1.74282744279 26.7663148984 128.596386997 0.00152746766457
184 1.61702476823 26.3290070491 129.470648561 0.00650803678487
185 1.63526272137 25.9365728478 130.374470515 0.00559368445727
186 1.6030369955 25.786150549 131.347848512 0.0061772604878
187 1.61628966962 25.6718276826 132.326471985 0.00617947162892
188 1.52552545699 25.6508007457 133.307330395 0.00981045848576
189 1.20048561477 25.8352008637 134.218779124 0.00375974135568
190 0.802807419961 25.979494272 135.108322008 0.00583428464666
191 0.49134409979 26.1412456429 136.028608521 0.00699729068362
192 0.13271567402 26.3600427078 136.919317569 0.00502017968094
193 -0.428967296103 26.5545581827 137.704346 0.00716160477582
194 -0.944095919471 26.6510331889 138.537854733 0.00500534965379
195 -1.37054284072 26.6962725363 139.424072482 0.00472018600144
196 -2.02452215419 26.7358175254 140.158744992 0.0016526199881
197 -2.72536526859 26.7366264884 140.849922145 0.00785923841946
198 -3.26000098569 26.7904656437 141.674554244 0.00955617746652
199 -3.89861050012 26.6589324884 142.411593469 0.00268388156282
200 -4.49010971908 26.3492903514 143.13443222 0.00364427674823
201 -5.05829292825 25.9182715748 143.812277404 0.00648663461465
202 -5.68568999474 25.5921036483 144.496270903 0.00804906355007
203 -6.11821070873 25.3565812248 145.347841649 0.00882967143807
204 -6.35089823167 25.0680396738 146.258917674 0.00286515276602
205 -6.32456265348 24.731235648 147.182626403 0.00168625554754
206 -6.03804521707 24.2306857638 147.979206104 0.00260034713047
207 -5.58389455204 23.897901252 148.785491797 0.00299507309641
208 -5.10651337032 23.5349373803 149.564801838 0.00309328378411
209 -4.6074924883 23.0393108987 150.25189653 0.00466991419235
210 -3.94541812574 22.6982918951 150.893706434 0.00306989317886
211 -3.46524955626 22.0952710937 151.50380574 0.00309876408469
212 -3.0543300818 21.505326014 152.174219298 0.00657532098301
213 -2.56023684686 21.0595927171 152.89763443 0.00451630747836
214 -2.04795639633 20.5475187327 153.561909487 0.00204367361107
215 -1.65161216873 20.4216252314 154.452473254 0.00724978517872
216 -0.997723385658 20.0398177289 155.078708661 0.00682944440631
217 -0.169983087377 19.8629804033 155.577441057 0.00411959537791
218 0.766095238098 19.7659491393 155.858923903 0.00140712793293
219 1.68873865272 19.9506688751 156.140776521 0.00309628307162
220 2.56674593158 20.252864898 156.460935008 0.00598175827955
221 3.51073673947 20.2545940785 156.73173876 0.0178785937687
222 4.48335828327 20.3798578884 156.776169701 0.00727660515274
223 5.42170047227 20.6037702442 156.957111423 0.00263822499474
224 6.28812722039 20.9923909329 157.205193228 0.00239170883838
225 7.09286206661 21.552254662 157.250775437 0.00736083235861
226 7.89338425221 22.1035246805 157.38521266 0.00933972870726
227 8.30441976254 22.8334504358 156.87452329 0.00786820702962
228 8.59204153374 23.7701286609 156.830648439 0.00297530794699
229 8.82091240801 24.7067166695 156.650868366 0.00428086201227
230 9.13091693118 25.6283480269 156.523656686 0.00418512860893
231 9.29976386911 26.4852074075 156.077677127 0.0188783938281
232 9.72792612838 27.2952731074 155.729641124 0.00520195388127
233 10.0297146793 28.1101103739 155.276403147 0.002782872173
234 10.27932991 28.9598729258 154.857000264 0.0024017051615
235 10.4352497443 29.8050061219 154.386198825 0.00529776410486
236 10.5198795524 30.7023945392 154.002232362 0.00517474586463
237 10.5163536454 31.6409231517 153.721625996 0.0127745505406
238 10.5580018143 32.570999559 153.418045142 0.00567482631627
239 10.5953633841 33.5072663804 153.134073842 0.00443316981909
240 10.6320067699 34.459814477 152.911178181 0.00686751601644
241 10.5065848831 35.4132190323 152.728748715 0.00354380440167
242 10.2583593425 36.3536031497 152.837581722 0.00444788860135
243 10.1847850437 37.3159195107 152.999084061 0.00443945777407
244 10.0731927696 38.2721573915 153.173618873 0.00371403217744
245 9.71478761216 39.0657359505 153.619715439 0.00220958019814
246 9.29011404888 39.7300251879 154.199002081 0.00261789981816
247 8.69577450762 40.3687564215 154.641418495 0.00854116836314
248 8.1384166927 40.9854317901 155.156761516 0.0360603749706
249 7.42852716733 41.6033902756 155.418268854 0.00299334299155
250 7.34999506196 41.19950692 156.304437249 0.00374890254512
251 7.22063136874 40.7710865778 157.17279545 0.00197098447777
252 6.93637815015 40.2291185179 157.934065696 0.00328982238569
253 6.796261697 39.5910862766 158.660077741 0.00389564561129
254 6.77283428117 38.9855209138 159.425813997 0.0083359925637
255 6.82580243753 38.3253128168 160.142983276 0.00416237145561
256 6.28371492061 37.6259351528 160.55464745 0.00393777119797
257 5.95218404188 36.8325041809 161.015931655 0.00342707301668
258 5.70618189591 36.1480623113 161.666466141 0.00346259175426
259 5.53331000067 35.2142473056 161.889474225 0.00316707585248
260 5.47168135622 34.259230579 162.078005649 0.00354939465418
261 5.46810899034 33.2953387807 162.226473706 0.00359188483804
262 5.73423303148 32.3573089035 162.214125816 0.00518985827364
263 5.71325006995 31.3874249171 162.311091266 0.00355865175007
264 6.62839467409 31.0780259065 162.180500381 0.0111849417938
265 7.54846390571 30.7905862369 162.037961719 0.00435466841363
266 8.42951647942 30.5836572683 161.677172639 0.00477433369201
267 9.39713664612 30.6551933575 161.591305111 0.00389603714622
268 10.3374851383 30.8962655667 161.513110287 0.00600114106422
269 11.2996195047 31.0373169557 161.562383395 0.00497088375735
270 12.2127210857 31.367481328 161.632254892 0.00522247376264
271 13.063269014 31.8334846757 161.550717494 0.00279201568239
272 13.9955637522 31.8862208632 161.824810692 0.00412607851432
273 14.9398083745 32.0676110246 161.973825936 0.00510657139681
274 15.754622341 32.2109606666 162.485730292 0.00189423197552
275 16.4358005237 32.3812917588 163.159172863 0.0307096014894
276 16.9753287428 32.9015250262 163.777369089 0.00344674285454
277 17.3621696183 33.3683162014 164.536478586 0.00383396392619
278 17.7209569752 33.815522393 165.320548397 0.00496313807487
279 18.1126540273 34.3094505477 166.059186179 0.00546988865862
280 18.4735648829 34.994615941 166.644483939 0.00450681174005
281 18.3016408008 35.7334905239 167.249792512 0.00489886168071
282 18.1365413185 36.5677620627 167.716719373 0.00333046040633
283 17.4581146925 37.2577381847 167.783262716 0.0036726972112
284 16.8456274305 37.995420799 167.63797497 0.00457258575275
285 16.2375039114 38.7504354881 167.648052824 0.00555983618232
286 15.9697550653 38.9847308996 167.591194173 0.00122347575411
287 15.2863592747 39.6658278026 167.529433637 0.00261153894939
288 14.5761233448 40.2483028525 167.830815067 0.00464235571749
289 13.8157227067 40.7244380246 168.190189619 0.00297054289531
290 13.0636150495 40.7405701751 168.796877313 0.0100610287265
291 12.4109777509 40.5422423843 169.480749394 0.00339792053284
292 11.8652414747 40.1413150113 170.169217314 0.00391752088213
293 11.2907126688 39.9753241457 170.927224505 0.00464781625891
294 11.1192635076 39.4568992561 171.723191832 0.00514034291726
295 10.9745871855 38.6871666654 172.286491066 0.00498094457731
296 10.9597831278 38.1770733748 173.10509596 0.00464624086228
297 11.0406469576 37.7931876391 173.986099761 0.0094060474146
298 10.7389509782 37.5074952396 174.855704214 0.00432659926826
299 10.6814953385 36.8896863616 175.592616191 0.00462699725503
300 11.1477127098 36.8993024098 176.435333168 0.00357321913522
301 11.5270630202 36.9177480927 177.320200124 0.00441961678096
302 11.9690763526 36.9715780415 178.173603698 0.00423212815937
303 12.4690880818 37.1580368697 178.974292685 0.00896019800502
304 13.0606648053 37.3212084664 179.714509033 0.0030728313571
305 12.5699309842 37.5790935935 180.499896856 0.0023427974763
306 12.2517261072 38.0979273573 181.24373588 0.0053780562708
307 11.5440072911 38.6075908213 181.646006289 0.00450820755643
308 10.810081662 39.029479908 182.09898876 0.0018384723241
309 10.3327394551 39.6837004371 182.614521607 0.00254406937158
310 10.0558153339 40.2612881017 183.329560829 0.00814670886964
311 9.66853021523 40.4894581666 184.177237507 0.00454542892574
312 9.48008987926 40.5184613619 185.117329197 0.00414643298158
313 9.28884918391 40.3383670101 186.039510008 0.0019972609168
314 9.01848241801 40.076659606 186.921222723 0.00422201650255
315 9.0700054843 39.4740609171 187.664348105 0.00546997304514
316 9.00682708496 38.714702681 188.244175029 0.00545409836279
317 9.27502464227 38.0263917252 188.852654738 0.003443142026
318 9.33158448839 37.2306215236 189.380655724 0.00416667419016
319 9.65498633871 36.3416185555 189.519326884 0.0044186198584
320 10.1853889038 35.5587590774 189.38086026 0.00375321108273
321 10.2613725013 34.8229076086 188.775919501 0.00761529527656
322 10.0894648665 34.0887345972 188.190057826 0.00593798090798
323 10.294379843 33.367877936 187.599225248 0.00577777669032
324 10.8104311694 32.7795049246 187.054203914 0.00246639046196
325 11.4931440244 32.7306370389 186.390275906 0.00447714610296
326 12.0094242543 32.716406286 185.589040127 0.00665948427303
327 11.5528552848 31.8908588905 185.717368696 0.00612110929221
328 11.6681823125 30.9669376084 185.913106433 0.00356600550795
329 11.7961812987 30.0262131538 185.968843394 0.00832618312263
330 11.5977061875 29.0995570629 186.036777153 0.00499971183398
331 11.3560373609 28.1846385731 186.115142994 0.00396766741175
332 11.1569209449 27.2907833445 186.364574191 0.00463500629818
333 10.7675032028 26.4838328504 186.676100475 0.00307873901175
334 10.3658277198 25.7071469382 187.043041346 0.00602742186284
335 9.73799363634 24.9978133053 187.060066173 0.0129458079875
336 9.25394643898 24.1857357278 187.087595612 0.00331004090518
337 8.98321545825 23.3184379421 187.34899624 0.00467406249397
338 8.89630499232 22.5559782716 187.900517613 0.00517635865527
339 9.12276666903 21.7694112057 188.371306233 0.00100378243845
340 9.46330517271 21.3733686491 189.158225299 0.00466537985093
341 9.7618621422 21.0310240153 189.985649713 0.00559179825224
342 8.99304179983 20.9391914208 190.523480492 0.00322223088011
343 8.82600498252 20.0583629162 190.812923448 0.00551838749667
344 8.6004383712 19.1447683189 190.794799069 0.00265642099629
345 8.36166563158 18.3614255275 190.331251507 0.00393426245255
346 7.93213489576 17.579428585 190.034353876 0.00551778934938
347 8.14806118536 16.7942030809 189.565727058 0.00278453182559
348 8.32913970464 16.2992256386 188.78795265 0.00647718241236
349 8.33486834355 15.9297873873 187.925082569 0.00682675854047
350 9.10360073895 15.5001629608 187.605400704 0.00526332171447
351 9.39402577226 14.6251259776 187.444558879 0.00648715360258
352 9.57880580598 13.7278142121 187.258807879 0.00303087611085
353 9.93758902912 12.8695199421 187.173010299 0.00514870321012
354 10.3021237086 12.0587662765 186.888476982 0.0040325641732
355 10.299979946 11.8199245304 185.986129398 0.0029141801123
356 10.2732436764 11.4595264606 185.126178073 0.00264814696805
357 11.1174790594 11.0659269396 185.126289849 0.00577470002098
358 11.9311337739 10.7697964574 184.785575859 0.002251586776
359 12.4751174361 11.0154955737 184.398840922 0.00474201879892
360 12.6352862356 11.6628348569 183.751412464 0.00927636375176
361 12.6705154179 12.1981780456 182.994570811 0.00242325099485
362 13.1178085357 12.753054454 182.401911412 0.00888306681356
363 13.5822820975 13.4159962253 181.954652286 0.00117655360503
364 13.9737234544 13.9472686315 181.306736168 0.00187928705606
365 14.4554205119 14.5319182217 180.777277704 0.00467847529865
366 14.3325981863 15.4061679027 181.046191743 0.00781491175655
367 13.6044692352 15.9348598194 181.242448037 0.00433443159702
368 12.8410406245 15.6759201849 181.686001423 0.0044152241477
369 12.0372609686 16.0723727952 181.888411831 0.00699082487501
370 11.1724926959 16.3499625909 181.762161177 0.0019962875445
371 10.2695889285 16.2418780141 181.875838711 0.0103717348638
372 9.4070125279 16.4440287562 181.652646366 0.00656045105704
373 8.75095086746 16.4488200204 181.018832297 0.00561588464808
374 8.10256932122 16.2687628796 180.405442117 0.00206805242796
375 7.34178262372 16.2745777327 179.906671465 0.00615649937241
376 6.46929196106 16.0250799155 179.907737237 0.00450466561856
377 5.57577082736 16.1528361066 179.986419095 0.00364290839
378 4.73942615013 15.8327803736 180.116240243 0.00317512524506
379 4.29885666105 15.045225104 180.066612459 0.00521534288023
380 3.87413238393 14.293533886 179.805195648 0.00256217957957
381 4.6100602984 13.7773260394 179.742574356 0.0148111928477
382 5.35658661817 13.3871721448 179.437718221 0.00254354681825
383 6.08676280768 13.422557673 178.921206179 0.00987725461432
384 6.73525190004 13.6462107364 178.35222861 0.00604645070088
385 7.3687253482 13.9206591161 177.79265375 0.0113727049428
386 7.79821378979 14.5236360732 177.310503481 0.00691276144556
387 8.03379396529 15.3712171295 177.321520978 0.00248913016124
388 8.08369384727 16.2372361603 177.182065635 0.0051975791115
389 8.54348723064 16.6350974816 176.550534904 0.00571867037425
390 8.46810019291 17.4996273593 176.455784476 0.00434607881823
391 7.84776898613 18.1005875846 176.346174672 0.00644499779374
392 7.14737159614 18.6076310463 176.282928945 0.00721758691194
393 6.2983390669 18.7532000283 176.235847037 0.00779052239231
394 5.48430846172 18.4825997611 176.232351594 0.00487402914558
395 5.24342387747 17.6800022085 176.400653812 0.00323701204297
396 5.71021631791 16.9681090673 176.355900571 0.0079643484238
397 5.96221877889 16.2177846155 176.657508093 0.00546307014515
398 6.22369643657 15.5178947322 177.048154748 0.00587177944175
399 6.3593966025 14.9253362815 177.626318171 0.00552184913738
400 6.71897330318 14.2907549745 178.030890154 0.00639289354533
401 7.34586610943 13.7549151054 178.107448981 0.00702899716145
402 7.89909132279 13.4755103654 177.566664055 0.00303003628264
403 8.20083410362 13.9015797475 176.934435932 0.0038174556123
404 8.47042539073 14.659500135 177.067173014 0.00646641585841
405 8.60622547498 15.445045835 176.931058982 0.00314610736221
406 7.87109346253 15.7064291235 176.731063343 0.00424804514122
407 7.29411575597 15.259977641 176.4004669 0.0107369518206
408 8.05084415977 15.2963419887 176.194919944 0.00647902621235
409 8.34553053707 15.8623251711 175.751868435 0.00928477236107
410 8.88740295224 16.3936911973 175.831083691 0.00913299963065
411 9.16916362284 17.0440629646 175.589033909 0.00176626763336
412 9.77254587002 17.4402328254 175.400556609 0.017678660411
413 9.98473029914 18.1086521958 175.535959691 0.0101244849386
414 10.1579660393 18.720533047 175.812232229 0.0120555023042
415 10.4479460755 18.1325377592 175.921142197 0.00520649001113
416 10.6349584816 17.5094568219 175.898471658 0.00683223795913
417 11.0853808215 17.1238580598 175.679988732 0.0118705819844
418 11.5375104639 17.3549590027 175.370370359 0.00755025791469
419 12.0039561274 17.4445791773 175.058857998 0.0121189969984
420 11.8630238995 17.6265426681 174.592331922 0.00932435694343
421 12.3231503546 17.6420181392 174.717593066 0.00424054381345
422 11.9827286244 17.7659151522 174.439520057 0.0125627922973
423 12.023921877 17.9432696839 174.095063326 0.0194735109322
424 11.9178896764 17.7043902106 174.142249329 0.018687840256
425 11.9592444104 17.5562401448 174.080880409 0.00640878123376
426 11.9463545891 17.4860022749 174.195255349 0.00846647654846
427 11.8970263332 17.5697326622 174.183141852 0.0138321178228
428 11.8503377002 17.5639663153 174.180789276 0.00911423535888
429 11.8360673654 17.551738853 174.170063337 0.0128416048231
430 11.8354419112 17.5518155466 174.169887479 0.00111237386768
