0 0.54631411776 0.430311198436 0.709495068782 0.00434316040245
1 1.20575191408 0.81053598572 1.34787062274 0.0063685988528
2 1.76169676487 1.3366010126 1.98117758714 0.0029468896291
3 2.18162820042 1.90840795602 2.67657972053 0.00471999305588
4 2.65286930411 2.46371408762 3.35216107144 0.00708732220578
5 3.09462591264 3.03528518619 4.03402727204 0.00369884101649
6 3.46240785456 3.75642856143 4.60971020552 0.00296488777412
7 3.78314667241 4.51479117119 5.16532156731 0.00336972352234
8 4.09080330123 5.32980145309 5.64255240021 0.00375638948837
9 4.33153221758 6.13631350453 6.17000830425 0.00424310605302
10 4.58727359495 6.94787678549 6.6823970327 0.00539382406877
11 4.83890790837 7.78450802247 7.15489295937 0.00585839691144
12 5.14068164605 8.62158473955 7.5961416364 0.00358506576036
13 5.31546001413 9.53792336342 7.93700998576 0.00315472784691
14 5.41675788689 10.4570672024 8.2993681795 0.00442287723211
15 5.51930507191 11.3705440462 8.67539536294 0.027317963051
16 5.53179811061 12.3021209415 9.01905723973 0.0186540322115
17 5.51451767012 13.2187769355 9.40032935052 0.00188419434015
18 5.35723820174 14.1125594935 9.8032278069 0.00156464046028
19 5.12717502948 15.0292237805 10.107657397 0.0230022731933
20 4.83494383051 15.9480236793 10.3444180561 0.00320936704595
21 4.42313802378 16.8019053796 10.63924986 0.00540779653664
22 4.02599771361 17.6833511048 10.8648482358 0.00438890726067
23 3.56381870416 18.5244016815 11.1189068524 0.00641800730778
24 3.01437949348 19.3460922565 11.2104743109 0.00504843121076
25 2.38858198645 20.1073989442 11.3295693544 0.00546595340964
26 1.64390163905 20.7510816352 11.4578775707 0.00378144019795
27 0.895184316738 21.3565507865 11.6990009163 0.00891609608474
28 0.231624726372 21.9945100653 12.0703983644 0.0024210071982
29 -0.502551497992 22.562823326 12.421419988 0.00446882881441
30 -1.25224601024 23.1262781746 12.7464385956 0.00471266364535
31 -2.01831406158 23.6331697746 13.1223653557 0.00286785579903
32 -2.80253304571 24.0048675851 13.6039817934 0.00652597058234
33 -3.60429398194 24.3133276797 14.1010535927 0.00447864003753
34 -4.36732329774 24.5738951935 14.6797715489 0.00345467332424
35 -5.11803475109 24.9074821715 15.2366673712 0.00525447388771
36 -5.94753625346 25.1676298507 15.7153687942 0.00507730834419
37 -6.81282707788 25.392672833 16.1460272086 0.0050140097264
38 -7.66983523318 25.5551386149 16.6192470783 0.00432712509038
39 -8.55863733911 25.6720522434 17.0448048731 0.0151582616528
40 -9.48050356036 25.6674070924 17.4118209586 0.0080539808695
41 -10.3905841993 25.5223786104 17.7795036598 0.00437797634388
42 -11.3426211451 25.380001691 18.0198282698 0.00142232533804
43 -12.2759535877 25.1487237822 18.2643423191 0.00164306472937
44 -13.1796590017 24.8781486455 18.5717220908 0.00384384462366
45 -14.0997459174 24.6850940305 18.8887473302 0.000969277146709
46 -14.9698727734 24.3976956601 19.2690329351 0.00751218835187
47 -15.756045613 24.054827099 19.7676826945 0.00447447562952
48 -16.5333916724 23.5927914347 20.1756796146 0.0032506395807
49 -17.3555680493 23.0387028125 20.1419779328 0.00381713745906
50 -18.1326674654 22.4458893797 19.9723427591 0.00531903138403
51 -18.8901726561 21.8324828415 19.7880999722 0.00438794896861
52 -19.6237959094 21.1785419122 19.6534527158 0.00231230003623
53 -20.4176436423 20.6118335711 19.472909145 0.0071552649597
54 -21.0693139398 19.8793040579 19.3226160953 0.00543907531587
55 -21.6383955647 19.0784405102 19.1863817613 0.00533949553665
56 -22.0950315399 18.2055493648 19.0711618621 0.00467597328932
57 -22.3516211648 17.2504345516 18.9963939144 0.00823003664997
58 -22.4939238946 16.2690139677 18.9847589922 0.00573646930096
59 -22.5606253534 15.2872922584 18.8611487256 0.0030609944691
60 -22.6064356393 14.3028007305 18.7509417037 0.0203133585016
61 -22.6360504449 13.3297234191 18.5626184815 0.00319507852127
62 -22.6186215496 12.3590693065 18.3608506997 0.00775664410189
63 -22.5982526001 11.3734280936 18.2551470513 0.00623519110919
64 -22.4218440783 10.4042000168 18.1434580142 0.00104232110756
65 -22.1042596568 9.46525316867 18.121105967 0.0150154559325
66 -21.7529543576 8.53863587224 18.1485133139 0.0052642263831
67 -21.3421240844 7.63680355802 18.1233322656 0.00254184334053
68 -20.8406967521 6.78175678685 18.1355445425 0.00603020992996
69 -20.3482986406 5.92168408046 18.1149836648 0.00390308990839
70 -19.8155576892 5.08580262797 18.1213769805 0.00380289402478
71 -19.1090323704 4.39060471111 18.1261228029 0.0108956470849
72 -18.2802818321 3.85552339506 18.2221271122 0.00619038835502
73 -17.4388201159 3.33951763869 18.3112994511 0.00556183288672
74 -16.5631737898 2.87751329392 18.3558948143 0.00746696685942
75 -15.6575546751 2.47510290103 18.3528756754 0.00197790665043
76 -14.754570031 2.06797422054 18.3833209083 0.00228333349012
77 -13.807616666 1.77961338598 18.3368690494 0.00662037264303
78 -12.8321432982 1.60532163122 18.3401671814 0.00256267704855
79 -11.8564835134 1.57025290967 18.509777205 0.00495747680137
80 -10.8795300693 1.58846213791 18.6743036448 0.0044416698014
81 -9.90171395676 1.73400451158 18.7410965021 0.00237091769411
82 -8.934586986 1.81530840636 18.94059653 0.00370121714637
83 -7.99705457993 1.97164096694 19.2204125483 0.00510426170406
84 -7.63374950768 2.83946969826 18.9097382135 0.0171100169806
85 -7.42215319386 3.75692298353 18.6016939846 0.0061195182251
86 -7.33092013976 4.73182150963 18.4516263959 0.00307170457703
87 -7.24304377096 5.71836230032 18.4363670639 0.00182008395577
88 -7.13089111211 6.70194420495 18.4020271844 0.00565307329768
89 -6.99872054132 7.68300361018 18.3679844257 0.00530505815732
90 -6.91208100714 8.66911474806 18.3347678701 0.00497082729236
91 -6.99293265715 9.64397090401 18.179607208 0.00548645600931
92 -7.17421573571 10.5923177434 17.9590292593 0.00483777608935
93 -7.35524818311 11.5348718505 17.7148416036 0.00471136917421
94 -7.64926794163 12.4788382726 17.6583035048 0.00470935321545
95 -8.19098368075 13.2720692821 17.4174933006 0.00205333442709
96 -8.80365835302 14.0427934825 17.31153486 0.00386261560863
97 -9.40624447547 14.8126696754 17.1542540432 0.00380814745399
98 -9.95970983477 15.6208401463 17.0092315495 0.00319976329285
99 -10.4589135084 16.3946735062 16.6452830434 0.00245164646558
100 -11.0666616571 17.1239580311 16.3638398659 0.00308934027932
101 -11.7909147392 17.6852899219 15.9886613528 0.00265310788831
102 -12.4685934141 18.1997878376 15.4822678048 0.00231128087052
103 -13.1422475669 18.7445424804 15.0029169917 0.00254476387351
104 -13.8568658501 19.2452113387 14.5349946126 0.00153771582589
105 -14.4960021283 19.8057241708 14.0274335868 0.00694883390261
106 -15.1657172339 19.5992232614 13.3280823735 0.00703712038733
107 -16.009561151 19.4161217034 12.8438795186 0.00321888613498
108 -16.8897890355 19.10865652 12.5112842817 0.00249558567136
109 -17.5769846188 18.512748595 12.1206638737 0.00787523990106
110 -18.121658722 17.7372260552 11.8348898554 0.00474239223837
111 -18.5026658114 16.8389914232 11.6685135279 0.00465891472982
112 -18.8111421801 15.9088284919 11.5298418657 0.0059699211296
113 -19.5494404035 15.2754697059 11.3474539596 0.00407359749731
114 -20.331419077 14.7039756136 11.1441579965 0.00409268634332
115 -21.1937462134 14.26240755 10.9422579153 0.00680319451941
116 -22.0275242398 13.8117783569 10.6576585696 0.00135189585933
117 -22.7903138904 13.2593157464 10.3540692899 0.00304940147821
118 -23.4737013972 12.6945963468 9.91442729324 0.00272634531107
119 -24.1427420348 12.1911325237 9.38707315464 0.00448740622875
120 -24.5817599239 11.5646996025 8.75937854066 0.0061367060803
121 -24.8786478122 11.020590292 7.98806737581 0.00363229559232
122 -25.1178803807 10.4671791 7.20348810983 0.00806984030019
123 -25.0924890991 9.91498231775 6.38289658671 0.00296109837677
124 -24.6628264083 9.48452396551 5.60254095529 0.00741711781031
125 -24.1687057067 9.09365033312 4.83979830088 0.0083805473002
126 -23.6169206367 8.83791672654 4.05960446586 0.00124067514664
127 -23.1270935375 8.5222318047 3.26024883874 0.00777172917524
128 -22.4971633624 8.19489493043 2.57148987696 0.00350880399251
129 -21.8939060898 7.75538766381 1.92250745348 0.00418341271111
130 -21.2397894154 7.30169913425 1.33560549186 0.000981753257105
131 -20.4826201803 6.6819128091 1.47904607447 0.00324089604755
132 -19.7427342973 6.04703418448 1.64473747426 0.00163432781425
133 -19.0916375444 5.35241268703 1.91215962077 0.00296504640563
134 -18.3271581599 4.77063953352 2.14665509622 0.00423618059528
135 -17.5083177993 4.24631133597 2.32656086402 0.00345397927858
136 -16.7188593384 3.69833916407 2.55938717817 0.0064563466505
137 -16.0211156953 3.00971459331 2.68797331461 0.00810787054081
138 -15.3814576467 2.2572419133 2.733133447 0.00855818207096
139 -14.7282821997 1.5182310426 2.66627652141 0.00270338789558
140 -14.1022172007 0.753743479256 2.69438331968 0.00339747081914
141 -13.4033421426 0.0650927520063 2.81462603373 0.00309316483602
142 -12.8273576655 -0.684495093528 3.10349961554 0.00530576867282
143 -12.4041788084 -1.28009066561 3.7693117999 0.00580649447132
144 -11.8949934179 -1.60368470037 4.5523090443 0.00319445248152
145 -11.4265911204 -1.8842295682 5.37627586568 0.00688163611181
146 -10.9621662166 -2.19903653296 6.18996083505 0.0031919192948
147 -10.529994828 -2.45943845376 7.03981547502 0.00545755983722
148 -10.0587735691 -2.84409645254 7.81869993382 0.00441932539174
149 -9.66445750363 -3.05575182727 8.69981487975 0.00328837077125
150 -9.31265597676 -3.3922210196 9.55980652348 0.00411322280016
151 -8.98966342656 -3.50410844354 10.486995263 0.00320024649485
152 -8.47215892182 -3.69044683175 11.3078752656 0.00135986680946
153 -7.91294712811 -3.85189961044 12.1063410771 0.00885504337812
154 -7.42048660067 -4.00006075445 12.9499642587 0.00332275750362
155 -6.72398523322 -3.91855603658 13.6458410011 0.00515126004196
156 -5.97013543218 -3.74038525594 14.258872211 0.0033147181077
157 -5.09266226887 -3.5674374168 14.6781733752 0.00548398000007
158 -4.1871409687 -3.33735933955 14.9985225145 0.00585914116434
159 -3.27172102614 -3.12828525242 15.3046018402 0.00468368173472
160 -2.33879232335 -2.91051224283 15.5443632664 0.00470296720204
161 -1.49588035976 -2.74352511719 16.0310337919 0.00541693979984
162 -0.652525959174 -2.66651184346 16.5389098628 0.00394970839305
163 0.136809291367 -2.51346200081 17.112127764 0.00443689688288
164 0.805646382601 -2.11425098709 17.7189661146 0.00419130850786
165 1.52906422345 -1.78064461183 18.3022557098 0.00401318666765
166 2.28081913793 -1.50099949172 18.8779435374 0.00571591192122
167 2.79179464012 -1.02102749831 19.5730785386 0.00738179463975
168 3.24708380483 -0.448305359804 20.2357880555 0.00412712077723
169 3.58643764451 0.241587190764 20.8548550071 0.00564705769957
170 3.85093448167 0.892386067092 21.5482253683 0.00452974444682
171 4.05550690176 1.47742794333 22.3163870446 0.00393176231052
172 4.26863911846 2.16505111592 22.9915066919 0.0031775509544
173 4.41543217445 2.78701837613 23.7435807163 0.00381996408092
174 4.31143998702 3.48038661385 24.4380578807 0.00283658870948
175 3.88254972099 4.10019846 25.0749658639 0.00377223082716
176 3.44751955443 4.78607640093 25.6352756456 0.00643239633726
177 2.83346438179 5.19244278178 26.2920226531 0.00732531173106
178 2.24888002512 5.42323882858 27.0525388203 0.00417397641416
179 1.72652183257 5.71294834128 27.8377195414 0.00441396502868
180 1.16992606674 6.04297090525 28.5823261752 0.017836953161
181 0.568890913681 6.30337308167 29.3196282158 0.0101857950649
182 -0.217146423123 6.51181337517 29.877277307 0.00528988236816
183 -1.05734290687 6.61605381393 30.382552746 0.0030205476825
184 -1.34923347451 6.64279676037 30.5960316338 0.00127048645659
185 -2.15634299731 6.74684250059 31.1514007737 0.0133580512175
186 -3.01079013926 6.75554418601 31.6413837193 0.00097248372839
187 -3.84494827439 7.06255439179 32.0657686502 0.00391996951048
188 -4.7182435246 7.14340083281 32.5139700242 0.00466909624107
189 -5.54370069643 7.49361761869 32.9212389187 0.00383865422178
190 -6.46325820467 7.64828783676 33.2378360551 0.00308295018597
191 -7.30609045618 7.68088715251 33.7460658375 0.00284726159416
192 -8.10890706511 7.52409271958 34.2942975429 0.00402912624206
193 -8.86195897085 7.14933809366 34.8061355218 0.00325608037609
194 -9.46052750562 6.67567883904 35.4280913105 0.00514749116985
195 -10.195038644 6.4827246619 36.0546398069 0.00466273177615
196 -10.85310799 6.23869015256 36.7449903796 0.00547398462769
197 -10.5748290205 7.14632856402 37.0048809491 0.00470666286954
198 -10.3214647916 8.09725486545 37.0167145704 0.0047519439633
199 -10.3000599835 9.08041763928 36.9797589412 0.0016326430061
200 -10.4113855729 10.0455425146 36.8231378773 0.0037544063457
201 -10.5406179909 10.9383748553 36.4300974159 0.00290257716708
202 -10.6140261515 11.8199070062 35.9990978916 0.00358489863529
203 -10.9661835611 12.7224942701 35.8277534193 0.00948807188502
204 -11.354218569 13.5944117802 35.5892009324 0.00103691602659
205 -11.9697342956 14.3505436082 35.4585694986 0.00371765103865
206 -12.629316076 15.0792924012 35.4212193415 0.00682172664872
207 -13.4879068486 15.5382724058 35.2817869747 0.00476868200229
208 -14.3694442573 15.9690084351 35.2150170695 0.00480955651572
209 -15.2934040672 16.3053008798 35.2262602918 0.00369888053153
210 -16.2594730691 16.4638615741 35.1348398986 0.00317575990029
211 -17.239985391 16.5147656259 35.0831554047 0.0118267277357
212 -18.2052846684 16.3294812857 35.092418594 0.00595233345934
213 -19.0608077245 15.9714965655 34.7668733235 0.00701191406672
214 -19.9407260319 15.6926872469 34.4295390091 0.00290707135268
215 -20.6675131092 15.2730029156 33.918261374 0.00901894453772
216 -21.4056939981 14.9142297093 33.3780831697 0.00879429810744
217 -22.0298412499 14.4593618618 32.7709165252 0.00437602711931
218 -22.818487532 14.0126147937 32.3924255212 0.00525339648323
219 -23.5107876206 13.3337625067 32.2362426882 0.0151774987234
220 -24.0746591542 12.5341263555 32.155642313 0.00199203438292
221 -24.4749419227 11.6534950899 31.9881419665 0.00507583026164
222 -24.5611371058 10.676706035 31.9432694545 0.0037804117205
223 -24.5284524273 9.71763425547 31.7370291427 0.00221597370915
224 -24.556095433 8.763799105 31.5073195106 0.0051258396372
225 -24.6343639755 7.83790463141 31.1915172101 0.0018561154824
226 -24.7402823405 6.97333796657 30.7393794534 0.00198427588101
227 -24.8125476568 6.09948533478 30.2987118357 0.00223297105237
228 -24.9291040898 5.40497532175 29.6152095147 0.00376291077259
229 -24.9892097692 4.70347034344 28.9316774003 0.0154847224842
230 -24.8969757288 3.88406662195 28.4004646585 0.00748152745078
231 -24.765595764 3.13081902086 27.7863067194 0.00870688610539
232 -24.5255093074 2.51298510964 27.0637003507 0.00257709342141
233 -24.1516992735 1.87413540349 26.4206902896 0.00695786814721
234 -23.8047837837 1.16820269721 25.8356678573 0.0064784514797
235 -23.3993436036 0.580257548965 25.1643706438 0.00115897019514
236 -23.0065562704 -0.18523837266 24.6950938222 0.00374399514153
237 -22.5321768661 -0.629548721802 23.9615593966 0.00257382884991
238 -22.1464118218 -1.19947234546 23.2638990933 0.00513817758526
239 -21.5316820556 -1.89122826548 22.9423156354 0.00396945033218
240 -20.8432087888 -2.5014493119 22.605751614 0.00450333156976
241 -20.0344111148 -2.98093469058 22.3312999527 0.00497263023715
242 -19.2067139042 -3.45489093451 22.1090585748 0.00568000032132
243 -18.6438071797 -4.1001759606 21.6340003193 0.0023721248421
244 -18.0347902297 -4.61807476307 21.0685281028 0.00646452342572
245 -17.2771498718 -5.01092575696 20.5888175486 0.00181334080176
246 -16.4210888815 -5.16840402134 20.1408052074 0.00243567329397
247 -15.6485731492 -5.19545330377 19.5401158914 0.00498696508052
248 -14.9558374874 -5.16547936086 18.8491930664 0.00510728138595
249 -14.2383959303 -5.10889011396 18.1859245055 0.00357736193003
250 -13.5005417745 -5.25181690422 17.5592175223 0.00412734071001
251 -12.7469162671 -5.36845655009 16.9461753458 0.00696980587633
252 -11.9413634735 -5.39340829182 16.3917418372 0.00767573698145
253 -11.0885339024 -5.11297558923 16.0039057218 0.00532870111284
254 -10.2531114089 -4.73281767593 15.6668753509 0.00499800286975
255 -9.51428615389 -4.38782432121 15.1274319835 0.00617706716258
256 -8.79886108866 -4.16275349466 14.500451154 0.00349205580833
257 -8.07670709945 -3.63640695248 14.1046534899 0.00434013986473
258 -7.37636288535 -3.10676934624 13.6757440796 0.0044418018905
259 -6.78060951374 -2.47607735487 13.2262894065 0.00294996624626
260 -6.36445974745 -1.62667438303 12.9818629601 0.00417450535319
261 -5.88580441921 -0.80101512182 12.773744246 0.00507234337055
262 -5.61081661089 0.0379476924055 12.3560767736 0.00512589971847
263 -5.17612192637 0.754606268135 12.8571757832 0.00371441619591
264 -4.70042093091 1.60085020366 12.9611348011 0.00376091566029
265 -4.3181776539 2.48250685873 13.133096403 0.00457911285924
266 -4.02823711605 3.36953388743 13.419208048 0.00458155821782
267 -3.92750478772 4.31770118281 13.6271502316 0.00710879126384
268 -3.84610394859 4.61925339823 13.7730454852 0.00222391051761
269 -3.77925658473 5.55058528504 14.0511671372 0.00461591436281
270 -3.68693616996 6.40468734557 14.510471785 0.0029349353501
271 -3.79504274379 7.24154604458 14.9970496276 0.00364643075682
272 -3.98665601745 7.95478171611 15.6320536023 0.00561802367933
273 -4.43816044709 8.43306990276 16.350182452 0.00738241485886
274 -4.9419961451 8.92177458568 16.8311750187 0.00615125663761
275 -5.44793409188 9.25216392005 17.5918483656 0.00650763051078
276 -6.03334784675 9.10504870849 18.3526550468 0.00503023422601
277 -6.65773454971 8.89182666146 19.0649290706 0.00304410193521
278 -7.11011797647 8.48532030937 19.8215974263 0.00527766790697
279 -7.67035396198 7.77288372721 20.1681190935 0.00460286112903
280 -8.26129026092 7.09773512678 20.5369845038 0.00401469941228
281 -8.81398820828 6.43645264868 20.9819639499 0.00263008362443
282 -9.25298776558 5.70972867549 21.4506849138 0.00444248397997
283 -9.70475010194 5.12820164221 22.0815896232 0.00318004174485
284 -9.95323427429 4.5420703036 22.8129189086 0.00633643607059
285 -10.1767374118 3.96223996372 23.5568134761 0.00594424054149
286 -10.0704522046 3.44985439986 24.3724279412 0.00366941343935
287 -9.87085836135 3.12603826355 25.2635706134 0.00335001518431
288 -9.70069370533 2.54783522493 26.0218466606 0.00784445135197
289 -9.48613984837 2.07722104233 26.8404056589 0.0042144479972
290 -9.28071446461 1.3596391875 27.4565794888 0.003137605503
291 -9.06390596129 0.812859287806 28.225159734 0.00419151556765
292 -8.63283431682 0.160369458006 28.7947062036 0.00234311375276
293 -7.99907698096 -0.427957537636 29.228027428 0.0082445605322
294 -7.31325054168 -0.999499774641 29.5989183476 0.002769077394
295 -6.91460269182 -1.71728268197 30.1090879793 0.00853717428813
296 -6.25378108461 -1.88075817059 29.423330234 0.00421582592272
297 -5.36345300153 -1.947732381 29.055044832 0.0104742355137
298 -4.44099597115 -1.70873679399 28.9021196278 0.0045036913664
299 -3.65372072996 -1.2108695407 28.6506075254 0.00256866722965
300 -3.3779901264 -0.386958685751 28.231210335 0.00439848712591
301 -3.31682201694 0.535613257386 27.9569707979 0.00283555666098
302 -3.60696791617 1.41399186976 27.6849445119 0.00378201960891
303 -4.28046117954 2.09314994439 27.8046695799 0.00536412086262
304 -4.81008136043 2.89518974815 27.7359751453 0.00560740283012
305 -5.3152530964 3.7109049935 27.8206354215 0.00471618728158
306 -5.60638452979 4.41861466734 27.2358831375 0.00141325543855
307 -5.99612843847 5.00230208048 26.5764276752 0.00085766177325
308 -6.53487117233 5.50635239336 25.9575705324 0.00346370313177
309 -7.09365366273 6.2167440935 25.626516952 0.0182296137436
310 -7.52626066916 6.78642602518 25.1896031535 0.00347864117849
311 -8.4413508597 6.78142952185 24.8970716319 0.0137572557416
312 -9.31127300942 6.60266010798 24.5333727455 0.00219747344728
313 -10.0766040415 6.4833813895 23.9668422997 0.00461554603656
314 -10.7514579256 6.01503145122 23.471540672 0.00338093754533
315 -11.3576996605 5.32061704138 23.2077282642 0.00502264710232
316 -11.4362559598 4.39944590027 22.9551319134 0.00521689970173
317 -11.598674125 3.61049982779 22.4363277936 0.00501929592322
318 -11.8540786348 2.75405478257 22.0925067244 0.00486341124847
319 -11.5874351508 1.95956176384 21.6299609203 0.0021975006541
320 -10.9844143386 1.4023893445 21.1381674655 0.00334897981041
321 -10.4079811807 0.729873718604 20.7767016749 0.00629498159469
322 -9.80997998075 0.160210415456 20.2948863551 0.00355355187972
323 -9.63306220047 -0.435373525593 19.5682150838 0.00496737292059
324 -9.4398857413 -1.07243442146 18.8826910443 0.00411081580567
325 -9.26129071961 -1.50994378876 18.0524030479 0.00458188374756
326 -8.71424825519 -1.85395882619 17.3495775504 0.00446659881193
327 -8.07878855596 -2.14161317631 16.6983642236 0.00685132508765
328 -7.35227764618 -2.16334705157 16.0811283192 0.00300720542112
329 -6.64623445751 -1.97851152261 15.467921662 0.00300663208655
330 -6.26686208173 -1.54327402412 14.7096031433 0.00165156047824
331 -6.04904913297 -1.29218840768 13.8163317175 0.00420899867211
332 -5.79987964856 -1.37138733683 12.9002005022 0.00533204022428
333 -5.2697645198 -1.52728062 12.1250303302 0.00352676732694
334 -4.47838335204 -1.76130902404 11.6519055834 0.00520741335308
335 -4.80931018146 -1.42036017321 10.828026383 0.00581309583608
336 -5.13609789546 -1.24970666858 9.95193526158 0.00536269296288
337 -5.19207896654 -0.788523037762 9.1234811003 0.00327281620179
338 -5.34470834862 -0.130108973555 8.45696574352 0.0013338815271
339 -5.73893876838 0.551827688321 7.92778954501 0.0032643092524
340 -5.92694718094 0.598106097724 7.55127934132 0.00147862480147
341 -6.26520731653 1.07699111354 6.81380698464 0.0133565749989
342 -6.64372670967 1.44646966159 6.03651690592 0.016487876905
343 -6.86134140339 1.98360264682 5.29959522333 0.00327252914042
344 -6.9826037261 2.86586132327 5.00990943416 0.00983095000292
345 -7.74775638703 2.73261537584 5.53047642995 0.00452852533313
346 -8.61632379655 2.94397559701 5.80106415825 0.00442795439487
347 -8.83567928855 2.21365229679 6.33934740863 0.00726860551429
348 -8.9582074004 1.41171004012 6.79806744716 0.00456253102844
349 -9.20928911561 0.783989661018 7.43858491068 0.00699430011837
350 -9.07725649542 -0.0249181817659 7.87739569901 0.00550036281109
351 -9.43957005719 -0.878555528791 7.83417095768 0.00857421180979
352 -9.00593573544 -1.43153486307 7.22963688212 0.00600347437992
353 -9.17903228971 -1.94293716754 6.47742449489 0.0014104046153
354 -8.98355041283 -2.48530741358 5.75335852569 0.00668508899766
355 -9.21518297411 -2.95987184408 4.99499327946 0.00630092930985
356 -9.25764709118 -3.12064094677 4.08713836726 0.00941648103471
357 -9.38258907392 -3.20743774283 3.17910776774 0.00352770652987
358 -9.55517940869 -3.95538498631 2.6736519514 0.00328504511197
359 -9.56642330799 -4.82595026557 2.3825576943 0.00396917556669
360 -9.31557073963 -5.67400596008 2.1403741677 0.00411917422896
361 -8.8241919707 -6.43477805387 2.27614783201 0.00660035020699
362 -8.14393873167 -6.73426600789 2.80864373673 0.00272650534837
363 -7.60005382061 -6.66491550544 3.53979997069 0.00374229582408
364 -7.03776800361 -6.41594469112 4.21426706981 0.00570496744674
365 -6.59335075118 -6.43943305816 5.00950129296 0.00672404906104
366 -6.12140695719 -5.77390949597 5.40934571717 0.00733906336315
367 -5.94808423201 -5.18064356757 6.07270018057 0.00401394621316
368 -6.10637042753 -5.19168766495 6.96457512996 0.00547096442717
369 -6.68094604802 -5.2355660801 7.66057790641 0.00443458947862
370 -6.25838526704 -5.22464502688 8.45773684692 0.00821273759183
371 -6.27275236949 -4.79228967572 9.24621429483 0.00583107195476
372 -6.43688914083 -4.82853939461 10.1277644416 0.00533924039611
373 -6.50103077284 -4.85566437979 11.020471994 0.00559470990622
374 -6.50658316687 -4.85087163653 11.0321447563 0.000110719179069
375 -6.86309524642 -4.34462198873 11.640757991 0.0102198158915
376 -7.39413127614 -3.77768946188 12.0137854059 0.00519840347064
377 -7.65076302247 -4.50511133061 12.3905604651 0.0065279616904
378 -7.16025656522 -5.20386963557 12.407314886 0.00612291858646
379 -6.76678803945 -5.83221537079 12.8231608297 0.00542564224009
380 -6.08772673074 -6.3099221233 12.6616410074 0.00432631534557
381 -5.69546153165 -6.80882124188 13.2167946517 0.00756446937676
382 -5.58688824378 -7.0063343855 14.0239339167 0.00573683086075
383 -6.02612253857 -7.56874349676 14.4521665927 0.00413127039338
384 -5.98681254769 -8.21732084695 14.9667568671 0.00643755429147
385 -5.20004673617 -8.44777973172 14.9011602854 0.00345836496
386 -4.40865951085 -8.2947217409 15.0474857892 0.0363276620874
387 -3.8606411389 -7.76973021322 14.8920170397 0.007298762847
388 -3.34804944161 -7.33970592823 15.2619101769 0.00965469795275
389 -3.5904336523 -7.17800177328 15.9535725169 0.00659108487003
390 -3.30788695927 -7.35399763992 16.6138554352 0.00567546299022
391 -3.93396335188 -7.0268491513 16.4368101914 0.00641791357312
392 -3.81341649792 -7.22591218809 15.7580893208 0.00830428019927
393 -3.8885639274 -6.96893133416 15.6760507698 0.00294051029498
394 -3.66241658623 -6.51146639739 15.6012942142 0.0162314938154
395 -3.25349245865 -6.35245124145 15.6021755526 0.00633572393526
396 -3.36404977374 -6.02295456639 15.392132526 0.0157718030869
397 -3.53718673647 -5.94064499248 15.6287507349 0.00909117313287
398 -3.49266136591 -6.01607601468 15.863347772 0.0103637582127
399 -3.57148797144 -6.03957790604 15.6872529751 0.0299076282694
400 -3.62756908169 -6.04518939349 15.6604972341 0.00239153128502
401 -3.63976107141 -6.09778959009 15.6608475831 0.0137762265809
402 -3.64792433012 -6.09874980318 15.6741366223 0.011343100399
