0 0.756294413575 -0.271580317936 0.584155531047 0.00451901765312
1 1.50953306252 -0.511375050689 1.18587892975 0.00297925501312
2 2.27931456059 -0.595661546287 1.80817581851 0.00400096013936
3 3.06577124758 -0.686152430774 2.40832444505 0.00386299300575
4 3.81839042758 -0.677841282888 3.05667351007 0.00552238025158
5 4.51347315772 -0.56924873524 3.75802730724 0.00333790077055
6 4.76089064054 -0.528991697937 4.71930786471 0.00526087489178
7 4.82493914136 -0.575254599073 5.7095710507 0.00249949816697
8 4.92772430975 -0.682377096153 6.69181263373 0.0114458283339
9 5.05234509213 -0.82716427767 7.66661624362 0.00249052826206
10 5.19473025437 -0.944253668 8.6426956586 0.00546271367712
11 5.51572466065 -1.0465662823 9.57711697167 0.00779563727855
12 5.88378209197 -1.09754292174 10.4982623667 0.00426173366236
13 6.17584115621 -1.0602466188 11.4468707388 0.00401860157335
14 6.56146805143 -1.0521892393 12.3621434538 0.00445137739106
15 7.06177594966 -1.01530649103 13.2193278905 0.00291088381274
16 7.65614968869 -0.940613256742 14.0114915667 0.00406186827117
17 8.23906438128 -0.847398057561 14.8101587468 0.00443722270103
18 8.92340624637 -0.651298797766 15.5026123646 0.0032649512615
19 9.54405513999 -0.443081255014 16.2494049263 0.00362740232042
20 10.1420140739 -0.209738820533 17.0071815941 0.00589111556779
21 10.830887969 0.0242635964207 17.6830829794 0.00542321467707
22 11.5382189805 0.317365845044 18.3154253843 0.0126946403124
23 11.8576527938 0.560381722472 18.6662317358 0.00224043270931
24 12.622042029 0.914637444145 19.1827573528 0.00226259728599
25 13.4295002689 1.30697710465 19.5957711836 0.00788243451401
26 14.1359427841 1.7014900801 20.1629481282 0.00260306510146
27 14.8799972396 2.06588712453 20.7013900229 0.00232656077389
28 15.4546859593 2.74063690347 21.1380551711 0.00373239314407
29 16.0050419724 3.52599618192 21.3755699731 0.0029354385063
30 16.3736526624 4.18683275714 22.0108598927 0.00463274453267
31 16.7361031691 4.96219307 22.5042664749 0.00531887040523
32 17.0137635055 5.82435538677 22.898512734 0.00152438522472
33 17.3120674198 6.70570168801 23.230235103 0.00511576900289
34 17.5963588235 7.5452714815 23.6661426363 0.00525835242555
35 17.8773879661 8.38580471169 24.1021722382 0.00297897173064
36 18.0614833969 9.13622195401 24.717468487 0.00152717112534
37 18.2272336552 9.97357105288 25.2143484472 0.00583373746646
38 18.3518418619 10.8425160947 25.6668656049 0.00201299731985
39 18.4480427164 11.7081831698 26.1323641285 0.00475456819508
40 18.4854239433 12.6039343665 26.5463998722 0.00231411228401
41 18.3080854169 13.5228116514 26.8615566906 0.00326515646704
42 18.0502835468 14.4316646134 27.1488696974 0.00479344228359
43 17.9616121087 15.224920892 27.7301636573 0.00778666103439
44 17.6958744035 16.0302644857 28.2357376919 0.00740677836671
45 17.1951423088 16.7027489321 28.7569483616 0.00573895446409
46 16.6207165098 17.2972177706 29.2965216073 0.00580572295734
47 15.8493656186 17.798626637 29.6541384956 0.00541536275573
48 15.0142592304 18.2274927921 29.95877607 0.00334911731444
49 14.2234496159 18.6868588356 30.3298181043 0.00505655346279
50 13.3584956789 18.968658407 30.7124271384 0.00719893010727
51 12.4779139733 19.1557560362 31.1165821826 0.00474753587884
52 11.6705309215 19.3968402985 31.6301052327 0.00443677327131
53 10.8117360704 19.5779283286 32.0809175052 0.00558963270454
54 9.94383684505 19.7617817571 32.5125992457 0.00650694443224
55 9.02182685145 20.1125010441 32.5187022711 0.00357961431797
56 8.13711439362 20.4521784596 32.7925390365 0.00260529537238
57 7.20616645836 20.7005298095 33.003862453 0.00273837770888
58 6.32488504607 20.9737039635 33.3526913682 0.00283739321701
59 5.4009279493 21.1428703534 33.6536199963 0.00445151806378
60 4.47178738139 21.1535599902 33.9842923564 0.00247344512279
61 3.59871815315 21.0328615284 34.4269166468 0.00306031436722
62 2.70909608764 20.9111967741 34.8348472045 0.00502977698893
63 1.91553044911 20.7092503993 35.3844241144 0.0056954646568
64 1.09939549744 20.6154262033 35.9298827565 0.0048864236791
65 0.180918412183 20.4726450092 36.2588069803 0.00493760525213
66 -0.786479897562 20.2842011425 36.283636996 0.00572680178837
67 -1.71854481961 19.9777465743 36.3793923741 0.00415958429497
68 -2.63636894226 19.6416024381 36.5071376592 0.00393177379917
69 -3.47890354479 19.130296221 36.5242574526 0.00102316610038
70 -4.29803995033 18.5980881223 36.3925741298 0.00482395241997
71 -5.09023199371 18.0397941938 36.2131944241 0.009401026608
72 -5.71957622249 17.3166663611 35.9847588076 0.00504515693648
73 -6.2308065786 16.5086483099 35.7464871315 0.004110008089
74 -6.65157922795 15.6440735491 35.5311838985 0.00293411043541
75 -6.90024725323 14.6935914281 35.4567959414 0.00682210159498
76 -6.96253828177 13.7108271512 35.4273015275 0.00191887482446
77 -7.06469093545 12.7317311601 35.4654208574 0.014418150161
78 -7.19984717841 11.825095901 35.8258106091 0.00137974436445
79 -7.2086180047 11.5697737487 35.9585030502 0.00126806438924
80 -7.13357694096 10.7192581874 36.4492011319 0.00645429532127
81 -6.91282176017 9.92135069573 36.9823226382 0.00907399974512
82 -6.45424527776 9.16463059666 37.4139967694 0.00300561797933
83 -5.95219626531 8.50967517655 37.9508353568 0.00351883448899
84 -5.28221722413 7.95938211812 38.4170614736 0.00363444536609
85 -4.59545932934 7.34727544088 38.7671730297 0.00502233693743
86 -3.8732818541 6.76194634167 39.0905303558 0.00389966608217
87 -3.10784498685 6.32695415155 39.5304333514 0.00359657486127
88 -2.29925684336 6.01593628952 39.9973062618 0.00327002487457
89 -1.41697294207 5.84541477588 40.3983941307 0.00540979528395
90 -0.51111757813 5.78276180352 40.7774431912 0.0046058050175
91 -0.0626605169605 5.81401764791 40.956100104 0.00027632322499
92 0.84002478859 5.79613503563 41.3413105086 0.0041288285953
93 1.74639501614 5.97188512874 41.6744016275 0.0172345239057
94 2.70011856719 6.18468580519 41.7618178108 0.00773764766377
95 3.60189596996 6.54726726552 41.8941097358 0.00368128192717
96 4.40092881726 7.10237215685 42.0182202546 0.0104224764194
97 5.21771259438 7.59566163815 42.2441981401 0.00329612271486
98 5.96518467781 8.22814411973 42.2951852169 0.00143875044685
99 6.56409297721 9.0041226607 42.3162729772 0.0173623626238
100 7.11431941167 9.81194832372 42.3877599491 0.00432833311523
101 7.32519267779 10.7586396526 42.2479537409 0.00279207757827
102 7.30807189955 11.7149659672 42.035201788 0.000892377605995
103 7.24711255356 12.3701984588 41.3090069896 0.0052446524836
104 7.05583948537 13.0391790398 40.6190887857 0.00590767102307
105 6.7179703542 13.6269977611 39.9118829926 0.00655831493152
106 6.32934645862 14.1139979937 39.1560099945 0.00382038736603
107 5.76337269231 14.6164661707 38.5343885918 0.00248311714481
108 5.20324414225 15.0428770709 37.853529498 0.0063674460725
109 4.30775287197 15.2674261682 37.5276118902 0.00341507604331
110 3.51285776131 15.5648705853 37.0396255615 0.00114545710116
111 2.62195786076 15.530443021 36.6353247743 0.00621211208045
112 1.86759371762 15.4668474386 36.0147900212 0.00321323054418
113 1.04128700162 15.4764157197 35.4903435713 0.00400674284726
114 0.223347582697 15.4678373007 34.9531188216 0.00399559348738
115 -0.590674057979 15.3680121302 34.4193686637 0.00539403737974
116 -1.44492062355 15.3243464786 33.9445037422 0.00384259786522
117 -2.18498768559 15.3775964561 33.3069112512 0.00556749550672
118 -2.65753085956 15.3758148859 32.450355014 0.00362970742437
119 -3.13149377637 15.2904468932 31.5989757421 0.00620081226273
120 -3.62700646509 15.1568260748 30.7665057419 0.00546471363698
121 -4.13550011008 14.5367194348 30.2073233707 0.00442615358737
122 -4.53006428228 13.75979067 29.7644566281 0.00471250992275
123 -4.86066488914 12.9163795377 29.397768891 0.00260098081947
124 -4.96071512726 11.9894378597 29.105070574 0.00633827679868
125 -4.83689512331 11.0296820501 28.9709106059 0.00648069440138
126 -4.62727363263 10.111242526 28.7127937891 0.0190739957676
127 -3.91290462011 9.56135283844 28.3383152988 0.00579005857656
128 -3.19707942208 9.05651737707 27.9078181441 0.00394198684784
129 -2.36860615072 8.76891509944 27.4797458351 0.00262200877299
130 -1.56301948983 8.21987080544 27.4399482185 0.00509737759773
131 -0.801967950732 7.61670453498 27.3469147877 0.00559219551463
132 0.00502975357896 7.07417709473 27.4223951187 0.00847868823338
133 0.0230814744611 7.15243168619 26.4502654957 0.0042595372636
134 -0.271730643697 6.89126307993 25.5581114596 0.00427412847448
135 -0.646236174166 6.48665078576 24.7539552011 0.00539755469803
136 -0.983908911424 5.95124080406 24.0126883878 0.00873958745792
137 -1.33632348135 5.34823078719 23.3332522221 0.00732671947282
138 -1.68334297101 4.56339966587 22.8724881828 0.00169910786678
139 -2.11079952048 3.82765875206 22.3986369956 0.00813567394124
140 -2.27832375395 3.17191052021 21.6985534622 0.00500163329128
141 -2.62787147332 2.62132738338 20.9757081572 0.00399127295374
142 -2.78680337487 1.86526954813 20.3836942161 0.00226105027662
143 -3.00561408314 1.05249330673 19.8952273791 0.00176810735231
144 -3.20250031192 0.110074056787 19.7544273855 0.0091836027902
145 -3.20847479757 -0.862513119968 19.7496717025 0.00254412192799
146 -3.13574714017 -1.83217291093 19.7653806019 0.00133269066727
147 -2.90621557175 -2.68218673798 19.3523221567 0.00689671589105
148 -2.34442250302 -3.37742769375 18.9698826189 0.00361764146923
149 -1.65365923711 -4.04720590042 18.8318588013 0.00483039398805
150 -0.888697388593 -4.63178079874 18.6995682632 0.00434916338459
151 -0.0702165626658 -5.12798994263 18.8665917533 0.00357779131872
152 0.817868738151 -5.51812718398 18.9194475821 0.00262516417335
153 1.78171056376 -5.63610365445 18.8958939461 0.00391749917185
154 2.75079985474 -5.69070843376 18.8642220043 0.00536482309418
155 3.70821816532 -5.598107533 18.7321956738 0.0017807943702
156 4.67424837517 -5.5047540981 18.7556334656 0.00218918695003
157 5.5530571168 -5.58215418464 18.3504837429 0.00353430180976
158 6.24466353751 -5.27670050996 17.7416291113 0.00454931923261
159 6.90227341734 -4.99953230815 17.0838318011 0.00461785008005
160 7.52045312688 -4.61047741437 16.4450771463 0.00355805121937
161 8.2080273462 -4.28044713807 15.8455302799 0.00319793713515
162 8.9597494286 -3.93354263785 15.3402607726 0.00410891664555
163 9.59483707767 -3.43043719731 14.8074279823 0.00666251640651
164 10.2129235769 -2.78758107855 14.4275907364 0.00627647473099
165 10.8193567609 -2.06935221191 14.1925516741 0.00434478086082
166 11.37841843 -1.3091744359 13.9734789593 0.00427388579474
167 12.084292844 -0.774429569667 13.5812036198 0.00591479279498
168 12.8648251607 -0.246893038728 13.3579428545 0.00520166896043
169 13.5917407648 0.166622778254 12.8704725046 0.00754733100291
170 14.2629713153 0.702571599968 12.4250587897 0.00500028169074
171 15.1378891752 0.98960968509 12.1290002159 0.00265224695227
172 15.8877180793 1.25258698594 11.5775737773 0.00409660187607
173 16.726223115 1.61588773761 11.2617963301 0.00448842703653
174 17.4236500261 2.2422324815 11.0261474628 0.0078932870393
175 18.0075701764 2.95524208794 10.7362664838 0.00329134214058
176 18.6833125717 3.55406503149 10.3930204196 0.00264980359056
177 19.280331561 4.1670489252 9.94509209107 0.00331531153868
178 19.7992066517 4.84265164099 9.49037415254 0.00442229206332
179 20.4805919439 5.48337162347 9.2517688919 0.00266502962739
180 21.2688050885 6.03949731048 9.28003965055 0.00611838652394
181 22.1271225787 6.47941378244 9.29937891172 0.00410906497265
182 22.743481592 7.15093725853 8.98413839297 0.00362324804891
183 23.1315197992 7.98835319472 8.70502927501 0.00410036980314
184 23.1477445939 8.94822590612 8.6183117671 0.00449293931425
185 22.6920278626 9.79404286496 8.54430489442 0.00531365533467
186 22.1520231813 10.5833418695 8.4290560115 0.00217693238193
187 21.5726310434 11.3480367236 8.34459697954 0.00573282476776
188 20.9104595482 11.9999680149 8.09278607028 0.002404623912
189 20.0510532904 12.4019524045 7.93044578028 0.00261960804485
190 19.1259151211 12.6226315547 7.78353098045 0.00284770206897
191 18.2473519924 13.0082041843 7.71131823325 0.014736564373
192 17.4990448725 13.1102343755 7.11654248318 0.00238691457633
193 16.6657509681 12.9660044423 6.66001089279 0.00178243416593
194 16.0007419915 12.7112009309 6.01468026778 0.0066584690876
195 15.8864357179 12.6759830288 5.93850495678 7.43028972586e-05
196 15.1399123122 12.2148169014 5.55862472206 0.00245731678249
197 14.5323484867 11.8054431703 4.94424272564 0.00302434883189
198 14.0265185934 11.2895157687 4.3184394897 0.00481606060038
199 14.2144194222 10.4059419532 4.00799304733 0.00573527190884
200 14.3056699507 9.45593427159 4.02694479636 0.00346020038114
201 14.8658984503 8.79240522001 3.63113619103 0.0075963266496
202 15.4942982845 8.13492685137 3.34463323717 0.00742643687671
203 16.3092315747 7.76244852626 3.02061279599 0.00896785298462
204 17.1905665424 7.5723916008 2.71537770174 0.00617477055244
205 18.0696669588 7.7873402849 3.00820181885 0.0337294917351
206 18.7132851024 8.45708092097 3.19382884082 0.00721589585137
207 19.3772755911 9.13005041473 3.23520822511 0.00316119349443
208 20.0091331944 9.82422400548 3.35189707382 0.00434083192148
209 20.8026095469 10.1032915817 2.92005851565 0.00543710327952
210 21.5213348183 10.6183439957 2.58744647523 0.00369893178352
211 22.2028132473 11.2546952614 2.73584275317 0.0116066686166
212 22.8360267 11.8200182214 3.14576772596 0.00412012764107
213 23.5178730283 12.3184730735 3.56303445547 0.00652084386698
214 24.0200535638 12.8777834993 4.12954677837 0.00858690733727
215 24.114088702 13.5256158308 4.56410072083 0.0031737995508
216 24.7546360561 14.1745335946 4.575058494 0.0058711713052
217 25.4285254012 14.6850253488 4.2375606124 0.00321562443093
218 26.0286685311 15.3335923182 4.02338259742 0.00277175581856
219 26.7089244363 15.9316336658 4.09134739059 0.00619266785138
220 27.4574166628 16.2806427215 4.46520234761 0.00542366000094
221 28.3161588059 16.5648919139 4.4650689177 0.00590209781505
222 29.0194889612 17.1161581274 4.3381462286 0.00914851761772
223 29.7722733368 17.1967958393 4.82424130407 0.00367922476052
224 30.4257709822 17.4188890954 5.39951645318 0.00673007824347
225 30.5356162226 17.9587733788 6.10642915126 0.0037264949316
226 30.0692262349 18.1326131932 6.85013390794 0.0035829247978
227 29.2553037548 18.1293273059 7.21703563853 0.00123351016149
228 28.4288738377 17.9635449813 7.50960604341 0.00776459534567
229 27.6635165705 18.1763931134 7.11027395186 0.00570020796821
230 26.845354291 18.0844121642 6.7814061372 0.0067201000942
231 26.1036928715 17.6203369296 6.90356305576 0.00645727438202
232 25.2420988049 17.4490893268 6.96069753401 0.00398800025998
233 24.3658161558 17.3915337387 6.94311929183 0.00595980361355
234 23.602634878 17.5532079014 7.34075796869 0.00401174137089
235 22.9524115464 18.0734644864 7.60398270933 0.00521501769165
236 22.9604257066 18.9436212213 7.62306193715 0.00792212346445
237 22.9825031554 19.7855858479 7.4217184385 0.00703915238085
238 23.0250531399 20.6100848682 7.17450885384 0.0108022641061
239 23.3146318902 21.4075483433 7.07016232186 0.00834760197907
240 23.5579902414 22.176970439 6.80580712177 0.00106634385796
241 23.1672394659 22.7134831363 7.33499599884 0.00497553320094
242 23.3774212363 22.8268534382 8.14663845675 0.00518222819662
243 23.4738813507 23.437543645 8.71735589474 0.00537239318857
244 23.0964644058 23.9202447635 9.28777844555 0.0185005784272
245 22.7243132931 24.6326356318 9.4516228642 0.0191662182829
246 21.965647377 24.8626337621 9.56238378831 0.00592385192916
247 21.6438670551 25.5837776362 9.60134066913 0.00782876009018
248 21.60825644 26.3452389098 9.77011767073 0.00538529790569
249 21.8616983766 27.0337915472 9.52516623836 0.00314420899257
250 21.838731968 27.7791034237 9.71318197101 0.0115494834578
251 22.3487188253 28.327780125 9.65458990985 0.0208065591495
252 21.7580826102 28.4554392966 10.036935548 0.00955571837604
253 21.2517013206 28.7006790261 9.62828470788 0.00699807237154
254 21.030096627 28.6815492312 8.98541892103 0.00573429533836
255 20.5498511829 28.8152570178 8.54453540543 0.00940089143571
256 20.0371277032 29.0491787631 8.24125735928 0.0293410255959
257 19.6319619375 29.1183239693 7.89032854535 0.00589055252775
258 19.859419861 29.4569298339 7.5747297532 0.0124766547014
259 19.5736622154 29.5343546591 7.9236642372 0.00650444631812
260 19.5250970238 29.6349060174 7.51371329023 0.0261272935403
261 19.3577688673 29.8208239541 7.43234346225 0.0129219258706
262 19.4347152969 29.6484824575 7.39390023652 0.0124550862031
263 19.3061323572 29.6302190098 7.41402212789 0.0120173469381
264 19.3326853007 29.57964224 7.35609105895 0.0107026731421
265 19.3122006099 29.6071779808 7.32964667807 0.00470443640206
266 19.333674286 29.6278463251 7.32748572807 0.00857744971665
267 19.3294346801 29.6184717057 7.32814604644 0.00864241094179
