0 -0.420693152165 -0.83718179775 0.330254682839 0.00321413333628
1 -0.520007798626 -1.73854348741 0.735954965254 0.00239046539904
2 -0.560698555903 -2.67279217847 1.07121736152 0.00237983367588
3 -0.536281186483 -3.59116282843 1.44918916399 0.00413334556447
4 -0.548823285657 -4.52512331194 1.78739375873 0.00394329409822
5 -0.512414737694 -5.43897349403 2.17514114748 0.00192457933196
6 -0.443674176383 -6.31061727453 2.64663544152 0.00358571309428
7 -0.293615684354 -7.18495734539 3.09359282639 0.00292356213812
8 -0.158855331313 -8.03835627733 3.58378922728 0.00347392367703
9 0.058122461234 -8.85959111042 4.09877648571 0.00437387593029
10 0.301825611926 -9.6390355588 4.66425588237 0.0039309248307
11 0.579819979615 -10.4513788974 5.16371468774 0.00662077891594
12 0.619848958135 -11.2908491329 5.69312715062 0.0093090923206
13 0.553658401819 -11.9071434819 6.46925869059 0.0034403355655
14 0.469456032955 -12.4724027694 7.28163445792 0.00477599498942
15 0.405820390241 -13.0816566844 8.06347136941 0.00441242997689
16 0.473622245273 -13.7716730139 8.77461516024 0.0036504813096
17 0.488120178425 -14.4567044111 9.49359811489 0.00655875065667
18 0.574759094253 -15.1750545042 10.1738991891 0.00259820521578
19 0.714082135176 -15.853655197 10.8855305473 0.00327588070869
20 0.898452468994 -16.5513251802 11.5678455533 0.0371465221316
21 1.25510714511 -17.1737391915 12.2543887054 0.00172067786297
22 1.65612066007 -17.8010777749 12.9113147731 0.00640234683615
23 2.06720784943 -18.4247898627 13.5654138424 0.00566134273925
24 2.37461461169 -19.0631854447 14.2609466207 0.00426260134904
25 2.58269127446 -19.6836986127 15.0075773712 0.00360262261156
26 2.83157578958 -20.1729931075 15.8348819103 0.00321415134774
27 3.0063907754 -20.926154945 16.4576737005 0.00380667280068
28 3.38582839887 -21.6791387095 16.9817542267 0.00372148170699
29 3.67059314967 -22.4380364443 17.5549708926 0.0267699379549
30 3.93807867678 -23.2039638537 18.1269248251 0.00539167907373
31 4.43395454308 -23.867857394 18.6733814718 0.00173976669793
32 4.84991939051 -24.5556895443 19.255717053 0.0104279545153
33 5.17542787039 -25.2755309534 19.8565704544 0.00247719031068
34 5.49294427864 -26.0676777373 20.3633121388 0.00275485771074
35 5.88010098425 -26.9188159723 20.6960406052 0.0141174366104
36 6.41199066353 -27.6913179206 21.0204141132 0.00223114141308
37 6.96763202606 -28.4612170786 21.3091573343 0.00785699233916
38 7.52228502757 -29.193444705 21.6846407022 0.00405116839837
39 8.05418326775 -29.9144279412 22.1112777848 0.00338273074749
40 8.61024437775 -30.614979063 22.5410916536 0.00514929720791
41 9.33166666234 -31.1779918136 22.9247797483 0.0100141903312
42 10.0760695797 -31.6537529607 23.3765212235 0.00761151902443
43 10.7758524657 -32.0926357628 23.9262318562 0.00478467080439
44 11.4882112523 -32.5114312201 24.4754110706 0.00135544459328
45 12.1603691657 -32.8517825506 25.1210288455 0.00385749535827
46 12.4065698569 -33.4020174081 25.9091246917 0.0153887790325
47 12.732690533 -33.9408662282 26.6756577843 0.00262736657556
48 13.0945910769 -34.3767954445 27.4900715063 0.00429792704469
49 13.3809513175 -34.8119233466 28.3344065635 0.00711364985825
50 13.6866149753 -35.1467955451 29.2167933463 0.00120077226045
51 14.0317543946 -35.5290227669 30.0646891376 0.00131785718689
52 14.4196133951 -35.8325321706 30.9258421169 0.00233978438141
53 14.9632737519 -36.3181296715 31.5986424022 0.00693861543077
54 15.583295534 -36.6956386646 32.2746687563 0.00448369646577
55 16.1979941748 -36.920692713 33.0199351228 0.00443943849202
56 16.864860954 -37.0519261866 33.7423827028 0.00321647123199
57 17.5460405367 -37.3951158321 34.3764238076 0.00532034080137
58 18.165628881 -37.6906175535 35.0923488671 0.0141101723541
59 18.7803315191 -37.9357511711 35.8310291814 0.00472924468093
60 19.5073740498 -38.1876098488 36.4567079569 0.00851173337678
61 20.3146059773 -38.1805307299 37.0326439148 0.00343866686918
62 21.0392553986 -38.0124177531 37.6883740112 0.00778418615612
63 21.81107679 -37.858610872 38.2915985449 0.00465866824615
64 22.5306874978 -37.6644459924 38.9455592141 0.00407610923311
65 23.2712809291 -37.3820643156 39.5413055439 0.00402510527134
66 23.9574650138 -37.0798025137 40.1900648401 0.00366296955958
67 24.5899195854 -36.6424368053 40.8159695372 0.00404601086223
68 25.0469552872 -36.0642765182 41.4791853573 0.00147821099249
69 25.5488594971 -35.4475927204 42.0714307823 0.00459588354657
70 25.8871650833 -34.703044349 42.6318666229 0.00320438959716
71 26.0641653032 -33.9360448038 43.2345659816 0.00655746901501
72 26.1609163875 -33.2073608702 43.8997428687 0.0023783125511
73 26.1904535857 -32.4745159734 44.5667036861 0.00330884906396
74 26.0676927888 -31.7480733796 45.2299809676 0.00772205508431
75 25.9665153082 -31.0358434392 45.9119798717 0.00500282239728
76 25.7612464115 -30.3756681303 46.6223382533 0.00475098824081
77 25.433301207 -29.6680528451 47.2340618111 0.00434805452759
78 25.073660786 -28.9690619811 47.8377852303 0.00349710048532
79 24.6401124977 -28.2908006687 48.4160172944 0.00498630025614
80 24.8933684764 -27.567623338 49.0446514768 0.00422723377824
81 25.181426059 -26.8084974293 49.6129610608 0.00576854801417
82 25.2934651839 -26.0506703434 50.2416999361 0.00269490911209
83 25.2511358891 -25.3747351756 50.9652251009 0.00490581757632
84 25.1714062254 -24.6680519898 51.655390388 0.00350248935729
85 25.147402114 -23.8944367382 52.2742212586 0.00367626436166
86 25.1622768076 -23.0096038931 52.720034645 0.00341454493763
87 25.0033670413 -22.1341499482 53.1561274511 0.00297314134713
88 24.8805259396 -21.3027984918 53.6811014122 0.00591915721915
89 24.8153282891 -20.4155754584 54.1173423719 0.00512525184107
90 24.6746509757 -19.5520319023 54.5822704275 0.00448126045479
91 24.6077832077 -18.7089593166 55.0983747185 0.00382902305407
92 24.5301052473 -17.8597374133 55.6026910992 0.0048653759578
93 24.4863791216 -17.1180644776 56.2580840077 0.0092843900042
94 24.1338136828 -16.6991967605 57.0837480943 0.0107509147195
95 23.7202223616 -16.2933321655 57.8871897229 0.00417181259676
96 23.3329722256 -15.9493754096 58.731578512 0.0063326594609
97 22.9129527554 -15.6952446968 59.5919131773 0.00130755863073
98 22.4687399835 -15.4469878285 60.4417322182 0.00399351130824
99 22.0188012744 -15.1203798992 61.2614603313 0.00422183276857
100 21.5839963844 -14.7869718437 62.0865626026 0.00480034650163
101 20.9834366537 -14.5006614182 62.8202135818 0.00188617940423
102 20.5274176105 -14.5219088577 63.6991516438 0.00564533425335
103 20.0444798126 -14.4527204349 64.5610237942 0.00290651216023
104 19.5892788878 -14.3773462245 65.437330427 0.00431941333443
105 19.1228041368 -14.3421402753 66.3101961725 0.00723343226116
106 18.627946351 -14.3438586214 67.1679389094 0.00648690331378
107 18.0993111559 -14.4181484261 68.0019165692 0.00282221018759
108 17.645714287 -14.50589455 68.8777145523 0.00164195673341
109 17.2811053149 -14.6524006035 69.7865937255 0.00839588988853
110 17.04471557 -14.0318769231 70.5209658385 0.00421691485644
111 16.7946903822 -13.3909736882 71.2329226354 0.00516028313431
112 16.7156021486 -12.7372866682 71.9721917286 0.00467630653661
113 16.5378540578 -12.0142073297 72.6245131644 0.00410637815108
114 16.2776434503 -11.5127496354 73.4374118915 0.00327732390672
115 16.2716820747 -11.2252068475 74.3846627298 0.00404800426287
116 16.3265928191 -10.9228857717 75.3256810446 0.00511965023701
117 16.2097307988 -10.5600000984 76.2391808678 0.00313994681727
118 16.1302643836 -10.0841948374 77.1034929339 0.00481822806214
119 15.9611003627 -9.56485545912 77.9289054047 0.00527196328383
120 15.7067453765 -9.12060256954 78.775959439 0.00377791382236
121 16.0854276863 -8.63012572706 79.547633802 0.00509381460073
122 16.5597554243 -8.08356357706 80.2226105851 0.0106640319898
123 16.9309186914 -7.42668775708 80.862811941 0.00646739582396
124 17.2658374447 -6.73561426524 81.4866945346 0.00400679209622
125 17.4518550287 -6.06708338048 82.1919699714 0.00557161879979
126 17.713183142 -5.40917979777 82.8831370693 0.00817339034775
127 17.9457495065 -4.60835266968 83.4153114576 0.00589235739605
128 17.9764552211 -3.69867378637 83.802615042 0.00678441704927
129 18.0569775797 -2.7853239482 84.1736125082 0.00460408044354
130 18.1146446312 -1.83436401411 84.4392602382 0.00435516764593
131 18.1900048405 -0.874100734159 84.663634616 0.00253802251137
132 18.1574505853 0.0416074203377 85.0358332876 0.00503969184737
133 18.0956272248 0.964556269639 85.3856239857 0.00250664996764
134 17.8155880135 1.90279193772 85.5242416866 0.00226213177479
135 17.3181032684 2.74197390016 85.6859954983 0.00671292119931
136 16.7319171928 3.49454799281 85.9463503125 0.00543310903693
137 16.1748003115 4.26641796686 86.2137424812 0.00372343343698
138 15.5033992514 4.8828328856 86.5969780152 0.0040401339766
139 14.8610308452 5.59843025074 86.8267234374 0.0021539031861
140 14.0576935492 6.14483798638 87.0098545409 0.00214823593999
141 13.2302433499 6.64128383618 87.2249794414 0.00830669577499
142 12.3561508607 7.09793288827 87.2932503939 0.00542026710459
143 11.4654682687 7.52093835391 87.3630159671 0.00548689717358
144 10.5907192543 7.8836106046 87.646416844 0.00269871659041
145 9.69006463062 8.19766363794 87.9055770631 0.00166430131902
146 8.85399166818 8.64192972937 88.1893947466 0.00198245084821
147 7.92365117745 8.91269971794 88.3844203583 0.00539761825487
148 6.94944511342 9.07310757899 88.4285725065 0.00799570325241
149 5.99092714499 9.29087729381 88.3265352651 0.00406456834844
150 5.03018364779 9.43529725618 88.1459001766 0.00426957547979
151 5.05730513224 9.09582568873 87.2181176965 0.00459411042312
152 5.04564701501 9.08810638061 87.1420480264 0.000226526492056
153 4.73347254171 8.96946905801 86.2130894333 0.00543907934261
154 4.38654608937 9.00227059183 85.2895531837 0.00277870490533
155 4.11879413727 9.08580706758 84.3431738805 0.000770363702002
156 3.86087553342 8.8857768949 83.4116495977 0.00112230767011
157 3.7689524866 8.62612632854 82.4638157112 0.0101687555267
158 3.80063084839 8.38916089349 81.5062907877 0.00571963362976
159 3.86044830662 7.98788176718 80.6067284062 0.00492551369921
160 3.74214556642 7.52600170403 79.7428236558 0.00467381199821
161 3.50848390104 6.98829717682 78.9492485814 0.00469173429046
162 3.34274306171 6.48861776911 78.114836352 0.00496704268489
163 3.369362136 6.14972397471 77.1886722195 0.00584773919021
164 3.43661866814 5.65409489985 76.3384087151 0.00671927847243
165 3.56020497563 5.18284582622 75.4807396881 0.00797950504705
166 3.81280410601 4.72150795313 74.6464308309 0.00649452910218
167 4.21557795153 4.24874977914 73.8804330595 0.00151540377491
168 4.66382650551 3.75030837418 73.1572203735 0.00597884430403
169 5.12052029467 3.30139892068 72.4074401522 0.00542135134859
170 5.6535913129 2.8841688972 71.6906153476 0.00752959369321
171 6.1256252708 2.56508697129 70.8860626624 0.00448182709646
172 6.68677558905 2.49634226187 70.0784781164 0.0322194201112
173 7.22600144483 2.35776442931 69.2655249695 0.00570420639187
174 7.86941819029 2.39171908828 68.5202092378 0.00339914904782
175 8.43422557999 2.00654282636 67.8108898076 0.00252444651895
176 9.0304988732 1.62208210517 67.1274765573 0.00400862921314
177 9.12576168894 1.20252436389 66.2412817301 0.00365884683842
178 9.33069485895 0.855048121559 65.3426131729 0.00438375775666
179 9.47622512924 0.510466734962 64.4314043641 0.00343826068542
180 9.62925797603 0.126308183424 63.537483076 0.00743107153486
181 9.73248652668 -0.224811109801 62.6231888804 0.0092905856908
182 9.73857312722 -0.504321438484 61.6790272507 0.00381828437613
183 9.80782899446 -0.639338443168 60.7061536175 0.00537976116629
184 10.2293236351 -0.228283225086 59.9171452714 0.00910648251974
185 10.6991903832 0.225979154145 59.1811556953 0.00329321528484
186 11.2947421456 0.568678946128 58.4764936762 0.00830894749389
187 11.8040915918 0.926281495015 57.7141819607 0.00245377718159
188 12.3576912914 1.39288801973 57.0477878522 0.00439019270941
189 12.9865026102 1.95903694327 56.5457042112 0.00355172605882
190 13.5221669346 2.62164972019 56.0538772774 0.00354355387095
191 14.1494700154 3.17575677595 55.5369337243 0.00479649670092
192 14.525782923 3.97058637036 55.0962558313 0.0045399656449
193 14.8291783472 4.82435278175 54.7136250468 0.00105811585067
194 14.8652493479 5.76626072464 54.4329045028 0.00726303172821
195 14.8066516214 6.66568136842 54.0396073994 0.00745886317215
196 14.391030915 7.49878932216 53.7234469456 0.00524840176061
197 13.9610675363 8.30562107546 53.361863771 0.0206417631905
198 13.2694844338 8.95860865839 53.1147254609 0.00332775506881
199 12.6035655565 9.68092904426 53.0948182922 0.00216398777158
200 11.9105501785 10.3457619626 52.8868324168 0.00477450816963
201 11.1778759698 10.979925616 52.7244842079 0.00544751654778
202 11.5913481084 11.7629432691 52.2988888407 0.00853557015306
203 11.8559111687 12.5866458927 51.8336962853 0.00554629048674
204 12.1859882378 13.4348148545 51.4645537336 0.00363081510728
205 12.4883695753 14.3082881785 51.1328138411 0.00141811341183
206 12.5700942411 15.1961005964 50.7210743887 0.0115727457413
207 12.5733046001 16.0748754849 50.2832489425 0.0076711536674
208 12.2911477852 16.9080131058 49.8474890442 0.00203770827837
209 11.9853719392 17.7749169353 49.5033041473 0.00491959785116
210 11.5036518319 18.3848671625 48.9038629282 0.00315115813372
211 10.9008202681 18.9148827613 48.3391173986 0.00192822456261
212 10.1704810789 19.3386309644 47.8389439926 0.00500317470735
213 9.52716067116 19.8866993812 47.3402770186 0.00474932486995
214 9.12075972506 20.6615370566 46.896285815 0.0051559274971
215 8.63449975797 21.3928687332 46.4590995252 0.0336261796959
216 8.24868928295 22.244734925 46.1654123775 0.00447511688101
217 7.52650075195 21.9174877058 45.5891484658 0.0230563860629
218 6.80120499411 21.6712066914 44.9784968247 0.00608495874413
219 6.02602731021 21.4278912193 44.4315638059 0.00478337380376
220 5.33604312279 20.9991570645 43.8846649807 0.0027416237101
221 4.76227898927 20.5389953129 43.2381540592 0.00369928552155
222 4.07327328099 20.0799809532 42.7154604995 0.00767987191427
223 3.47943431501 19.5600532757 42.1364126925 0.00423550808865
224 2.79321996465 19.1784354547 41.5520164144 0.00565533323626
225 2.2556997826 18.7600018098 40.8492864847 0.00636075156724
226 1.75279812499 18.3462487083 40.1189300638 0.00987546827209
227 1.42250988565 17.9857636995 39.2715419422 0.00157010686325
228 0.976575064827 17.6042772529 38.4888871765 0.00522684736124
229 0.65964951797 17.0614568263 37.7395506805 0.00479726433323
230 0.546335899416 16.4631579843 36.9743445104 0.00309532248213
231 0.571720746103 15.855743979 36.2084684155 0.00320879545409
232 0.430203435686 15.2371760726 35.4646302933 0.00610395525875
233 -0.0999992387079 14.4161746627 35.4639387801 0.00428122377141
234 -0.561631953826 13.5818650357 35.6778493157 0.00269663349568
235 -1.02231556082 12.7238189093 35.757015416 0.00548587718075
236 -1.39911011326 11.8364718604 35.5987182809 0.00391307379258
237 -1.44516714062 11.4425855846 35.6197360723 0.00204670921258
238 -1.96763698886 10.6404115319 35.5833034241 0.00441102766347
239 -2.46289572071 9.82613315085 35.6768127391 0.00572693077134
240 -2.66537117294 9.0402100575 36.1845529381 0.00702356928929
241 -2.61820898978 8.08494038704 36.1969814842 0.00353276398499
242 -2.52386447375 7.28471911254 35.6817801014 0.00454931312317
243 -2.4519258677 6.59354361222 35.0250958065 0.00892905267438
244 -2.57007904911 6.0680579303 34.2359636558 0.00525628892047
245 -2.3398711266 5.4895558998 33.512041029 0.001949598175
246 -2.09491089593 5.18654262367 32.6403230382 0.00271648677493
247 -2.11906888546 5.40370756341 31.7110100785 0.00203943236103
248 -2.05748707964 5.86349892868 30.8770226121 0.0050900131204
249 -2.21832396449 6.18150933941 29.9922027872 0.00265178675955
250 -2.59696987053 6.42196445948 29.1507202362 0.00766563829977
251 -2.95850414772 7.00238085074 28.4875569478 0.0064212652455
252 -3.63546646184 7.2487462219 27.8654392707 0.00472616835401
253 -4.35430326798 7.65702406628 27.3949525097 0.00519978041876
254 -4.89612411153 8.08651154594 26.7422786735 0.00327356945985
255 -5.66899001662 8.41058249134 26.2943778162 0.00163404672408
256 -6.56745254461 8.515395639 26.0042035014 0.003535839683
257 -7.44812413758 8.27464690164 25.7432687335 0.00641078108031
258 -8.07469827007 7.60331689089 25.9818401516 0.00955348484314
259 -8.64522210555 7.1198123819 26.564264688 0.00347785434164
260 -8.51979701676 7.16705352011 27.5026836653 0.00639470505751
261 -8.23110418238 7.04097091869 28.3958302645 0.0128163179182
262 -8.2621806917 7.12914994501 29.3367005153 0.0050857948871
263 -8.45287165115 6.96282264287 30.2469575475 0.0053209629289
264 -8.71426691565 6.60528563545 31.0805200865 0.00558026718995
265 -9.07168091013 6.13223440494 31.8138069693 0.00398051877169
266 -9.4545824096 5.43819344087 32.3230686131 0.00409661365844
267 -9.80998495781 4.58224052304 32.4877986582 0.00353444738448
268 -10.1832145332 3.7234485779 32.5786488526 0.00262483529782
269 -10.3513933774 2.87504197519 32.9480986892 0.00373416103598
270 -10.1587893495 2.02161996412 33.2916680307 0.00425758267959
271 -9.9592814606 1.17108795332 33.6366566223 0.00463059432201
272 -9.63553341929 0.290794787932 33.6067319877 0.00545670654289
273 -9.05691015012 -0.416043323053 33.8179787769 0.0067615829787
274 -8.31403613392 -0.86760477603 34.1662937346 0.00676252196814
275 -7.98259519912 -1.47842514599 34.7927994039 0.00864748650785
276 -7.94263800026 -2.28841221183 34.3295776659 0.00287743348157
277 -7.76815911734 -2.73970011789 33.5308088418 0.00561926018883
278 -7.45521672909 -3.16196377697 32.7601770522 0.0120516401222
279 -7.01683433941 -3.2410004298 31.9431511088 0.00368731533445
280 -6.82424617639 -3.570555496 31.0952094453 0.0076296878998
281 -7.14577146143 -3.64488388652 30.2274680769 0.00334776129607
282 -7.62000045465 -3.42804113814 29.4845396888 0.00331635776918
283 -8.25918169983 -2.99318659628 29.015486172 0.00365417740668
284 -8.3082602214 -2.95286579554 28.9990792606 0.000123950271922
285 -8.97376899316 -2.43094234869 28.6943145596 0.00401179996496
286 -9.86322365168 -2.33873017489 28.6191172241 0.00443976793546
287 -10.7060657654 -2.30233508101 28.3177731676 0.00672500971212
288 -10.7512598667 -2.48176081688 28.4115230234 0.00212713035969
289 -10.9274174954 -3.11315285573 28.9881829014 0.0055353091797
290 -10.6067817649 -3.78390109039 29.4396571054 0.0077489057283
291 -10.6422787301 -4.64757343004 29.4085000303 0.00590857537452
292 -10.2332296209 -5.25567131322 28.955075832 0.00710386196383
293 -10.082099387 -5.92109293893 28.4358681479 0.00503665261837
294 -9.76001709221 -6.48231295225 27.878243311 0.00410050121412
295 -9.21194690766 -6.50291123893 27.2267370694 0.00769599320162
296 -8.43998923507 -6.62675895532 27.548463047 0.00724567706736
297 -7.68655414612 -6.94872504807 27.3643942481 0.00566858432371
298 -6.94166747659 -7.31197385615 27.4677883662 0.00256403233277
299 -6.31506106118 -7.23227585324 28.0118648237 0.00516758680073
300 -6.42782889101 -6.66481517062 28.6061214969 0.00696386524374
301 -6.26327324387 -6.56220178432 29.4067528695 0.0032111289448
302 -6.78137197594 -6.3221999902 29.9953973032 0.00636888316434
303 -7.2689747291 -6.29592361155 30.6467012787 0.016394405044
304 -7.71362463368 -6.41425171229 31.292952667 0.0065662012765
305 -8.21335117472 -6.0488283613 31.7750862195 0.00443872389946
306 -8.67270212112 -5.50380302038 32.0880934347 0.00526629309797
307 -9.37788184857 -5.19374446626 32.0575697306 0.00674705232322
308 -9.62772851874 -5.04326745822 32.7620023618 0.00576321106054
309 -9.68101505153 -5.24270124332 33.486763804 0.00884403029268
310 -10.118310849 -5.68496237079 33.8838432848 0.0103770724908
311 -10.6167760693 -6.19968463798 33.8292669877 0.0048576391063
312 -10.624935058 -5.89027649701 34.4685791961 0.00717349079368
313 -10.4589114893 -6.23188851038 35.0505947307 0.00967134589693
314 -9.9472225937 -6.43296367527 35.4368726686 0.0052591372661
315 -9.31332941842 -6.35806510127 35.5974006246 0.00879238840035
316 -9.05183351223 -6.43359156983 36.1711209177 0.00285656324624
317 -9.40324666213 -6.7996383818 35.8046588367 0.00773693507392
318 -9.00476612764 -7.24964209953 35.8106036186 0.00855995221062
319 -8.63362474077 -7.10077777177 35.4016622308 0.0084595881219
320 -8.79021128381 -6.61516919216 35.2281273806 0.00757218549707
321 -8.39634400138 -6.55499866189 34.9144841572 0.0165028495634
322 -8.06839620372 -6.77072412127 34.7465087446 0.010130542986
323 -8.11106155444 -6.5783804017 35.0558708292 0.00688737593688
324 -7.88653993722 -6.60402265278 35.2851839473 0.00510292081597
325 -7.68890722775 -6.57221475122 35.4950303368 0.0353532663897
326 -7.63332023649 -6.64572572555 35.5495292648 0.00506263844694
327 -7.70967977464 -6.61169070711 35.5739354975 0.00801196804864
328 -7.75178093102 -6.5742687653 35.5628743221 0.00911503120529
329 -7.76070933194 -6.55649940732 35.584366447 0.00780786881358
330 -7.77068044275 -6.55455658095 35.5892325204 0.00918120243128
