0 0.754071011285 0.608171335974 0.22003539998 0.00275133610663
1 1.4560494727 1.26286721878 0.475947253628 0.00400478987704
2 2.16257042027 1.92874612297 0.686389460145 0.00277373683459
3 2.81298806372 2.6103080734 1.00146238464 0.00619516062805
4 3.45071147568 3.29046358606 1.34422873469 0.0258311179576
5 4.08189285194 3.96705533968 1.7053410054 0.0089545985425
6 4.50613575504 4.77793964851 2.0913169993 0.00969486899267
7 4.73088665862 5.44583131009 2.44751814629 0.00414766555563
8 5.11802757596 6.322596789 2.69749096478 0.00803714041283
9 5.44328872554 7.21984301046 2.96228611508 0.00532997830998
10 5.5660674423 8.20080013541 3.02150573882 0.00544803611121
11 5.70157696758 9.180169663 2.96452864239 0.00313455113448
12 5.70573031882 10.1699302168 2.99740883198 0.00500383204956
13 5.85602959841 11.1176575456 3.24212954947 0.00232513766797
14 5.94322168663 12.0851495347 3.43442585187 0.00617114250295
15 6.20790550779 12.513592085 4.28714571375 0.00165214174588
16 6.50215104452 13.0580943972 5.06020434735 0.00347981050076
17 6.62616615326 13.6808603332 5.8200753943 0.00482286881548
18 6.66540814504 14.284714658 6.60389737231 0.00475956681366
19 6.53487233371 14.9653708443 7.31108201204 0.00819596057601
20 6.11649603151 15.5064473699 8.0269813644 0.00416397055662
21 5.52555886194 15.9156970197 8.70781766784 0.00367055944685
22 5.04385315804 16.2735025083 9.49531880418 0.00275702496523
23 4.35495181003 16.6356127142 10.1071892674 0.00405637756093
24 3.66857555312 16.8734371315 10.7797820664 0.00645321706433
25 2.75785732027 17.0897209742 11.1017143151 0.00166276365712
26 1.83813132163 17.2458627431 11.4326594172 0.00294585639362
27 1.13103556939 16.8620081721 12.0092869369 0.00852818675656
28 0.554142133135 16.4111906356 12.6753798494 0.00652219832601
29 -0.0697867775157 15.9219685519 13.2677927022 0.00305765934955
30 -0.536357255788 15.3993327994 13.9668907293 0.0058985090668
31 -0.797118282965 14.7759468249 14.6899937518 0.00416310867785
32 -1.01493949371 14.1083837194 15.3873548738 0.00134306598785
33 -1.24691258565 13.471366531 16.1083161168 0.00423955776379
34 -1.50001389014 12.7166910899 16.6962414193 0.00290708990975
35 -1.4244771038 11.8524115961 17.1721330669 0.00211063504894
36 -1.10008365921 10.9984057699 17.5523092987 0.0267285296879
37 -0.820369128824 10.1425166031 17.961978446 0.0036499305223
38 -0.443672969176 9.33629661723 18.3940248121 0.00511264854432
39 0.0551900765647 8.49345776873 18.5324310999 0.00622919294762
40 0.526151113767 7.7159199505 18.9222525147 0.0134514341733
41 1.06777734514 6.98618413266 19.3123822231 0.00478647288463
42 1.62474290072 6.29701552634 19.7515105723 0.0057040000602
43 2.32390150082 5.72551089427 20.154543317 0.00285920456605
44 2.98657932805 5.13763050069 20.5939591838 0.00682295446659
45 3.82966604723 4.72335311922 20.9025678999 0.0029989240759
46 4.72779922972 4.43477284749 21.1986696807 0.00453789394735
47 5.56169301733 3.93869058812 21.3884364235 0.00358636289828
48 6.50172935377 3.72792509629 21.610541719 0.00405887403715
49 7.4569636157 3.54585990969 21.7886214351 0.0115395788099
50 8.39017510346 3.44110041812 22.0972704902 0.0279278696534
51 9.31041844038 3.40782743498 22.455874105 0.00473054932048
52 10.1522744834 3.53113983754 22.9584401853 0.00162606406688
53 11.0285974963 3.72493413686 23.3718819019 0.00348566827605
54 11.8881897663 4.21017481115 23.4158270394 0.00455989728922
55 12.7147416539 4.75141229461 23.4079201392 0.00739325530782
56 13.5462805574 5.28205456473 23.4625943511 0.00729543553449
57 14.2952270139 5.92410195364 23.5147459239 0.00394971304957
58 14.9415487412 6.66933084886 23.4629853505 0.00390485647028
59 15.706988341 7.28933359307 23.3895748328 0.00310545389693
60 16.4261741292 7.95155558905 23.2486496309 0.0042636944373
61 17.2582137248 8.13919684226 23.7467718031 0.00395441099975
62 18.0687318714 8.41096041338 24.2414820176 0.00498354756809
63 19.0115950544 8.47359161686 24.5285999531 0.00357198404076
64 19.969179101 8.53575930519 24.7618889342 0.00317499823017
65 20.9448168216 8.58261663296 24.9071580316 0.0142161523591
66 21.9086789433 8.79345813877 24.9437548893 0.00636112336972
67 22.8670465199 9.0301090822 24.9578464026 0.00572664906489
68 23.7820216886 9.38939112105 24.8668932892 0.0038137988455
69 24.6683208513 9.82139692873 24.9146931261 0.00628869410577
70 25.4875087902 10.2694330775 25.234887664 0.00929287843055
71 26.1899696191 10.8369682146 25.6331047612 0.00465958591393
72 26.8871288391 11.378632999 26.0742304356 0.00232659522885
73 27.6526130808 11.8337078112 26.4995534498 0.00469269166999
74 28.3267072242 12.4780969732 26.8222998149 0.00430401464053
75 28.9307168023 13.2352256728 27.0109614265 0.00465174197691
76 29.3066082168 14.1232319767 27.2200046297 0.00412885589467
77 29.6134695667 15.039304479 27.4202227025 0.00125219996777
78 29.9666858954 15.8930542329 27.7663345555 0.00463872002
79 30.2845761405 16.8033861284 27.9749715077 0.0040417263592
80 30.5333069908 17.7196511555 28.2429001853 0.00569103066485
81 30.980426573 18.4288416981 28.7627736768 0.00581622668779
82 31.1995496982 19.2659574286 29.2362516631 0.00268739700466
83 31.4063092235 20.082770889 29.7490589752 0.00326102978262
84 31.657139278 20.9094636861 30.2249406042 0.0037805092395
85 31.8338128187 21.6813041392 30.8129902979 0.00369761457002
86 31.8820630087 22.5106227158 31.3445217377 0.00532936728157
87 31.6957927587 23.221704224 32.0019518445 0.00177992352405
88 31.4561610293 23.9575341823 32.6131816132 0.00424972242124
89 31.1785308782 24.7801125007 33.0806914338 0.00366705041107
90 30.9195783741 25.5817564814 33.593046899 0.00226819270816
91 30.5994942995 26.3190894757 34.1640554321 0.00492502685523
92 30.1515097118 26.978797828 34.7438184684 0.00367317931771
93 29.6048075099 27.5462901575 35.336273163 0.00401864887272
94 29.054691651 28.0948591438 35.9431270563 0.00221700410015
95 28.4510996875 28.5612871428 36.5675432976 0.00361042233654
96 27.7859507053 28.8845408473 37.2192877952 0.0071694889095
97 27.0572476016 29.0994599629 37.8471931523 0.00899483879419
98 26.3990792858 29.3587132351 38.5333702115 0.0113085167678
99 25.769021855 29.7346940514 39.1910518167 0.0368477891473
100 25.1829182901 29.4948245738 39.9452050539 0.0100256817207
101 24.6874687628 29.2382622453 40.7565191534 0.00767035264161
102 24.1891736477 28.8041021201 41.4861855695 0.00288630489264
103 23.8024983315 28.415091607 42.3037040272 0.00390712567279
104 23.559882004 28.0836786968 43.198370134 0.0028876117871
105 23.4897048999 27.8433888394 44.1504318585 0.00246138661587
106 23.5035418079 27.5519073249 45.0905584171 0.00518123497199
107 23.6062245919 27.1484247083 45.9824249426 0.00606349136465
108 23.671267046 26.5175878505 46.7349204183 0.00870674001207
109 23.7301550866 25.6810938027 47.2494839645 0.00306723456882
110 23.9122604401 24.8591129199 47.7584432048 0.00457500602864
111 24.2538474515 24.0755118028 48.2452361185 0.0019742453927
112 24.8106633296 23.4551382637 48.7674640829 0.00398501369226
113 25.2313490266 22.6790332921 49.2011959173 0.0115088831385
114 26.037293991 22.1715654273 48.9565014838 0.00303939759486
115 26.2973525444 22.03565348 48.8519885698 0.00183081559787
116 27.1585945059 21.6415432888 48.5907464152 0.00530612008649
117 28.0786894046 21.4411326918 48.3108133511 0.00478918589199
118 28.9547079074 21.1303872422 48.0157869716 0.00651526751961
119 29.7102875548 20.6952020518 47.5746314769 0.00759832640552
120 30.5673664441 20.4930091422 47.1515955639 0.00626767395644
121 31.4484985031 20.3790598146 46.7458311111 0.0109046866785
122 32.2943227208 20.3558534529 46.2585626937 0.0067372779889
123 33.1606592372 20.6558698662 45.9234504612 0.00172779065419
124 33.9386086843 21.1916848226 45.677706026 0.00335539275503
125 34.5769739382 21.8834433771 45.4199529248 0.00534540027566
126 34.9524908882 22.7794235905 45.3289648659 0.00464166684262
127 35.136504716 23.6517903853 44.9327354983 0.0124179747382
128 35.2734494082 24.5430457795 44.5613544939 0.00420104113318
129 35.2168443568 25.4294602193 44.1591040974 0.00414562718543
130 34.9750278264 26.3289153313 43.8712067139 0.00630495943352
131 34.7368714122 27.2071865786 43.5220894865 0.00454441131173
132 34.3494375302 28.0848628881 43.3514114068 0.00400724560653
133 33.7585030467 28.8579890373 43.3033822087 0.00357487732412
134 33.2996895426 29.6952620863 43.1098244102 0.00459986068167
135 32.8594188309 30.4143782508 42.6221076448 0.00511724926823
136 32.1103439345 30.6838797468 42.0610615553 0.00567423200511
137 31.3610731115 30.9048240106 41.4797852485 0.00327966650749
138 30.6413239681 31.1654592674 40.8781999935 0.0117347585866
139 29.9592273231 30.7705562554 40.307483662 0.00373932138382
140 29.4950269429 30.0328066448 39.8753518485 0.00458571371982
141 29.2761942426 29.1651420974 39.4940968989 0.00305220982886
142 28.9334443152 28.5303810582 38.8416418944 0.00460894558029
143 28.5901261542 27.8779278444 38.2075020458 0.00234657717605
144 28.2979836125 27.1203087409 37.6726580224 0.00600746817359
145 28.0217721181 26.3789431865 37.107854002 0.00489048203834
146 27.6204662994 25.6689334226 36.5793606351 0.00683408972576
147 27.2778174775 24.8578583098 36.1688521263 0.00393190185497
148 27.0510822791 23.9351581371 35.9675697482 0.00271761578097
149 26.80470771 22.9985385301 35.8963875608 0.00154322700108
150 26.5500722716 22.0654913882 35.8099455692 0.00252793456538
151 26.350267891 21.1238442442 35.683260331 0.00458827203619
152 26.2155297226 20.1645434068 35.62136641 0.00276150374027
153 26.3573659534 19.2064002139 35.6832964103 0.00338732792377
154 26.5717236254 18.3432309001 36.0716464591 0.00957630267237
155 26.7497729747 17.4100290989 36.2672251152 0.0126314414142
156 27.2189446533 16.5625146066 36.3012944544 0.00386898014772
157 27.8739135062 15.8604231685 36.4327585204 0.00346183471596
158 28.4884358542 15.1440974713 36.6521377859 0.00600186571754
159 28.9987713017 14.3374982629 36.8171134818 0.00524454933903
160 29.4048500768 13.512153543 37.1199340186 0.00305477948029
161 30.2216052757 13.0262441155 37.3049215645 0.00473316488171
162 31.0186534661 12.5898663366 37.6385301847 0.010081423721
163 31.9556603236 12.3568801528 37.5789407201 0.00340121725395
164 32.8978074906 12.1436099594 37.6270977304 0.00900591266794
165 33.8409893378 12.096919614 37.4204035994 0.00299342119173
166 34.800083665 12.1322924215 37.3063341084 0.00448184118961
167 35.72550577 12.1753708895 37.0316983674 0.00794214276177
168 36.6360924658 12.460958531 37.1799558812 0.00476015286572
169 37.3191863696 13.0409738241 37.539451789 0.00448006642075
170 37.9382269974 13.7619222729 37.7086985154 0.0110732885756
171 37.7247438621 14.5176154656 37.1483749473 0.0237325801999
172 37.3628128708 15.1818379436 36.5521841917 0.00973256400348
173 37.0276805206 15.6406500274 35.7751312572 0.00530971874703
174 36.7076716359 16.0735960652 34.9775723892 0.0114543534171
175 36.041098019 16.4912340085 34.4251468743 0.00529958786908
176 35.3899074631 16.8064222711 33.7927867187 0.0059322976839
177 34.8857402228 16.8638855773 32.9771509349 0.00589345189652
178 34.7762324006 16.8961176207 32.0236510849 0.00660368539523
179 34.5718589577 16.9223254162 31.0862632852 0.00601563981776
180 34.5082917354 17.3050218247 30.2090088189 0.00516659387962
181 34.3291810919 17.5137051551 29.2904611622 0.00193054207328
182 34.1328246648 17.6209853777 28.3582480502 0.00449553328228
183 33.807266924 17.7357786031 27.4643239394 0.00429315646926
184 34.1803844589 18.1415899607 26.6811220652 0.00376859413984
185 34.4618912401 18.8265703113 26.0745829574 0.00463187599567
186 34.1601963569 19.317999406 25.310820207 0.00123540376215
187 33.796766032 19.4388401681 24.4337652025 0.00868945055418
188 33.7116244274 19.2363680704 23.5030092834 0.00836630449225
189 33.4969618656 19.5090940016 22.6127845315 0.00218575441705
190 33.1878057995 19.6767436683 21.724597901 0.00522724196672
191 33.0478061918 19.7509255282 20.7829794351 0.00452845246813
192 33.0411653906 19.5622648529 19.8474299407 0.00272446420138
193 33.0274728123 19.3399374068 18.9196700853 0.0101485961922
194 33.3220189154 18.9639660968 18.0950412168 0.00790005147314
195 33.6268647068 18.5499521882 17.2936965947 0.00210905859551
196 33.9756047327 17.8406568768 16.7638106549 0.00496772743238
197 34.5613444661 17.508406268 16.0920518829 0.00537819512751
198 35.3273768614 17.3182532714 15.5625467929 0.00590186572435
199 35.9078107591 17.1713542986 14.8249737908 0.00289538265611
200 36.4643720208 17.4476890862 14.1068514927 0.00457666209342
201 37.0356272776 17.8321848421 13.4537851976 0.002819383358
202 37.7864163481 18.260380057 13.0632122125 0.0220435972322
203 38.3358775399 18.4681873409 12.3216063541 0.00316002063199
204 38.8876960314 18.9134469058 11.6960991221 0.00445613622161
205 39.0048223246 19.4491808494 10.92634152 0.00492590908103
206 39.0092837293 20.0580187781 10.204416559 0.00459788876407
207 38.9449961388 20.6664288545 9.48581804162 0.00402799849377
208 39.3317852627 21.3070516565 8.91198998859 0.00260333829561
209 39.2189107472 22.1753291702 8.56333035362 0.0039832754116
210 38.7629876793 22.9231472284 8.21688293839 0.00537128829495
211 38.2367035564 23.4756719615 7.66578059299 0.00168930011475
212 37.8043581111 24.2070409752 7.26153305742 0.00513512269048
213 37.3759460325 25.0424650322 7.30629899013 0.00341767344175
214 37.0445833533 25.8545700186 6.96958789146 0.00221811245248
215 36.6467593301 26.6043560501 6.56748477034 0.00783713088837
216 36.3506394207 27.4332720434 6.24362770607 0.0118110113481
217 36.1120659814 28.3071253809 6.00837132338 0.00381257890028
218 35.9182259667 29.1531027886 5.65976061742 0.00336234843757
219 35.9706755982 30.0522836901 5.41019656068 0.00246562506998
220 35.9824507999 30.968019987 5.22588411924 0.00547051738117
221 35.2729798029 31.4153559365 4.81643962291 0.00459711507911
222 35.2963708287 30.5185176245 4.56259452015 0.00120072773678
223 35.2708204795 29.5952057834 4.43759590216 0.00438362505922
224 35.6647379968 28.7810216725 4.21571813383 0.00445981615872
225 35.7625277668 27.8733090076 4.03643628908 0.00370050025828
226 36.2608745578 27.2254685618 3.59305729285 0.00363040766925
227 36.9746778263 26.8109817584 3.1665266079 0.00468539221589
228 37.4548678505 26.5438099182 2.41798774171 0.00368782172518
229 37.0875516617 26.3674785266 1.5842450096 0.00137581111948
230 36.5185478364 26.1913285585 0.873333611233 0.00365393217084
231 36.904918766 26.7109021578 0.210493605625 0.00315317908588
232 37.4778329606 27.1344574725 -0.380688773291 0.00501491838544
233 38.0142339755 27.7446156914 -0.821934470265 0.0106342342946
234 37.9581951939 28.6211372051 -1.10205933651 0.0086333515361
235 38.1301718186 29.5245969059 -1.09712075589 0.00396825134448
236 38.3651116645 30.0397762654 -0.372804174548 0.021579393719
237 38.8677416064 30.7279419855 -0.0451190879039 0.00418890739334
238 38.4459708537 31.3703680963 0.445910421494 0.00484027029911
239 37.972190617 31.8575546641 1.05221425246 0.0074727798741
240 37.5494207296 32.3857922557 1.65843012099 0.00795584296435
241 36.8604408993 32.6512511425 2.18307917844 0.00462618665028
242 36.1910852882 32.9821205767 2.69307559233 0.00613808798742
243 35.5608382137 33.6265769814 2.71732103831 0.0051689471297
244 35.3183190294 34.3695161273 3.16409369671 0.00566750131924
245 34.795786183 34.8137940072 3.74429351528 0.00602960989398
246 34.3786474957 35.0747495496 4.49364134657 0.00224694733685
247 33.6269421719 35.2951623126 4.92650543559 0.00304082203095
248 33.0472950208 35.0985442909 5.57835763046 0.00263217620199
249 32.5902044543 34.5355032647 6.09922068566 0.0206105268472
250 32.1015580615 34.3082852274 6.80048656675 0.0077817892208
251 31.4893681655 34.019320981 7.36342231479 0.00437595474397
252 31.0931686527 33.2367040888 7.39408635674 0.0047331626091
253 30.6752881565 32.4929473833 7.19786055904 0.0105215162491
254 30.7354109161 31.6276391602 7.26088053285 0.00859815624221
255 31.1276255154 30.8763071685 7.4327443347 0.00540964498548
256 30.7761007919 30.3358339054 8.00506990129 0.00510280013922
257 30.114125056 29.9446336911 8.38700242698 0.00557253121994
258 29.4585686111 29.9192981843 8.93566844001 0.0106418111674
259 29.1561401656 29.8044784294 9.72010301297 0.00857699084115
260 29.0020882389 29.677262596 10.5383050986 0.00583512864938
261 28.664535874 28.9601105832 10.8050823576 0.00671193685725
262 28.6387639762 28.332988856 11.3500271149 0.0287069486073
263 29.2385633015 27.9094993092 11.674697305 0.00523173852911
264 29.8017428442 27.5299136293 12.0863944627 0.00588202368634
265 30.3507977052 26.9787681784 12.2025506022 0.012272720219
266 30.9455486897 26.6452746293 12.5611183875 0.0048690387971
267 30.7961012822 26.094183909 13.0681921141 0.0042704796198
268 31.4993013546 25.8923740169 13.260864364 0.00463432037918
269 31.9865097609 25.7007888179 13.7977639264 0.0074003110111
270 32.0903936209 25.8512349848 14.5129370139 0.00454898492713
271 31.8491997212 26.2553632161 15.0703796472 0.00510770971707
272 32.5338349733 26.4162446 14.9199460871 0.00504618379628
273 33.1889762856 26.5896422492 15.129478142 0.00800508004072
274 33.7452802619 27.0002272455 15.1641054716 0.0115785275933
275 33.61308357 26.9914230303 14.5111910819 0.00627635319012
276 33.0987410358 27.3740090156 14.4141249429 0.00876687041732
277 32.7026220825 27.0014579381 14.1092601851 0.00766007646871
278 32.466985777 26.4544161075 14.0479891515 0.0072088539097
279 32.9304694883 26.4182319331 14.3848594038 0.00917635582541
280 33.2716301122 26.5197219621 14.7897948877 0.00938923732729
281 33.2678331768 26.8540167523 15.1598639096 0.0125288651789
282 32.8702442319 26.867146022 15.3422997102 0.00558373369846
283 33.1336932865 27.0482264871 15.0874039302 0.0104580591646
284 33.1191789605 27.3668084132 15.2094470369 0.00809856895773
285 33.1282163021 27.488054289 15.4732745777 0.0102545183937
286 33.0018307892 27.6042854605 15.3183498324 0.0238283681274
287 33.0689458374 27.6707879016 15.2569043896 0.00644886863925
288 33.1117263886 27.6053281821 15.2190105741 0.00677313526977
289 33.0537276504 27.5943032195 15.2014035741 0.0118605427103
290 33.0783553064 27.5965466543 15.1961594206 0.00899788092215
291 33.0762056011 27.5991891226 15.2018886025 0.006433979476
