0 1.0 1.0 -1.0 0.00407589050688 1
1 -1.0 1.0 -1.0 0.0115068944082 0
2 -1.0 3.0 -1.0 0.00644694562516 0
3 -1.0 3.0 -3.0 0.00897397172683 1
4 -1.0 5.0 -3.0 0.00685989952376 0
5 -1.0 5.0 -5.0 0.00576089202532 1
6 -1.0 7.0 -5.0 0.00825022177959 0
7 -1.0 7.0 -7.0 0.00362292222302 1
8 -1.0 9.0 -7.0 0.00809806997581 0
9 -1.0 9.0 -9.0 0.00438516925257 1
10 -1.0 11.0 -9.0 0.00849655445338 0
11 -3.0 11.0 -11.0 0.00269353278749 1
12 -3.0 13.0 -11.0 0.00786107962979 0
13 -3.0 13.0 -13.0 0.00755005026398 1
14 -5.0 13.0 -15.0 0.00945887989164 1
15 -5.0 15.0 -15.0 0.0065310667776 0
16 -7.0 15.0 -17.0 0.0101744889343 1
17 -7.0 15.0 -19.0 0.0099661646323 0
18 -9.0 15.0 -19.0 0.00404958871204 1
19 -9.0 15.0 -21.0 0.00811866723544 0
20 -11.0 15.0 -21.0 0.025542882242 1
21 -13.0 15.0 -23.0 0.00563724050349 1
22 -15.0 15.0 -23.0 0.0142935189469 1
23 -17.0 13.0 -25.0 0.0136603153954 1
24 -17.0 11.0 -25.0 0.00650955301684 0
25 -19.0 11.0 -27.0 0.00227659101734 1
26 -19.0 9.0 -27.0 0.0110438464046 0
27 -19.0 9.0 -29.0 0.00348578508455 1
28 -19.0 7.0 -29.0 0.013165833319 0
29 -19.0 7.0 -31.0 0.00238654678392 1
30 -19.0 5.0 -31.0 0.00817353899632 0
31 -19.0 5.0 -33.0 0.00300396485465 1
32 -19.0 3.0 -33.0 0.00469582273876 0
33 -19.0 3.0 -35.0 0.0069833946946 1
34 -19.0 3.0 -37.0 0.0140944339712 1
35 -19.0 3.0 -39.0 0.00603165302303 1
36 -17.0 3.0 -39.0 0.00403337551786 0
37 -17.0 3.0 -41.0 0.00640232586075 1
38 -17.0 3.0 -43.0 0.00626240145745 1
39 -15.0 3.0 -43.0 0.00711854716268 0
40 -15.0 3.0 -45.0 0.00356924375261 1
41 -13.0 3.0 -45.0 0.00180723024407 0
42 -13.0 5.0 -47.0 0.0153023569255 1
43 -11.0 5.0 -49.0 0.012122148046 1
44 -11.0 7.0 -51.0 0.0144712024355 1
45 -11.0 7.0 -53.0 0.00699019610182 1
46 -9.0 7.0 -55.0 0.0117370403518 1
47 -9.0 7.0 -57.0 0.0106158826505 1
48 -9.0 9.0 -59.0 0.00924868123233 1
49 -9.0 9.0 -61.0 0.00612713985342 1
50 -11.0 9.0 -61.0 0.00115339585839 0
51 -11.0 9.0 -63.0 0.00887597963868 1
52 -11.0 9.0 -65.0 0.13889759509 1
53 -11.0 7.0 -65.0 0.0067210953131 0
54 -9.0 7.0 -65.0 0.0250424153365 0
55 -9.0 9.0 -65.0 0.00422422303891 0
56 -11.0 7.0 -67.0 0.0375601823327 1
57 -11.0 9.0 -67.0 0.0212692833834 0
58 -11.0 7.0 -69.0 0.0129254897959 1
59 -11.0 7.0 -71.0 0.00605151896602 1
60 -11.0 7.0 -73.0 0.00804784888678 1
61 -11.0 7.0 -75.0 0.00905177126968 1
62 -11.0 7.0 -77.0 0.00432768223283 0
63 -13.0 5.0 -77.0 0.0037030875782 1
64 -13.0 5.0 -79.0 0.047748396913 0
65 -15.0 5.0 -77.0 0.0137030304987 1
66 -17.0 5.0 -77.0 0.00613022137926 0
67 -17.0 3.0 -77.0 0.00962172588609 1
68 -19.0 3.0 -77.0 0.00267765754235 0
69 -19.0 1.0 -77.0 0.00671867596903 1
70 -19.0 -1.0 -77.0 0.00478822356627 1
71 -21.0 -1.0 -77.0 0.00933384405959 0
72 -21.0 -3.0 -77.0 0.00392411366938 1
73 -21.0 -3.0 -75.0 0.00617943675794 0
74 -23.0 -3.0 -79.0 0.0125671695863 0
75 -23.0 -1.0 -79.0 0.00711038062552 0
76 -21.0 -5.0 -75.0 0.0267832778471 0
77 -23.0 -5.0 -77.0 0.00817315107108 1
78 -23.0 -5.0 -79.0 0.00929668195042 0
79 -25.0 1.0 -81.0 0.0164719586983 0
80 -21.0 -7.0 -75.0 0.00456767944263 0
81 -23.0 -7.0 -75.0 0.00241294676736 0
82 -25.0 -3.0 -75.0 0.00331512548651 1
83 -25.0 -5.0 -75.0 0.00785047672781 0
84 -25.0 3.0 -81.0 0.00353804124132 0
85 -25.0 3.0 -83.0 0.00612872089069 0
86 -27.0 1.0 -83.0 0.0317045510967 0
87 -27.0 -1.0 -83.0 0.00414680977789 0
88 -23.0 -9.0 -75.0 0.00464100518596 0
89 -23.0 -9.0 -73.0 0.0116160410328 0
90 -25.0 -1.0 -73.0 0.00769043101855 1
91 -25.0 -3.0 -73.0 0.0102573432779 0
92 -27.0 5.0 -81.0 0.0086416426604 0
93 -27.0 5.0 -83.0 0.00322737945193 0
94 -25.0 3.0 -85.0 0.025479150815 0
95 -23.0 3.0 -85.0 0.00560549563829 0
96 -23.0 5.0 -85.0 0.00816052267115 0
97 -25.0 1.0 -85.0 0.0293154978601 0
98 -27.0 1.0 -85.0 0.0241680541942 0
99 -27.0 -1.0 -85.0 0.0124066870282 0
100 -29.0 1.0 -85.0 0.0294761689223 0
101 -29.0 -1.0 -85.0 0.0708636588338 0
102 -23.0 -11.0 -73.0 0.00853764244569 0
103 -23.0 1.0 -73.0 0.00863811627983 1
104 -25.0 1.0 -73.0 0.004340521593 0
105 -29.0 5.0 -83.0 0.00900895783346 0
106 -27.0 5.0 -87.0 0.0265569454321 0
107 -25.0 5.0 -87.0 0.00760463066397 0
108 -25.0 3.0 -87.0 0.0099281829812 0
109 -25.0 7.0 -87.0 0.0488051939761 0
110 -31.0 -1.0 -85.0 0.0602392818296 0
111 -23.0 -13.0 -73.0 0.00404638751806 0
112 -25.0 -13.0 -73.0 0.00471156653261 0
113 -21.0 3.0 -73.0 0.0121065232409 1
114 -21.0 1.0 -73.0 0.00674848761008 0
115 -31.0 5.0 -83.0 0.0182400692619 0
116 -31.0 7.0 -83.0 0.0101938697893 0
117 -29.0 5.0 -89.0 0.00705898791394 0
118 -29.0 3.0 -89.0 0.00933299623711 0
119 -27.0 5.0 -89.0 0.00689243442188 0
120 -27.0 7.0 -87.0 0.0195085449143 0
121 -25.0 9.0 -87.0 0.0208970452682 0
122 -27.0 9.0 -87.0 0.00774960972272 0
123 -25.0 -15.0 -73.0 0.0190922086003 0
124 -19.0 3.0 -73.0 0.0251988326207 1
125 -33.0 7.0 -83.0 0.00802170860643 0
126 -31.0 5.0 -89.0 0.0104998175252 0
127 -25.0 -17.0 -71.0 0.0068110916387 0
128 -17.0 3.0 -73.0 0.0131714606238 1
129 -35.0 7.0 -83.0 0.00931615204964 0
130 -33.0 7.0 -87.0 0.0101165779376 0
131 -33.0 5.0 -89.0 0.00567300724695 0
132 -23.0 -19.0 -71.0 0.0186638353756 0
133 -15.0 1.0 -71.0 0.0110770554682 1
134 -15.0 1.0 -73.0 0.0058048325309 0
135 -37.0 7.0 -85.0 0.00895359185633 0
136 -37.0 5.0 -85.0 0.0049936555394 0
137 -35.0 5.0 -87.0 0.0100392347277 0
138 -23.0 -21.0 -71.0 0.00360381001807 0
139 -21.0 -21.0 -71.0 0.00364827117442 0
140 -13.0 -1.0 -71.0 0.00422326943543 1
141 -13.0 1.0 -71.0 0.00808823400461 0
142 -37.0 5.0 -87.0 0.00962091137721 0
143 -21.0 -23.0 -71.0 0.0121673672085 0
144 -19.0 -23.0 -69.0 0.00272776317026 0
145 -11.0 -3.0 -71.0 0.0211861734727 1
146 -11.0 -1.0 -71.0 0.00655672113237 0
147 -19.0 -25.0 -69.0 0.00912100150333 0
148 -17.0 -25.0 -69.0 0.0174138328299 0
149 -11.0 -5.0 -73.0 0.00899812082183 1
150 -11.0 -5.0 -71.0 0.00739330872227 0
151 -15.0 -27.0 -69.0 0.00465462128704 0
152 -15.0 -27.0 -67.0 0.00218922920131 0
153 -9.0 -7.0 -75.0 0.00501543288662 1
154 -11.0 -7.0 -75.0 0.00190144899211 0
155 -11.0 -7.0 -73.0 0.00518576207015 0
156 -13.0 -27.0 -67.0 0.00717700876783 0
157 -9.0 -9.0 -75.0 0.0132663645538 1
158 -11.0 -25.0 -67.0 0.00867742002808 0
159 -7.0 -11.0 -75.0 0.0151851189244 0
160 -9.0 -11.0 -75.0 0.00573761950376 1
161 -9.0 -25.0 -67.0 0.0144171436277 0
162 -9.0 -23.0 -67.0 0.00400566919811 0
163 -7.0 -13.0 -73.0 0.00796329599515 1
164 -7.0 -23.0 -67.0 0.00301584753695 0
165 -7.0 -23.0 -69.0 0.00299627472113 0
166 -7.0 -21.0 -69.0 0.00993281021587 0
167 -9.0 -15.0 -71.0 0.0046416186597 1
168 -9.0 -13.0 -71.0 0.00957728689431 0
169 -7.0 -19.0 -69.0 0.00975600184252 0
170 -7.0 -17.0 -71.0 0.00298376968422 0
171 -7.0 -17.0 -69.0 0.00809547109372 0
172 -11.0 -15.0 -69.0 0.00209373779772 1
173 -11.0 -15.0 -71.0 0.00505661131754 0
174 -7.0 -17.0 -67.0 0.00770518740148 0
175 -13.0 -15.0 -69.0 0.0136697094067 1
176 -7.0 -17.0 -65.0 0.0034234296839 0
177 -9.0 -17.0 -65.0 0.00495229462627 0
178 -15.0 -15.0 -67.0 0.00836632992629 1
179 -15.0 -15.0 -69.0 0.00209123365119 0
180 -9.0 -17.0 -63.0 0.00452509295222 0
181 -11.0 -17.0 -63.0 0.0115277272675 0
182 -15.0 -15.0 -65.0 0.00593479203308 1
183 -13.0 -17.0 -63.0 0.0119939674037 0
184 -17.0 -15.0 -63.0 0.0036361446467 0
185 -15.0 -15.0 -63.0 0.00360502132547 1
186 -15.0 -17.0 -61.0 0.00669610208289 0
187 -17.0 -17.0 -61.0 0.0144406995856 1
188 -17.0 -15.0 -61.0 0.013694067148 0
189 -17.0 -19.0 -61.0 0.00224789153721 1
190 -17.0 -15.0 -59.0 0.00438949335118 0
191 -19.0 -19.0 -61.0 0.00203024400109 0
192 -19.0 -15.0 -59.0 0.00689818544895 0
193 -19.0 -21.0 -61.0 0.0101114897793 1
194 -19.0 -15.0 -57.0 0.00396420879922 0
195 -21.0 -15.0 -57.0 0.00572440979868 0
196 -19.0 -23.0 -61.0 0.0130632974431 1
197 -21.0 -13.0 -55.0 0.00835916743337 0
198 -21.0 -15.0 -55.0 0.00184308674388 0
199 -19.0 -25.0 -61.0 0.00324780800403 1
200 -21.0 -13.0 -53.0 0.00871389761971 0
201 -19.0 -27.0 -61.0 0.0135517546749 0
202 -17.0 -27.0 -61.0 0.0113253483209 1
203 -19.0 -11.0 -51.0 0.0104677296604 0
204 -21.0 -13.0 -51.0 0.00232998148976 0
205 -15.0 -27.0 -61.0 0.0106626311742 1
206 -15.0 -29.0 -61.0 0.00407340154222 0
207 -17.0 -9.0 -51.0 0.0163737287712 0
208 -19.0 -9.0 -51.0 0.00872438651623 0
209 -13.0 -29.0 -63.0 0.0167822325853 1
210 -15.0 -9.0 -49.0 0.0225410004212 0
211 -11.0 -29.0 -63.0 0.00770877686654 1
212 -13.0 -11.0 -49.0 0.00914789909457 0
213 -13.0 -9.0 -49.0 0.00308001716576 0
214 -9.0 -31.0 -63.0 0.00628214493137 0
215 -9.0 -31.0 -61.0 0.0037887965531 1
216 -11.0 -13.0 -49.0 0.00876741255248 0
217 -11.0 -11.0 -49.0 0.00678704294055 0
218 -7.0 -31.0 -61.0 0.0058215891243 1
219 -7.0 -29.0 -59.0 0.0156996809512 0
220 -9.0 -15.0 -51.0 0.00734714870693 0
221 -9.0 -13.0 -51.0 0.00277057061263 0
222 -5.0 -29.0 -59.0 0.00416289648079 1
223 -5.0 -29.0 -57.0 0.0169116801424 0
224 -9.0 -17.0 -53.0 0.0215548764548 0
225 -9.0 -15.0 -53.0 0.00367599095785 0
226 -3.0 -29.0 -57.0 0.0111345138013 0
227 -3.0 -27.0 -57.0 0.00510421248617 1
228 -3.0 -27.0 -55.0 0.00626991410511 0
229 -7.0 -19.0 -55.0 0.00929879601807 0
230 -9.0 -19.0 -55.0 0.00399898365992 0
231 -3.0 -25.0 -55.0 0.00557484358557 1
232 -1.0 -25.0 -53.0 0.0086738009331 0
233 -5.0 -19.0 -55.0 0.00869786176485 0
234 -1.0 -23.0 -53.0 0.00609641671247 0
235 -3.0 -23.0 -55.0 0.00213509532136 1
236 -3.0 -21.0 -55.0 0.0065951233581 1
237 -3.0 -19.0 -55.0 0.00424678068399 0
