0 1.0 -1.0 1.0 0.00891821158618 1
1 3.0 -1.0 1.0 0.0143484339849 1
2 5.0 -1.0 1.0 0.00991315169603 1
3 7.0 -1.0 1.0 0.00472624478291 1
4 7.0 1.0 1.0 0.00302562482551 0
5 9.0 1.0 1.0 0.00636885440904 1
6 11.0 1.0 1.0 0.00809377259842 1
7 13.0 1.0 -1.0 0.0202919493758 1
8 15.0 3.0 -1.0 0.0108436364142 1
9 17.0 3.0 -1.0 0.00855916178187 1
10 17.0 3.0 -3.0 0.00896013660885 0
11 19.0 3.0 -3.0 0.019644213395 0
12 19.0 5.0 -3.0 0.00950462016882 1
13 21.0 5.0 -3.0 0.00338405873218 0
14 21.0 7.0 -5.0 0.0103677627867 1
15 21.0 7.0 -7.0 0.0255279180242 1
16 21.0 7.0 -9.0 0.001195401011 1
17 19.0 9.0 -9.0 0.00680020566655 0
18 19.0 9.0 -11.0 0.0161551100836 1
19 19.0 9.0 -13.0 0.0535859867889 1
20 19.0 9.0 -15.0 0.00840865294549 1
21 19.0 9.0 -17.0 0.00798321591114 1
22 17.0 9.0 -17.0 0.0039717751816 0
23 17.0 9.0 -19.0 0.00545900894172 1
24 17.0 11.0 -21.0 0.00785779417155 1
25 17.0 11.0 -23.0 0.00579585829835 1
26 17.0 11.0 -25.0 0.0085222670252 1
27 17.0 11.0 -27.0 0.0119374264498 1
28 17.0 11.0 -29.0 0.00799562459321 1
29 17.0 11.0 -31.0 0.00160334875583 1
30 15.0 11.0 -31.0 0.00523695526644 0
31 15.0 11.0 -33.0 0.0107697827797 1
32 15.0 13.0 -35.0 0.0104412525154 1
33 15.0 13.0 -37.0 0.00661391676557 1
34 15.0 13.0 -39.0 0.00403602256613 1
35 13.0 13.0 -39.0 0.0130358816412 0
36 13.0 13.0 -41.0 0.00824561503587 1
37 13.0 13.0 -43.0 0.00921836737109 1
38 11.0 13.0 -43.0 0.0031613757676 0
39 11.0 11.0 -43.0 0.00308782732106 0
40 11.0 11.0 -45.0 0.00813035624771 1
41 9.0 11.0 -45.0 0.00438374524049 0
42 9.0 11.0 -47.0 0.0104279928347 1
43 7.0 11.0 -49.0 0.0127417504351 1
44 7.0 11.0 -51.0 0.0116387523706 1
45 7.0 11.0 -53.0 0.00985670208531 1
46 5.0 11.0 -53.0 0.00849488348885 0
47 5.0 11.0 -55.0 0.0100317203349 1
48 3.0 11.0 -57.0 0.0050400369671 1
49 3.0 11.0 -59.0 0.00421276711804 1
50 1.0 11.0 -59.0 0.004366655431 0
51 1.0 11.0 -61.0 0.00476298060005 1
52 1.0 9.0 -61.0 0.00507043164686 0
53 -1.0 9.0 -61.0 0.0049245675192 0
54 -1.0 9.0 -63.0 0.0096062269739 1
55 -3.0 9.0 -63.0 0.00590301124735 0
56 -3.0 7.0 -63.0 0.00367133234274 0
57 -3.0 7.0 -65.0 0.00356292834817 1
58 -3.0 5.0 -65.0 0.00978595861504 0
59 -3.0 5.0 -67.0 0.00385072523028 1
60 -1.0 3.0 -67.0 0.0120433207302 0
61 -1.0 3.0 -69.0 0.00508342275415 1
62 -1.0 1.0 -69.0 0.0108757737264 0
63 -1.0 1.0 -71.0 0.00615459987374 1
64 -1.0 -1.0 -71.0 0.01044964768 0
65 1.0 -1.0 -73.0 0.00204255325908 1
66 1.0 -3.0 -73.0 0.00743974687611 0
67 1.0 -3.0 -75.0 0.00438112182832 1
68 1.0 -5.0 -75.0 0.00716512867277 0
69 1.0 -5.0 -77.0 0.00579501869033 1
70 3.0 -7.0 -77.0 0.00967358548579 0
71 3.0 -7.0 -79.0 0.00639001983673 1
72 5.0 -9.0 -79.0 0.0218970298521 0
73 5.0 -9.0 -81.0 0.0373442282917 1
74 7.0 -9.0 -83.0 0.00267692503422 0
75 7.0 -11.0 -83.0 0.00991122626976 1
76 7.0 -13.0 -85.0 0.0169732548891 0
77 9.0 -13.0 -85.0 0.0123289086569 1
78 11.0 -13.0 -85.0 0.00842885761038 1
79 13.0 -15.0 -85.0 0.00471204982048 0
80 13.0 -15.0 -87.0 0.00141035107125 1
81 15.0 -15.0 -87.0 0.00273557639755 1
82 15.0 -13.0 -87.0 0.0038453685087 0
83 17.0 -13.0 -87.0 0.0062145274353 1
84 19.0 -13.0 -87.0 0.00880810456756 1
85 21.0 -13.0 -87.0 0.00625100129374 1
86 21.0 -11.0 -87.0 0.00688451241237 0
87 23.0 -11.0 -87.0 0.00791322910034 1
88 25.0 -11.0 -87.0 0.0147216645258 1
89 27.0 -11.0 -87.0 0.00827568812976 1
90 29.0 -9.0 -87.0 0.00991302989884 1
91 29.0 -9.0 -89.0 0.0030090260139 0
92 31.0 -9.0 -89.0 0.00410900510149 0
93 31.0 -7.0 -89.0 0.0074821193103 1
94 31.0 -5.0 -89.0 0.00784059139564 1
95 31.0 -3.0 -91.0 0.0108615006714 1
96 31.0 -1.0 -93.0 0.0209027799777 1
97 31.0 1.0 -95.0 0.0616500071865 1
98 29.0 1.0 -97.0 0.00815378761066 1
99 27.0 1.0 -99.0 0.0239937589231 1
100 27.0 3.0 -101.0 0.00847555260465 1
101 25.0 3.0 -103.0 0.00924993247774 0
102 25.0 5.0 -103.0 0.00370951094517 1
103 25.0 5.0 -105.0 0.0103347052353 1
104 23.0 7.0 -105.0 0.00745124381242 0
105 23.0 7.0 -107.0 0.00727213529226 1
106 21.0 7.0 -107.0 0.00864151091969 0
107 21.0 9.0 -107.0 0.00583129459851 0
108 21.0 9.0 -109.0 0.0107035007375 1
109 19.0 7.0 -107.0 0.00343435266823 0
110 21.0 11.0 -109.0 0.00495658772856 0
111 23.0 11.0 -109.0 0.0286284713619 0
112 19.0 9.0 -111.0 0.00395022607831 1
113 19.0 11.0 -111.0 0.00370377614245 0
114 21.0 11.0 -111.0 0.00350622120908 0
115 23.0 13.0 -109.0 0.0164101464427 0
116 25.0 13.0 -109.0 0.00499414084129 0
117 25.0 13.0 -107.0 0.00605801667588 0
118 17.0 9.0 -113.0 0.00520285357963 0
119 19.0 9.0 -113.0 0.0131209064208 1
120 25.0 15.0 -109.0 0.00878748567949 0
121 27.0 13.0 -107.0 0.0138088115616 0
122 27.0 15.0 -107.0 0.00240341900506 0
123 27.0 15.0 -105.0 0.0055031364821 0
124 17.0 11.0 -115.0 0.0140207983243 1
125 25.0 17.0 -109.0 0.0110945555573 0
126 27.0 17.0 -109.0 0.00357095615035 0
127 27.0 17.0 -105.0 0.00640830905503 0
128 25.0 17.0 -105.0 0.00254701873682 0
129 15.0 13.0 -117.0 0.0196775654759 1
130 27.0 19.0 -109.0 0.0129018992843 0
131 27.0 19.0 -111.0 0.00459782436665 0
132 25.0 19.0 -105.0 0.0039269483861 0
133 25.0 19.0 -103.0 0.00715376529691 0
134 23.0 19.0 -103.0 0.011269628897 0
135 15.0 15.0 -117.0 0.0122185355109 1
136 27.0 21.0 -111.0 0.00796408632654 0
137 21.0 21.0 -103.0 0.0126338982648 0
138 13.0 17.0 -119.0 0.00764817942841 1
139 13.0 17.0 -117.0 0.00496059331868 0
140 27.0 23.0 -111.0 0.00359975022572 0
141 25.0 23.0 -111.0 0.00836148308795 0
142 19.0 21.0 -103.0 0.0291177729543 0
143 19.0 19.0 -103.0 0.00343410739901 0
144 19.0 21.0 -105.0 0.0172491379708 0
145 13.0 19.0 -119.0 0.0112381757027 1
146 25.0 25.0 -111.0 0.00436699543031 0
147 23.0 25.0 -113.0 0.0484651378009 0
148 19.0 23.0 -107.0 0.00399615701511 0
149 13.0 21.0 -119.0 0.00586627099596 1
150 21.0 27.0 -113.0 0.0028747317617 0
151 21.0 27.0 -115.0 0.0102214607567 0
152 17.0 23.0 -109.0 0.0086590398697 0
153 15.0 23.0 -117.0 0.00598914978676 0
154 13.0 23.0 -117.0 0.00485701657221 1
155 19.0 27.0 -117.0 0.00901990607327 0
156 17.0 23.0 -111.0 0.00184682293894 0
157 15.0 23.0 -111.0 0.0136302923153 0
158 17.0 25.0 -117.0 0.0249593346364 0
159 15.0 25.0 -117.0 0.00479069980964 0
160 13.0 23.0 -115.0 0.00862442695503 0
161 13.0 25.0 -115.0 0.0107863372074 0
162 11.0 25.0 -115.0 0.00465904713726 0
163 11.0 25.0 -117.0 0.00378025755058 1
164 17.0 27.0 -117.0 0.00835554874106 0
165 15.0 23.0 -113.0 0.00382333519461 0
166 13.0 23.0 -113.0 0.0149389101183 0
167 9.0 23.0 -117.0 0.0095906056736 1
168 7.0 23.0 -117.0 0.0148125627132 1
169 5.0 23.0 -117.0 0.0242451340004 1
170 3.0 23.0 -117.0 0.00768571439 0
171 3.0 23.0 -115.0 0.0179417088477 1
172 1.0 23.0 -113.0 0.0308487660017 0
173 1.0 21.0 -113.0 0.00105362839569 1
174 1.0 21.0 -111.0 0.00620193563835 1
175 3.0 21.0 -111.0 0.0054642233041 0
176 1.0 19.0 -111.0 0.00496047529846 0
177 1.0 19.0 -109.0 0.00732053312307 1
178 1.0 19.0 -107.0 0.0139161554916 1
179 3.0 19.0 -107.0 0.00699582094693 0
180 3.0 17.0 -105.0 0.0278161582478 1
181 3.0 19.0 -105.0 0.0408218858055 0
182 1.0 19.0 -105.0 0.00897262191859 0
183 5.0 19.0 -105.0 0.0194795984395 0
184 3.0 17.0 -103.0 0.0139697834062 0
185 5.0 17.0 -103.0 0.0126842945141 0
186 3.0 15.0 -103.0 0.0352938736105 1
187 7.0 19.0 -105.0 0.0209369910285 0
188 5.0 17.0 -101.0 0.0141836506399 0
189 5.0 13.0 -103.0 0.00629547118526 1
190 3.0 13.0 -103.0 0.00971169789284 0
191 9.0 19.0 -105.0 0.0118532743929 0
192 9.0 21.0 -105.0 0.00604920815202 0
193 9.0 21.0 -107.0 0.0176924261436 0
194 7.0 19.0 -99.0 0.0153998097067 0
195 5.0 19.0 -99.0 0.0054891489572 0
196 7.0 13.0 -105.0 0.00457504874978 0
197 7.0 11.0 -105.0 0.0100651651706 1
198 5.0 11.0 -105.0 0.0091414204068 0
199 5.0 11.0 -103.0 0.00168791110012 0
200 9.0 23.0 -107.0 0.18023517103 0
201 9.0 23.0 -109.0 0.0119392154527 0
202 5.0 21.0 -97.0 0.0162313363279 0
203 3.0 21.0 -97.0 0.00656202192927 0
204 3.0 19.0 -97.0 0.0151868095722 0
205 9.0 13.0 -105.0 0.0345809512643 0
206 9.0 9.0 -103.0 0.0134971458727 1
207 1.0 17.0 -97.0 0.014960410027 0
208 11.0 13.0 -107.0 0.00579471951074 0
209 11.0 13.0 -105.0 0.00642885058854 0
210 9.0 11.0 -101.0 0.0121642042079 1
211 11.0 9.0 -103.0 0.00390114382651 0
212 11.0 9.0 -105.0 0.0102345707379 0
213 1.0 15.0 -97.0 0.0107086536474 0
214 3.0 15.0 -97.0 0.00378157872033 0
215 13.0 11.0 -107.0 0.0142785489069 0
216 13.0 13.0 -107.0 0.00180923832875 0
217 7.0 13.0 -99.0 0.00539790078224 0
218 9.0 13.0 -99.0 0.00826006653272 1
219 9.0 11.0 -99.0 0.0110684876437 0
220 13.0 9.0 -107.0 0.00695200406987 0
221 1.0 13.0 -95.0 0.00284768469851 0
222 3.0 13.0 -95.0 0.0117767944928 0
223 5.0 15.0 -97.0 0.00618016800838 0
224 7.0 15.0 -97.0 0.00539430029626 0
225 9.0 15.0 -99.0 0.00553540331114 1
