0 1.0 1.0 1.0 0.0449311383523 1
1 3.0 1.0 1.0 0.00404156985097 1
2 3.0 1.0 3.0 0.0100689320727 0
3 5.0 1.0 3.0 0.0062141325042 0
4 5.0 3.0 3.0 0.00604546376742 1
5 5.0 3.0 5.0 0.00507378319261 0
6 7.0 5.0 5.0 0.0136400257265 1
7 7.0 7.0 5.0 0.00920093799292 1
8 7.0 9.0 5.0 0.011431852417 1
9 7.0 11.0 7.0 0.0093247678238 1
10 7.0 13.0 7.0 0.00582539344864 1
11 7.0 15.0 7.0 0.00993875560632 1
12 7.0 17.0 7.0 0.0093867549823 1
13 7.0 19.0 7.0 0.0108554764724 1
14 7.0 21.0 9.0 0.00594875660065 0
15 5.0 21.0 9.0 0.0107426843626 1
16 5.0 23.0 9.0 0.00920051696474 0
17 3.0 23.0 11.0 0.00593994940301 1
18 3.0 25.0 11.0 0.00543745443128 0
19 1.0 25.0 11.0 0.00271218398344 1
20 1.0 27.0 11.0 0.0439591081308 0
21 -1.0 27.0 11.0 0.0100455775166 1
22 -1.0 29.0 11.0 0.00313171125235 0
23 -3.0 29.0 13.0 0.00817732764483 1
24 -3.0 31.0 13.0 0.0141905140769 0
25 -5.0 31.0 13.0 0.00740608475912 1
26 -5.0 31.0 11.0 0.00367039728005 0
27 -7.0 31.0 11.0 0.00864863240268 0
28 -7.0 33.0 13.0 0.00404053611192 1
29 -9.0 33.0 13.0 0.0122179576469 1
30 -11.0 33.0 13.0 0.00625630929429 1
31 -13.0 35.0 15.0 0.0149279989899 1
32 -15.0 35.0 15.0 0.00444300857219 1
33 -15.0 35.0 17.0 0.0038243762559 0
34 -17.0 35.0 17.0 0.00510963936649 1
35 -19.0 35.0 17.0 0.00742226486463 1
36 -21.0 35.0 17.0 0.00913794351998 1
37 -23.0 35.0 19.0 0.0100759389947 1
38 -25.0 35.0 19.0 0.00513468158119 1
39 -25.0 35.0 21.0 0.0148379441895 0
40 -27.0 35.0 21.0 0.0633776976544 1
41 -29.0 35.0 23.0 0.0245308245866 1
42 -31.0 35.0 23.0 0.00150581126518 0
43 -31.0 35.0 25.0 0.00495593699856 1
44 -31.0 33.0 25.0 0.0285087263872 0
45 -33.0 33.0 27.0 0.010912508102 1
46 -33.0 33.0 29.0 0.00614511024153 1
47 -35.0 33.0 31.0 0.00434676649049 0
48 -35.0 35.0 31.0 0.00283923102665 1
49 -35.0 35.0 33.0 0.0070008189689 1
50 -35.0 35.0 35.0 0.00600798730298 1
51 -35.0 35.0 37.0 0.00713832273014 1
52 -37.0 35.0 39.0 0.0344697670532 1
53 -37.0 35.0 41.0 0.00323431467164 1
54 -39.0 37.0 41.0 0.00524837046305 0
55 -39.0 37.0 43.0 0.0666812937439 1
56 -39.0 37.0 45.0 0.00132695161876 1
57 -41.0 35.0 45.0 0.00453582333571 0
58 -41.0 35.0 47.0 0.0119688981882 1
59 -41.0 35.0 49.0 0.0178557346473 1
60 -41.0 35.0 51.0 0.00700172949454 1
61 -41.0 35.0 53.0 0.0198172928971 1
62 -41.0 35.0 55.0 0.0101848598899 1
63 -41.0 35.0 57.0 0.00695088534728 1
64 -41.0 35.0 59.0 0.0111204716908 1
65 -41.0 35.0 61.0 0.00232529786282 1
66 -41.0 37.0 63.0 0.00830027524243 1
67 -41.0 35.0 65.0 0.00671057811669 1
68 -41.0 35.0 67.0 0.00896346377937 1
69 -41.0 35.0 69.0 0.0145035086578 1
70 -41.0 35.0 71.0 0.00478720369217 1
71 -39.0 37.0 71.0 0.00573625943758 0
72 -39.0 37.0 73.0 0.00732285728967 1
73 -39.0 37.0 75.0 0.0063071218675 1
74 -39.0 37.0 77.0 0.00490797743462 1
75 -39.0 39.0 79.0 0.00815518241966 1
76 -37.0 39.0 79.0 0.00601398142395 0
77 -37.0 41.0 81.0 0.0337788715384 0
78 -39.0 41.0 81.0 0.00684044008539 0
79 -41.0 41.0 81.0 0.00491994379169 0
80 -41.0 39.0 81.0 0.00879411401961 1
81 -37.0 39.0 81.0 0.0378641426714 0
82 -35.0 41.0 81.0 0.0113223825566 0
83 -37.0 43.0 83.0 0.00980505351033 0
84 -43.0 39.0 81.0 0.00229431071783 0
85 -43.0 39.0 83.0 0.0106912492321 0
86 -43.0 37.0 83.0 0.00517984056819 1
87 -33.0 41.0 83.0 0.0335473797516 0
88 -33.0 41.0 81.0 0.00409885163823 0
89 -39.0 45.0 83.0 0.00940970886643 0
90 -39.0 45.0 85.0 0.00228929096769 0
91 -45.0 37.0 83.0 0.00192028966336 0
92 -45.0 35.0 83.0 0.00824406412933 0
93 -45.0 35.0 85.0 0.00450754589481 1
94 -31.0 41.0 83.0 0.0826636263923 0
95 -39.0 47.0 85.0 0.00697861825126 0
96 -41.0 47.0 87.0 0.0113559461367 0
97 -45.0 33.0 85.0 0.0124182212475 1
98 -29.0 39.0 83.0 0.014328796813 0
99 -41.0 49.0 87.0 0.0048054507116 0
100 -43.0 49.0 87.0 0.0163311620326 0
101 -43.0 49.0 89.0 0.00469844537077 0
102 -45.0 31.0 85.0 0.0134106870105 0
103 -45.0 31.0 87.0 0.00397394552163 1
104 -27.0 37.0 85.0 0.00837296005014 0
105 -27.0 37.0 83.0 0.00504721975587 0
106 -45.0 49.0 89.0 0.00290946211894 0
107 -45.0 51.0 89.0 0.0194140262192 0
108 -45.0 29.0 87.0 0.00639092008346 0
109 -47.0 29.0 87.0 0.00259068013657 0
110 -47.0 29.0 89.0 0.00449064777767 1
111 -25.0 35.0 87.0 0.00246630210442 0
112 -25.0 35.0 85.0 0.00263584408344 0
113 -25.0 37.0 85.0 0.00286124646145 0
114 -47.0 51.0 89.0 0.00240052009582 0
115 -47.0 51.0 87.0 0.00705615240262 0
116 -47.0 27.0 89.0 0.00572522712152 0
117 -47.0 27.0 91.0 0.00927918824952 1
118 -25.0 33.0 87.0 0.00848987526755 0
119 -49.0 51.0 87.0 0.0107797688467 0
120 -47.0 27.0 93.0 0.0190288907056 1
121 -25.0 31.0 87.0 0.0114962208511 0
122 -51.0 51.0 87.0 0.00297806667418 0
123 -51.0 49.0 87.0 0.00400071131323 0
124 -51.0 49.0 85.0 0.0138889281305 0
125 -47.0 27.0 95.0 0.00747098590259 1
126 -27.0 29.0 87.0 0.00297043478281 0
127 -25.0 29.0 87.0 0.00189138535563 0
128 -51.0 47.0 85.0 0.00184958741072 0
129 -51.0 47.0 83.0 0.00597670285489 0
130 -47.0 27.0 97.0 0.0318898814784 1
131 -29.0 27.0 87.0 0.00773567040476 0
132 -27.0 27.0 87.0 0.0182056815836 0
133 -51.0 45.0 83.0 0.00899895497913 0
134 -45.0 27.0 99.0 0.0147098703762 1
135 -31.0 25.0 87.0 0.0235641081022 0
136 -31.0 27.0 87.0 0.00394767296951 0
137 -51.0 43.0 83.0 0.00393661841774 0
138 -51.0 43.0 81.0 0.0104881673374 0
139 -45.0 27.0 101.0 0.0452547260137 1
140 -33.0 25.0 87.0 0.00940028662176 0
141 -51.0 41.0 81.0 0.0297669855385 0
142 -45.0 27.0 103.0 0.0097670810561 1
143 -43.0 27.0 103.0 0.00580375878553 0
144 -35.0 25.0 87.0 0.00903084380638 0
145 -51.0 39.0 81.0 0.00364531642511 0
146 -49.0 39.0 81.0 0.00931850899686 0
147 -43.0 27.0 105.0 0.00477045791774 1
148 -43.0 29.0 105.0 0.00329367612498 0
149 -37.0 25.0 85.0 0.0066420717416 0
150 -37.0 25.0 87.0 0.00541897808906 0
151 -49.0 37.0 79.0 0.00790920171675 0
152 -43.0 29.0 107.0 0.014289434175 0
153 -45.0 29.0 107.0 0.0162797735732 1
154 -39.0 25.0 83.0 0.0107885137506 0
155 -39.0 25.0 85.0 0.0112544341371 0
156 -47.0 37.0 77.0 0.0107629710779 0
157 -47.0 35.0 77.0 0.0103226862026 0
158 -45.0 29.0 109.0 0.00671073938858 0
159 -47.0 31.0 109.0 0.00927954428421 1
160 -41.0 27.0 81.0 0.00802198022564 0
161 -41.0 25.0 83.0 0.00208500460335 0
162 -47.0 33.0 77.0 0.00974034889388 0
163 -47.0 31.0 111.0 0.00949339480465 0
164 -47.0 33.0 111.0 0.0150978633837 0
165 -49.0 33.0 111.0 0.018653341624 1
166 -43.0 27.0 79.0 0.011247451069 0
167 -43.0 27.0 81.0 0.00399743103628 0
168 -45.0 31.0 77.0 0.00966701037784 0
169 -51.0 33.0 111.0 0.0262551262037 1
170 -45.0 29.0 77.0 0.0110315841444 0
171 -45.0 29.0 79.0 0.0147288782071 0
172 -53.0 33.0 109.0 0.0290717586472 1
173 -55.0 33.0 109.0 0.0283319801057 0
174 -55.0 31.0 107.0 0.0150336491577 0
175 -53.0 33.0 107.0 0.018362619384 1
176 -55.0 35.0 107.0 0.0173656145102 0
177 -57.0 31.0 109.0 0.0326701332674 0
178 -57.0 35.0 107.0 0.015988399506 0
179 -57.0 29.0 109.0 0.0188774089006 0
180 -55.0 29.0 109.0 0.0164894227001 0
181 -55.0 29.0 107.0 0.00792929449 0
182 -53.0 35.0 105.0 0.0340070140868 1
183 -55.0 35.0 105.0 0.0222870226827 0
184 -55.0 37.0 105.0 0.00735241970172 0
185 -57.0 37.0 105.0 0.0190930944611 0
186 -59.0 31.0 109.0 0.00673412700225 0
187 -59.0 29.0 109.0 0.00643744455416 0
188 -59.0 37.0 105.0 0.00516226425573 0
189 -59.0 37.0 107.0 0.00693390735276 0
190 -53.0 37.0 103.0 0.0202723487125 1
191 -53.0 39.0 103.0 0.0145291474866 1
192 -53.0 39.0 105.0 0.0162670366213 0
193 -53.0 41.0 105.0 0.0545506410765 0
194 -55.0 41.0 103.0 0.126412806594 1
195 -55.0 43.0 103.0 0.0202186708453 1
