0 -1.0 1.0 -1.0 0.0254936618079 1
1 -1.0 3.0 -3.0 0.00437928200571 0
2 -3.0 3.0 -3.0 0.002120582366 1
3 -3.0 3.0 -5.0 0.00342484473324 1
4 -3.0 5.0 -5.0 0.011402775565 0
5 -5.0 5.0 -7.0 0.00257787430769 1
6 -5.0 7.0 -7.0 0.0112783615237 0
7 -7.0 7.0 -9.0 0.00433777373428 1
8 -7.0 9.0 -9.0 0.00762293118338 0
9 -9.0 9.0 -9.0 0.00723724572241 0
10 -9.0 9.0 -11.0 0.00767458299488 1
11 -9.0 11.0 -11.0 0.0199585348392 0
12 -9.0 11.0 -9.0 0.0523572991617 0
13 -7.0 11.0 -11.0 0.0279957239846 0
14 -7.0 11.0 -7.0 0.0360540348561 0
15 -7.0 11.0 -9.0 0.0593983540988 0
16 -11.0 9.0 -11.0 0.00706472820246 1
17 -9.0 13.0 -9.0 0.0176528274641 0
18 -13.0 9.0 -11.0 0.00200094796795 1
19 -13.0 9.0 -13.0 0.0107974762338 0
20 -15.0 9.0 -13.0 0.00430139672393 0
21 -15.0 7.0 -13.0 0.0035589345268 1
22 -17.0 7.0 -13.0 0.0134239099703 1
23 -19.0 5.0 -13.0 0.014915599304 1
24 -21.0 3.0 -13.0 0.00284223131942 0
25 -21.0 3.0 -11.0 0.00132672009507 1
26 -21.0 1.0 -11.0 0.00554626958553 1
27 -23.0 -1.0 -11.0 0.0167829363629 1
28 -23.0 -3.0 -11.0 0.00767694176965 1
29 -23.0 -5.0 -11.0 0.0114580813939 1
30 -25.0 -7.0 -11.0 0.0111369882548 1
31 -25.0 -9.0 -11.0 0.00241197300829 1
32 -25.0 -9.0 -9.0 0.00425038113334 0
33 -25.0 -11.0 -9.0 0.00885728007875 1
34 -25.0 -13.0 -9.0 0.00912726023799 1
35 -25.0 -15.0 -9.0 0.00360501231428 0
36 -23.0 -15.0 -9.0 0.00674067578627 1
37 -23.0 -15.0 -7.0 0.00300797310767 0
38 -23.0 -17.0 -7.0 0.0297178042511 0
39 -21.0 -17.0 -7.0 0.00642833014008 1
40 -21.0 -19.0 -7.0 0.00300615246682 0
41 -19.0 -19.0 -7.0 0.0092882565645 1
42 -17.0 -19.0 -5.0 0.0161979414271 1
43 -15.0 -19.0 -5.0 0.0144463539117 1
44 -15.0 -19.0 -3.0 0.00594315480187 0
45 -13.0 -21.0 -3.0 0.00316814512624 1
46 -13.0 -21.0 -1.0 0.0131787120684 0
47 -11.0 -21.0 -1.0 0.00622684947578 1
48 -11.0 -21.0 1.0 0.00846571757579 0
49 -9.0 -21.0 1.0 0.0174987281328 1
50 -7.0 -21.0 3.0 0.0114731412097 1
51 -5.0 -21.0 3.0 0.0098661784493 1
52 -3.0 -21.0 3.0 0.00370967126214 0
53 -3.0 -19.0 3.0 0.00396930393004 0
54 -3.0 -19.0 5.0 0.00455499830204 1
55 -1.0 -19.0 5.0 0.0616331028485 0
56 -1.0 -17.0 5.0 0.00635146493521 0
57 -1.0 -17.0 7.0 0.00117108533229 1
58 1.0 -17.0 7.0 0.00565958022182 0
59 1.0 -17.0 5.0 0.0129521705215 0
60 1.0 -15.0 5.0 0.00784773739092 0
61 1.0 -15.0 9.0 0.00691409529241 1
62 3.0 -17.0 5.0 0.0270151689799 0
63 1.0 -13.0 7.0 0.0147582501354 0
64 1.0 -13.0 5.0 0.0107533969181 0
65 1.0 -13.0 9.0 0.00743344952584 1
66 1.0 -13.0 11.0 0.00305541821192 0
67 5.0 -15.0 5.0 0.0183832760058 0
68 1.0 -11.0 9.0 0.0110342020815 0
69 3.0 -11.0 9.0 0.00426920499293 0
70 1.0 -11.0 11.0 0.0381013719441 1
71 -1.0 -11.0 13.0 0.00844770410115 0
72 1.0 -11.0 13.0 0.00830948359674 0
73 5.0 -13.0 5.0 0.0320684777083 0
74 5.0 -11.0 7.0 0.0199270348222 0
75 5.0 -9.0 7.0 0.00244496196807 0
76 -1.0 -9.0 13.0 0.00762924187922 1
77 -1.0 -9.0 15.0 0.0229807510806 0
78 -1.0 -11.0 15.0 0.00636481372441 0
79 1.0 -13.0 15.0 0.000851659463853 0
80 1.0 -11.0 15.0 0.00765465960859 0
81 7.0 -9.0 7.0 0.0092227870996 0
82 7.0 -9.0 9.0 0.00211936811979 0
83 -1.0 -7.0 15.0 0.0126378107464 1
84 -1.0 -7.0 13.0 0.0141135578125 0
85 -3.0 -7.0 17.0 0.00362132638276 0
86 -1.0 -11.0 17.0 0.00664804168733 0
87 -1.0 -13.0 17.0 0.0189656984682 0
88 1.0 -13.0 17.0 0.00860899799223 0
89 9.0 -7.0 9.0 0.0182459855967 0
90 9.0 -7.0 7.0 0.00627576840878 0
91 -3.0 -5.0 17.0 0.00937794821976 1
92 1.0 -5.0 11.0 0.0232944851003 0
93 1.0 -13.0 19.0 0.00327305778685 0
94 -1.0 -13.0 19.0 0.0016618253038 0
95 -3.0 -15.0 17.0 0.0154957641045 0
96 11.0 -5.0 7.0 0.0074880022176 0
97 11.0 -5.0 9.0 0.0249530259695 0
98 -5.0 -3.0 19.0 0.0203682525218 1
99 1.0 -5.0 9.0 0.0272459982369 0
100 1.0 -11.0 21.0 0.0105153165019 0
101 1.0 -13.0 21.0 0.00320803019265 0
102 -3.0 -17.0 17.0 0.015006420474 0
103 -1.0 -17.0 19.0 0.00519794617192 0
104 13.0 -5.0 7.0 0.0156194503461 0
105 13.0 -5.0 9.0 0.0104081141238 0
106 13.0 -3.0 9.0 0.0144218552735 0
107 11.0 -3.0 9.0 0.193777339471 0
108 13.0 -3.0 11.0 0.0185559841608 0
109 -7.0 -3.0 19.0 0.0044894797312 1
110 -7.0 -3.0 21.0 0.00231643189137 0
111 1.0 -5.0 7.0 0.00671424409973 0
112 3.0 -13.0 23.0 0.0145142022607 0
113 3.0 -15.0 23.0 0.00523352665428 0
114 -1.0 -19.0 19.0 0.00801562829405 0
115 1.0 -19.0 19.0 0.00841498075897 0
116 1.0 -19.0 21.0 0.00445475972446 0
117 15.0 -7.0 5.0 0.0132528663285 0
118 -9.0 -3.0 21.0 0.0187303307327 1
119 -1.0 -7.0 5.0 0.00427324631549 0
120 1.0 -5.0 5.0 0.01144240972 0
121 5.0 -13.0 25.0 0.00951968687654 0
122 3.0 -13.0 25.0 0.00558988615272 0
123 3.0 -19.0 21.0 0.00291577290303 0
124 17.0 -7.0 7.0 0.0123980697514 0
125 13.0 -7.0 3.0 0.0218856106471 0
126 13.0 -5.0 3.0 0.00471031947329 0
127 -11.0 -3.0 23.0 0.0125523511682 1
128 -1.0 -7.0 3.0 0.0103251421603 0
129 7.0 -15.0 23.0 0.00575184361073 0
130 7.0 -13.0 23.0 0.00454679186233 0
131 7.0 -13.0 25.0 0.00384151773882 0
132 5.0 -19.0 21.0 0.0217914023409 0
133 19.0 -7.0 9.0 0.00690699169611 0
134 11.0 -5.0 3.0 0.00179271124365 0
135 11.0 -5.0 1.0 0.0114921810008 0
136 -13.0 -5.0 25.0 0.0299366960634 1
137 -3.0 -5.0 1.0 0.00506215355578 0
138 -1.0 -5.0 1.0 0.00251079089318 0
139 -1.0 -7.0 1.0 0.0122440208208 0
140 7.0 -17.0 23.0 0.00812784508543 0
141 9.0 -15.0 23.0 0.00634304960969 0
142 9.0 -13.0 23.0 0.00451663164872 0
143 7.0 -19.0 21.0 0.0219713300231 0
144 19.0 -7.0 11.0 0.00586988972481 0
145 9.0 -3.0 1.0 0.00891208484233 0
146 -13.0 -7.0 25.0 0.00381504618941 1
147 -15.0 -7.0 27.0 0.00776250869613 0
148 -1.0 -3.0 -1.0 0.0125966528426 0
149 -3.0 -5.0 -1.0 0.00310760517325 0
150 1.0 -3.0 1.0 0.00920949781719 0
151 19.0 -9.0 13.0 0.00975533974457 0
152 7.0 -3.0 1.0 0.0147115030663 0
153 -15.0 -9.0 27.0 0.0131572242148 1
154 3.0 -3.0 1.0 0.013563327603 0
155 17.0 -9.0 15.0 0.00886582585057 0
156 5.0 -3.0 1.0 0.00559615953079 0
157 -15.0 -11.0 29.0 0.00435407602691 1
158 17.0 -11.0 17.0 0.0219443616406 0
159 -15.0 -13.0 29.0 0.0149700791563 1
160 15.0 -11.0 19.0 0.00759553008521 0
161 -15.0 -15.0 29.0 0.00210873814741 0
162 -13.0 -15.0 31.0 0.00666843726361 1
163 15.0 -11.0 21.0 0.00772031671961 0
164 -13.0 -17.0 31.0 0.0023621376576 0
165 -11.0 -17.0 33.0 0.0223859138405 1
166 15.0 -11.0 23.0 0.0224944047284 0
167 -9.0 -17.0 35.0 0.0143414288118 1
168 -9.0 -19.0 35.0 0.00321924754921 0
169 15.0 -11.0 25.0 0.00631328972967 0
170 15.0 -13.0 25.0 0.00435948637467 0
171 -7.0 -19.0 37.0 0.0070672402292 1
172 17.0 -11.0 27.0 0.0118418418387 0
173 15.0 -11.0 27.0 0.00318775762168 0
174 -5.0 -19.0 37.0 0.0109998148982 1
175 -5.0 -19.0 39.0 0.00480012852751 0
176 17.0 -9.0 29.0 0.000867542624898 0
177 17.0 -11.0 29.0 0.00797018907749 0
178 -3.0 -19.0 39.0 0.0104338085022 1
179 17.0 -9.0 31.0 0.00562730029595 0
180 -1.0 -19.0 39.0 0.00490987146371 1
181 -1.0 -19.0 41.0 0.0115449265262 0
182 19.0 -9.0 33.0 0.00276677551223 0
183 17.0 -9.0 33.0 0.00592998574001 0
184 1.0 -19.0 41.0 0.00764330795601 1
185 1.0 -21.0 43.0 0.0040752961046 0
186 19.0 -11.0 35.0 0.00871399825737 0
187 19.0 -9.0 35.0 0.00354597920496 0
188 3.0 -21.0 43.0 0.0550777831509 1
189 21.0 -13.0 37.0 0.00905441777804 0
190 21.0 -11.0 37.0 0.0119499740103 0
191 5.0 -21.0 43.0 0.0104751455939 1
192 21.0 -15.0 39.0 0.00958271235413 0
193 21.0 -15.0 37.0 0.00194536762897 0
194 7.0 -21.0 43.0 0.00519365007997 1
195 7.0 -23.0 43.0 0.0115678704811 0
196 21.0 -17.0 39.0 0.0120066935739 0
197 9.0 -23.0 43.0 0.0143894072643 1
198 19.0 -19.0 41.0 0.00816768360264 0
199 21.0 -19.0 39.0 0.00946627134284 0
200 11.0 -23.0 43.0 0.009246374019 1
201 17.0 -21.0 41.0 0.00537757612104 0
202 19.0 -21.0 41.0 0.0219714492509 0
203 13.0 -23.0 43.0 0.00327971597165 0
204 13.0 -23.0 41.0 0.0310458015443 1
205 15.0 -23.0 41.0 0.0136967492362 0
206 17.0 -23.0 41.0 0.0123849304129 0
