0 -1.0 -1.0 -1.0 0.00390579035991 0
1 -1.0 -1.0 1.0 0.00526515389942 0
2 -1.0 -3.0 1.0 0.0105701975319 0
3 -1.0 -5.0 1.0 0.00350116460437 0
4 1.0 -5.0 1.0 0.00350000949278 0
5 1.0 -7.0 1.0 0.0097447052581 0
6 1.0 -9.0 1.0 0.0134365737086 0
7 3.0 -11.0 1.0 0.0214451497982 0
8 3.0 -13.0 1.0 0.000856429861432 0
9 5.0 -13.0 1.0 0.00197502414599 0
10 5.0 -15.0 1.0 0.00495716783037 0
11 5.0 -15.0 3.0 0.00647489623873 0
12 7.0 -15.0 3.0 0.00228190460289 0
13 7.0 -17.0 3.0 0.00537513152938 0
14 9.0 -17.0 3.0 0.0127077070317 0
15 11.0 -19.0 3.0 0.00590924492942 0
16 11.0 -19.0 5.0 0.0498928901685 0
17 13.0 -19.0 5.0 0.00517092209318 0
18 15.0 -19.0 5.0 0.00793763210597 0
19 15.0 -17.0 5.0 0.00467370805808 0
20 17.0 -17.0 5.0 0.00805619026672 0
21 19.0 -17.0 5.0 0.00801821876372 0
22 21.0 -17.0 5.0 0.0125628130382 0
23 23.0 -15.0 5.0 0.0373006888115 0
24 25.0 -15.0 5.0 0.00619334372848 0
25 25.0 -15.0 7.0 0.00356743262522 0
26 27.0 -13.0 7.0 0.0259461008583 0
27 29.0 -13.0 7.0 0.00704751534566 0
28 29.0 -11.0 7.0 0.0142806590709 0
29 31.0 -11.0 7.0 0.00466433934717 1
30 31.0 -11.0 5.0 0.0086190631658 1
31 29.0 -9.0 9.0 0.0100345709323 1
32 31.0 -11.0 3.0 0.00138142196521 0
33 33.0 -11.0 3.0 0.012451019136 1
34 29.0 -7.0 11.0 0.0113019561059 0
35 27.0 -7.0 11.0 0.00355908484521 1
36 35.0 -9.0 1.0 0.0111706619623 1
37 27.0 -7.0 13.0 0.00838920148428 1
38 35.0 -7.0 -1.0 0.0139937598648 1
39 25.0 -7.0 15.0 0.00471676758865 1
40 35.0 -5.0 -3.0 0.0020282882816 0
41 33.0 -5.0 -3.0 0.00358011929731 0
42 33.0 -7.0 -3.0 0.0051275543345 1
43 25.0 -7.0 17.0 0.0118745487358 1
44 33.0 -7.0 -5.0 0.00765909188011 1
45 31.0 -7.0 -5.0 0.0080685605845 0
46 25.0 -7.0 19.0 0.00624567857948 1
47 23.0 -7.0 19.0 0.0106891492045 0
48 31.0 -7.0 -7.0 0.0184702818771 1
49 23.0 -7.0 21.0 0.0237631313611 1
50 31.0 -7.0 -9.0 0.0128061492875 1
51 23.0 -9.0 23.0 0.00701727821357 1
52 31.0 -7.0 -11.0 0.00960022538494 0
53 31.0 -5.0 -11.0 0.00324044413556 1
54 23.0 -7.0 25.0 0.010270763813 1
55 31.0 -5.0 -13.0 0.030488967009 0
56 31.0 -7.0 -13.0 0.025893808159 0
57 31.0 -3.0 -11.0 0.0072033834642 1
58 23.0 -7.0 27.0 0.00363978696004 1
59 25.0 -7.0 27.0 0.00694166433889 0
60 31.0 -5.0 -15.0 0.00505278456834 0
61 31.0 -1.0 -11.0 0.00706220660546 0
62 29.0 -1.0 -11.0 0.00478958488568 1
63 23.0 -5.0 29.0 0.00571557662247 1
64 29.0 1.0 -11.0 0.00542830338214 0
65 29.0 1.0 -9.0 0.0131377065609 0
66 27.0 -1.0 -9.0 0.0417161694221 0
67 27.0 -3.0 -11.0 0.0285767155988 1
68 23.0 -5.0 31.0 0.00639069800699 1
69 25.0 -3.0 31.0 0.0903517701293 0
70 25.0 -3.0 -13.0 0.00909939193852 0
71 25.0 -5.0 -13.0 0.00915418130865 1
72 25.0 -3.0 33.0 0.00357394185597 0
73 23.0 -3.0 33.0 0.00241746936724 1
74 23.0 -1.0 33.0 0.00490510840923 0
75 23.0 -5.0 -13.0 0.042118575795 1
76 23.0 -1.0 35.0 0.00707089173884 1
77 21.0 -5.0 -13.0 0.00421285621117 1
78 23.0 -1.0 37.0 0.00524149920894 0
79 21.0 -1.0 37.0 0.00877513029386 1
80 19.0 -7.0 -13.0 0.0217620263268 1
81 21.0 -1.0 39.0 0.00458823830098 0
82 19.0 -1.0 39.0 0.00930932807999 1
83 19.0 -9.0 -13.0 0.012660914521 1
84 19.0 -1.0 41.0 0.00432032092692 0
85 17.0 -1.0 41.0 0.00482283563058 1
86 17.0 1.0 41.0 0.0044482255191 0
87 19.0 -11.0 -13.0 0.0115728471293 0
88 21.0 -11.0 -15.0 0.0296126986423 1
89 15.0 1.0 41.0 0.00248037102038 0
90 15.0 1.0 43.0 0.00422138867576 0
91 15.0 -1.0 43.0 0.00327940777898 1
92 23.0 -9.0 -15.0 0.0043607269066 0
93 21.0 -9.0 -17.0 0.0154212543477 0
94 19.0 -9.0 -17.0 0.00421538337272 0
95 19.0 -11.0 -17.0 0.00561295750706 0
96 21.0 -11.0 -17.0 0.0126517099925 1
97 21.0 -13.0 -17.0 0.00626459330395 0
98 23.0 -13.0 -17.0 0.0054063068869 0
99 13.0 -1.0 43.0 0.00842745322434 1
100 13.0 -3.0 45.0 0.0100484931398 0
101 21.0 -13.0 -19.0 0.0666061248153 0
102 23.0 -13.0 -19.0 0.0589285065506 1
103 21.0 -15.0 -19.0 0.0704626983253 0
104 23.0 -15.0 -19.0 0.00885515775135 0
105 11.0 -3.0 45.0 0.0175363128512 1
106 11.0 -5.0 45.0 0.00595848819064 0
107 23.0 -15.0 -21.0 0.0213584353169 0
108 25.0 -13.0 -21.0 0.0157812832983 0
109 25.0 -15.0 -21.0 0.00551624939547 1
110 9.0 -5.0 45.0 0.0149183174759 0
111 9.0 -1.0 45.0 0.0179240949242 1
112 11.0 -7.0 47.0 0.0102177943394 0
113 9.0 -7.0 45.0 0.0137136553973 0
114 25.0 -13.0 -23.0 0.025135715306 0
115 25.0 -15.0 -23.0 0.0175504015881 1
116 23.0 -15.0 -23.0 0.0170587142581 0
117 7.0 -1.0 45.0 0.00929244420609 1
118 11.0 -9.0 47.0 0.0113560791333 0
119 9.0 -9.0 47.0 0.0186725408151 0
120 5.0 -1.0 43.0 0.00850556650869 1
121 5.0 1.0 43.0 0.00354416150554 0
122 11.0 -11.0 45.0 0.0444238720473 0
123 9.0 -11.0 49.0 0.00860591953371 0
124 9.0 -11.0 47.0 0.00379684469968 0
125 3.0 1.0 43.0 0.00395695335149 0
126 3.0 1.0 41.0 0.00782001812518 1
127 11.0 -13.0 45.0 0.00133627179493 0
128 11.0 -13.0 43.0 0.0129938199251 0
129 9.0 -13.0 51.0 0.00539959980352 0
130 9.0 -13.0 49.0 0.00526358761709 0
131 3.0 1.0 39.0 0.0155350519213 0
132 1.0 1.0 39.0 0.00418687406662 0
133 3.0 -1.0 39.0 0.00847935786503 1
134 13.0 -15.0 43.0 0.0109800759167 0
135 13.0 -15.0 41.0 0.00195799121314 0
136 9.0 -15.0 51.0 0.0199008101808 0
137 3.0 -3.0 39.0 0.0179803189133 1
138 15.0 -15.0 41.0 0.0169257587314 0
139 15.0 -15.0 39.0 0.00413593222051 0
140 9.0 -17.0 49.0 0.0323197513942 0
141 3.0 -5.0 37.0 0.00394579311245 1
142 3.0 -5.0 39.0 0.0104612402184 0
143 17.0 -15.0 39.0 0.00755757389012 0
144 17.0 -15.0 37.0 0.022482439367 0
145 15.0 -13.0 37.0 0.0100966871344 0
146 7.0 -17.0 47.0 0.008684011754 0
147 9.0 -17.0 47.0 0.00653076089411 0
148 3.0 -7.0 39.0 0.0175252221221 0
149 5.0 -7.0 37.0 0.0216028455237 0
150 5.0 -5.0 35.0 0.0171049554044 1
151 15.0 -11.0 37.0 0.00612722226591 0
152 13.0 -11.0 39.0 0.00280388451734 0
153 5.0 -15.0 45.0 0.0087959662374 0
154 5.0 -17.0 45.0 0.00558820332858 0
155 5.0 -9.0 41.0 0.0160547858225 0
156 3.0 -9.0 41.0 0.00637323959729 0
157 5.0 -3.0 33.0 0.00992688182745 0
158 5.0 -5.0 33.0 0.0180954192215 1
159 13.0 -9.0 39.0 0.00845162504684 0
160 11.0 -9.0 39.0 0.00946590165674 0
161 3.0 -13.0 43.0 0.0145275207118 0
162 3.0 -15.0 43.0 0.0120633200133 0
163 7.0 -7.0 41.0 0.00810439014195 0
164 3.0 -11.0 41.0 0.0149820030499 0
165 3.0 -11.0 43.0 0.00961563148635 0
166 5.0 -5.0 31.0 0.0169740266401 1
167 11.0 -7.0 39.0 0.00521958063551 0
168 9.0 -7.0 39.0 0.00545335143526 0
169 9.0 -7.0 41.0 0.00400214812638 0
170 1.0 -13.0 43.0 0.00158941369693 0
171 5.0 -5.0 29.0 0.00445523532766 0
172 7.0 -7.0 29.0 0.0137806391541 1
173 7.0 -7.0 27.0 0.0113664406905 0
174 9.0 -9.0 27.0 0.013542986789 0
175 9.0 -9.0 29.0 0.00335873723905 1
176 11.0 -9.0 27.0 0.0219931315575 0
177 11.0 -9.0 29.0 0.0203577463675 0
178 11.0 -7.0 29.0 0.00505761827095 0
179 11.0 -7.0 31.0 0.012873536319 1
180 13.0 -11.0 27.0 0.029541326741 0
181 13.0 -11.0 25.0 0.0195764056574 0
182 13.0 -9.0 25.0 0.00643827836192 0
183 13.0 -9.0 27.0 0.0185330040471 0
184 11.0 -5.0 31.0 0.037415502579 0
185 13.0 -5.0 31.0 0.117340323049 0
186 13.0 -5.0 33.0 0.041161981934 1
