0 1.0 -1.0 -1.0 0.0096203150787 0
1 1.0 1.0 -1.0 0.00586092243003 0
2 3.0 1.0 -3.0 0.0110519538874 1
3 3.0 -1.0 -3.0 0.0230487873261 0
4 3.0 3.0 -5.0 0.015125750438 1
5 3.0 -1.0 -5.0 0.0109430979847 0
6 5.0 -1.0 -5.0 0.00537015268707 1
7 3.0 5.0 -5.0 0.0206803282243 0
8 1.0 5.0 -3.0 0.0134572705618 1
9 5.0 -1.0 -7.0 0.0171996928536 1
10 7.0 -1.0 -7.0 0.00683969850371 0
11 1.0 7.0 -3.0 0.00503342163384 0
12 -1.0 7.0 -3.0 0.0036269017048 0
13 -1.0 7.0 -1.0 0.0144588983762 1
14 7.0 1.0 -9.0 0.0118324862208 1
15 -3.0 7.0 -1.0 0.00612756136047 0
16 -3.0 9.0 1.0 0.0285509672107 1
17 9.0 3.0 -9.0 0.00607822926521 0
18 9.0 3.0 -11.0 0.00665128601235 1
19 7.0 3.0 -11.0 0.0278169199123 0
20 -5.0 9.0 3.0 0.00775455336358 1
21 7.0 3.0 -13.0 0.00204582303037 0
22 9.0 3.0 -13.0 0.00871934063276 1
23 -5.0 9.0 5.0 0.00801528319282 1
24 9.0 3.0 -15.0 0.00262647273904 1
25 9.0 1.0 -15.0 0.0226183785403 0
26 -5.0 9.0 7.0 0.0077386074786 1
27 -7.0 9.0 7.0 0.00812188004056 0
28 7.0 1.0 -17.0 0.01587310105 1
29 -7.0 7.0 9.0 0.0114890224341 1
30 7.0 1.0 -19.0 0.00485689288797 1
31 5.0 1.0 -19.0 0.0125831821185 0
32 -7.0 7.0 11.0 0.00848151419946 0
33 -7.0 5.0 11.0 0.00747743514322 1
34 7.0 1.0 -21.0 0.0120905793461 1
35 -7.0 5.0 13.0 0.00280967275356 0
36 -7.0 3.0 13.0 0.0206138309311 1
37 7.0 1.0 -23.0 0.0208979490371 1
38 -7.0 1.0 15.0 0.00596193578091 1
39 7.0 1.0 -25.0 0.00536487555797 0
40 7.0 -1.0 -25.0 0.0219163579423 0
41 5.0 -1.0 -25.0 0.0147974027963 1
42 -7.0 -1.0 15.0 0.00864116088501 1
43 5.0 -3.0 -25.0 0.0160673593212 1
44 -5.0 -3.0 15.0 0.00689213071539 1
45 5.0 -5.0 -25.0 0.016830561975 0
46 7.0 -5.0 -25.0 0.0137428875132 0
47 7.0 -5.0 -23.0 0.0241280562615 1
48 -5.0 -5.0 15.0 0.0117230285691 1
49 -3.0 -5.0 15.0 0.00400278672322 0
50 -3.0 -5.0 17.0 0.0140724009594 0
51 -3.0 -3.0 17.0 0.0236066579558 0
52 9.0 -5.0 -23.0 0.020446793078 0
53 9.0 -5.0 -21.0 0.00872121153089 1
54 -3.0 -7.0 15.0 0.00700795045787 1
55 -3.0 -3.0 19.0 0.032924499357 0
56 -5.0 -3.0 19.0 0.157686518609 0
57 11.0 -5.0 -21.0 0.0842219734444 0
58 11.0 -3.0 -21.0 0.0966526794235 0
59 11.0 -5.0 -19.0 0.0233212537864 0
60 11.0 -3.0 -19.0 0.0118098164728 1
61 -3.0 -9.0 15.0 0.00733694991457 0
62 -1.0 -9.0 15.0 0.00790484519211 1
63 -3.0 -3.0 21.0 0.00557380636047 0
64 -5.0 -3.0 21.0 0.0131835716672 0
65 1.0 -9.0 13.0 0.00139275452406 0
66 1.0 -11.0 13.0 0.00870581386105 1
67 3.0 -11.0 13.0 0.0076290592078 1
68 5.0 -11.0 13.0 0.00653242955713 1
69 7.0 -11.0 13.0 0.00699423376326 1
70 7.0 -9.0 13.0 0.00157254195677 0
71 9.0 -9.0 13.0 0.0202517225288 1
72 11.0 -9.0 13.0 0.0186165800584 1
73 11.0 -7.0 13.0 0.00548370142397 0
74 13.0 -7.0 13.0 0.00755603550347 1
75 15.0 -5.0 13.0 0.0114270781119 1
76 17.0 -5.0 13.0 0.00510211294025 1
77 17.0 -5.0 15.0 0.00559372726044 0
78 19.0 -5.0 15.0 0.00717728361379 1
79 21.0 -3.0 15.0 0.00568003582925 1
80 21.0 -1.0 15.0 0.0106713266906 0
81 21.0 -1.0 17.0 0.00449939123289 1
82 23.0 1.0 17.0 0.00810654265338 0
83 23.0 1.0 19.0 0.00711410348337 1
84 23.0 3.0 19.0 0.0256836967564 0
85 25.0 3.0 21.0 0.00770937892133 1
86 25.0 5.0 21.0 0.00785177621255 0
87 27.0 5.0 23.0 0.00768840198003 0
88 27.0 3.0 23.0 0.0133655242132 1
89 29.0 3.0 23.0 0.00451353147253 1
90 29.0 3.0 25.0 0.00337329507059 0
91 31.0 3.0 25.0 0.0012514224083 1
92 31.0 5.0 25.0 0.00504604729995 0
93 31.0 5.0 27.0 0.00889861657161 0
94 33.0 5.0 27.0 0.0021746112802 1
95 33.0 5.0 29.0 0.027372868504 0
96 35.0 5.0 29.0 0.00877991942968 1
97 35.0 5.0 31.0 0.00649481440034 0
98 37.0 5.0 31.0 0.00571613548123 1
99 39.0 5.0 33.0 0.0102119335017 1
100 41.0 3.0 33.0 0.00392553858556 1
101 41.0 3.0 35.0 0.00378555386837 0
102 43.0 3.0 35.0 0.00183446106621 0
103 43.0 5.0 35.0 0.011960838642 1
104 45.0 7.0 35.0 0.0101590276053 0
105 45.0 7.0 37.0 0.00217295104945 1
106 45.0 9.0 37.0 0.0097157746887 1
107 45.0 9.0 39.0 0.0133959215066 0
108 45.0 11.0 39.0 0.015215111601 0
109 43.0 11.0 39.0 0.00470330021422 1
110 43.0 13.0 39.0 0.0335512961415 1
111 43.0 13.0 41.0 0.0111315517542 0
112 41.0 15.0 41.0 0.0129590191228 1
113 39.0 15.0 43.0 0.00284352021407 1
114 39.0 13.0 43.0 0.0144064351546 0
115 37.0 13.0 45.0 0.00443456158998 1
116 37.0 11.0 45.0 0.00931691800326 0
117 37.0 11.0 47.0 0.00658394872012 0
118 35.0 11.0 47.0 0.0165133190604 1
119 33.0 11.0 47.0 0.00249399762304 0
120 33.0 11.0 49.0 0.00605946567741 1
121 31.0 11.0 49.0 0.00439864981014 0
122 33.0 11.0 51.0 0.00932123111475 1
123 33.0 11.0 53.0 0.017798763538 1
124 33.0 11.0 55.0 0.00914435493625 1
125 33.0 11.0 57.0 0.0107124364637 1
126 33.0 11.0 59.0 0.0081904633576 1
127 33.0 9.0 59.0 0.00390960251224 0
128 33.0 11.0 61.0 0.00806591423326 1
129 33.0 11.0 63.0 0.00633044549153 1
130 33.0 9.0 63.0 0.00248949817739 0
131 33.0 9.0 65.0 0.0160693353584 1
132 33.0 9.0 67.0 0.00400777145658 1
133 33.0 9.0 69.0 0.0301470800817 1
134 33.0 9.0 71.0 0.00846345619191 1
135 33.0 9.0 73.0 0.0130912209362 1
136 33.0 9.0 75.0 0.0140435140486 1
137 33.0 7.0 75.0 0.00939263604172 0
138 33.0 7.0 77.0 0.00714994624514 1
139 35.0 7.0 77.0 0.0053796910047 0
140 33.0 7.0 79.0 0.0115008762431 1
141 35.0 7.0 81.0 0.0045809083916 0
142 33.0 7.0 81.0 0.00778851473591 1
143 33.0 7.0 83.0 0.0211987355727 1
144 33.0 9.0 85.0 0.0124101416172 1
145 33.0 11.0 87.0 0.0189964588527 1
146 33.0 13.0 89.0 0.0203468075823 1
147 33.0 15.0 89.0 0.0347506464755 1
148 33.0 17.0 91.0 0.0193465373477 1
149 31.0 17.0 93.0 0.0459636812238 1
150 31.0 17.0 95.0 0.0033994840486 0
151 31.0 19.0 95.0 0.0137585370864 1
152 31.0 19.0 97.0 0.00280844257998 0
153 31.0 21.0 97.0 0.0100686941943 0
154 31.0 21.0 95.0 0.015218473241 1
155 31.0 23.0 95.0 0.00823961990111 0
156 29.0 23.0 95.0 0.00571143783591 0
157 29.0 23.0 93.0 0.00790635737247 1
158 27.0 23.0 93.0 0.0105742867504 1
159 27.0 23.0 91.0 0.00397667445516 0
160 25.0 23.0 91.0 0.0172422665213 0
161 25.0 21.0 91.0 0.0197487423124 1
162 23.0 19.0 89.0 0.0178424416859 1
163 23.0 17.0 89.0 0.0191157039764 1
164 23.0 15.0 89.0 0.00662435222511 1
165 23.0 15.0 87.0 0.010872406521 0
166 25.0 13.0 87.0 0.0170709364261 1
167 27.0 13.0 87.0 0.0158072476771 0
168 27.0 13.0 85.0 0.0109670268347 0
169 27.0 15.0 85.0 0.0229663827954 1
170 29.0 15.0 85.0 0.0387133363275 0
171 29.0 17.0 85.0 0.0188801323886 1
172 31.0 15.0 85.0 0.00738455134047 0
173 29.0 19.0 85.0 0.014850707006 1
174 27.0 19.0 85.0 0.048655803902 0
175 29.0 19.0 87.0 0.0428465262597 0
176 27.0 21.0 85.0 0.00784707633402 1
177 29.0 21.0 87.0 0.0494529151804 0
