0 -1.0 1.0 1.0 0.00616553218262
1 -3.0 1.0 1.0 0.00697671335322
3 -5.0 -1.0 -1.0 0.026247357433
4 -7.0 -1.0 -1.0 0.00727494228568
5 -9.0 -1.0 -1.0 0.0221845491697
8 -11.0 -3.0 -3.0 0.00914860014125
9 -13.0 -5.0 -3.0 0.00159457633546
12 -15.0 -7.0 -5.0 0.013082511683
14 -17.0 -9.0 -7.0 0.00932238662312
15 -17.0 -11.0 -7.0 0.00541085167567
17 -17.0 -13.0 -7.0 0.00482012375041
21 -19.0 -15.0 -9.0 0.0082363307201
22 -19.0 -17.0 -9.0 0.0104609623143
23 -19.0 -19.0 -9.0 0.00944661608927
24 -19.0 -21.0 -9.0 0.00531394951201
26 -19.0 -23.0 -11.0 0.00975980024237
27 -19.0 -25.0 -11.0 0.00727967272461
29 -17.0 -27.0 -13.0 0.0218849480969
30 -17.0 -29.0 -13.0 0.0128286052415
32 -15.0 -31.0 -15.0 0.010695350569
34 -13.0 -31.0 -17.0 0.00648776568179
37 -11.0 -31.0 -19.0 0.00819929404471
38 -11.0 -31.0 -21.0 0.00322593193238
40 -9.0 -31.0 -23.0 0.0216835525759
41 -9.0 -31.0 -25.0 0.00439252629752
43 -9.0 -29.0 -27.0 0.0176119023968
44 -9.0 -29.0 -29.0 0.00404829698738
47 -11.0 -27.0 -31.0 0.00401181450475
48 -11.0 -27.0 -33.0 0.0114210620646
49 -13.0 -27.0 -35.0 0.0131606242694
51 -15.0 -27.0 -37.0 0.006767408338
53 -17.0 -27.0 -39.0 0.00929881999644
55 -19.0 -27.0 -41.0 0.0162357321488
57 -21.0 -29.0 -43.0 0.00731969070482
59 -23.0 -31.0 -45.0 0.0140338309571
60 -23.0 -33.0 -47.0 0.00762881103759
61 -23.0 -35.0 -49.0 0.00996746100573
63 -23.0 -37.0 -51.0 0.00334217062101
66 -25.0 -39.0 -53.0 0.0115462462285
68 -23.0 -41.0 -55.0 0.00528856752521
70 -23.0 -43.0 -57.0 0.0119621072723
72 -21.0 -45.0 -59.0 0.0139724207473
73 -21.0 -47.0 -59.0 0.0047635497794
75 -19.0 -49.0 -61.0 0.0188087929343
76 -17.0 -51.0 -61.0 0.00851096180062
78 -15.0 -53.0 -63.0 0.016913629824
79 -13.0 -53.0 -63.0 0.0114983375522
80 -11.0 -53.0 -65.0 0.0104816251402
81 -9.0 -53.0 -65.0 0.00707988599489
82 -7.0 -53.0 -65.0 0.00852311386371
83 -5.0 -53.0 -63.0 0.0151990177656
85 -3.0 -51.0 -61.0 0.0172976793246
86 -3.0 -49.0 -59.0 0.0296514228086
87 -3.0 -47.0 -59.0 0.00513716721043
90 -1.0 -45.0 -61.0 0.00846209374527
91 -1.0 -43.0 -61.0 0.0039612840743
93 1.0 -41.0 -61.0 0.013636680587
95 3.0 -39.0 -63.0 0.0635655738413
96 5.0 -39.0 -63.0 0.00506008536245
98 7.0 -39.0 -65.0 0.0163775113331
99 9.0 -39.0 -65.0 0.021566393652
100 11.0 -37.0 -65.0 0.0104066946082
101 13.0 -37.0 -67.0 0.0110890993082
102 15.0 -37.0 -67.0 0.00556447637686
103 17.0 -37.0 -67.0 0.0107873355593
105 19.0 -35.0 -69.0 0.0184614094709
106 21.0 -35.0 -71.0 0.00920470883001
107 23.0 -35.0 -71.0 0.00707569368693
109 25.0 -33.0 -73.0 0.00974793388413
112 27.0 -31.0 -75.0 0.00666243931059
113 27.0 -29.0 -77.0 0.0190503834205
115 25.0 -27.0 -79.0 0.00380968892554
117 23.0 -25.0 -79.0 0.00702384153316
118 21.0 -25.0 -79.0 0.0233499339233
120 19.0 -23.0 -79.0 0.0151224387996
121 17.0 -21.0 -81.0 0.017305759291
123 15.0 -19.0 -83.0 0.0106485485145
125 13.0 -17.0 -83.0 0.0175657525377
126 11.0 -17.0 -83.0 0.00452495723523
128 9.0 -15.0 -83.0 0.0126611193119
129 7.0 -15.0 -81.0 0.0129406186427
130 5.0 -15.0 -81.0 0.0135071661478
132 3.0 -17.0 -81.0 0.0197154102958
134 1.0 -19.0 -81.0 0.0121395062545
136 -1.0 -21.0 -83.0 0.00832937907897
138 -1.0 -23.0 -85.0 0.0196663911243
140 -1.0 -25.0 -87.0 0.00317979173527
143 1.0 -27.0 -89.0 0.0174359337889
145 3.0 -29.0 -91.0 0.0135392763985
147 5.0 -31.0 -93.0 0.0064938997752
150 7.0 -33.0 -95.0 0.00911295688901
153 9.0 -35.0 -97.0 0.0102949537341
154 11.0 -35.0 -97.0 0.00257853213759
156 13.0 -37.0 -99.0 0.0141284809335
157 13.0 -39.0 -101.0 0.00696505072643
158 13.0 -39.0 -103.0 0.0131481247654
159 13.0 -39.0 -105.0 0.00558301647557
161 13.0 -37.0 -107.0 0.0293587770221
162 13.0 -35.0 -109.0 0.0144943971761
163 13.0 -35.0 -111.0 0.0105193333171
165 15.0 -33.0 -113.0 0.0149491065865
166 15.0 -33.0 -115.0 0.00778897208659
168 15.0 -31.0 -117.0 0.00715120035973
170 17.0 -29.0 -119.0 0.00449451418439
171 17.0 -29.0 -121.0 0.00304103823567
173 17.0 -27.0 -123.0 0.00337170307188
175 15.0 -25.0 -125.0 0.0106874528803
177 13.0 -25.0 -127.0 0.00860814915962
178 11.0 -25.0 -127.0 0.00591182310404
179 9.0 -25.0 -127.0 0.0102658822588
180 7.0 -27.0 -127.0 0.00827918613311
182 5.0 -29.0 -125.0 0.0084403719647
184 5.0 -29.0 -123.0 0.0183220172563
192 7.0 -27.0 -121.0 0.00981743571516
197 7.0 -25.0 -121.0 0.0109971471702
201 5.0 -23.0 -121.0 0.024514751897
209 3.0 -21.0 -123.0 0.0351081061094
