0 -1.0 1.0 -1.0 0.00882199709062 1
1 -3.0 1.0 -1.0 0.00347762996368 0
2 -3.0 1.0 -3.0 0.00256371455644 1
3 -3.0 -1.0 -3.0 0.00537885728259 0
4 -5.0 -1.0 -3.0 0.0155390313469 0
5 -5.0 -1.0 -5.0 0.00998662382955 1
6 -7.0 -1.0 -5.0 0.00080244238891 0
7 -7.0 -1.0 -7.0 0.00690609472298 1
8 -9.0 -1.0 -7.0 0.00379647830757 0
9 -9.0 -1.0 -9.0 0.0030742781654 1
10 -11.0 -3.0 -9.0 0.00500023383734 0
11 -11.0 -3.0 -11.0 0.00714458286508 1
12 -13.0 -3.0 -11.0 0.00700732689834 0
13 -13.0 -3.0 -13.0 0.00429487456554 0
14 -13.0 -5.0 -13.0 0.0130162329229 1
15 -15.0 -5.0 -15.0 0.00423752438893 0
16 -15.0 -7.0 -15.0 0.00886930637626 1
17 -15.0 -7.0 -17.0 0.0141301239667 1
18 -17.0 -9.0 -17.0 0.00269533486969 0
19 -17.0 -9.0 -19.0 0.0151261521975 1
20 -17.0 -11.0 -19.0 0.0053822388009 0
21 -17.0 -11.0 -21.0 0.00638892201861 1
22 -17.0 -13.0 -23.0 0.0189297376301 1
23 -17.0 -15.0 -25.0 0.0227256670072 1
24 -19.0 -15.0 -25.0 0.0244452754364 0
25 -19.0 -15.0 -27.0 0.00908646678887 0
26 -19.0 -17.0 -27.0 0.00462329709626 0
27 -17.0 -17.0 -27.0 0.00290797969437 1
28 -17.0 -17.0 -29.0 0.0122219104493 1
29 -17.0 -17.0 -31.0 0.00497896204565 1
30 -17.0 -19.0 -31.0 0.0036196512437 0
31 -17.0 -19.0 -33.0 0.00791175579388 1
32 -15.0 -19.0 -35.0 0.0121617868809 1
33 -13.0 -19.0 -37.0 0.0295736611098 1
34 -13.0 -21.0 -37.0 0.00259390897647 0
35 -11.0 -21.0 -39.0 0.0118609162285 1
36 -9.0 -21.0 -41.0 0.0230588258697 1
37 -9.0 -21.0 -43.0 0.00494607809457 1
38 -7.0 -21.0 -43.0 0.00527817121489 0
39 -7.0 -21.0 -45.0 0.0372111377942 1
40 -7.0 -21.0 -47.0 0.00490055587936 0
41 -5.0 -21.0 -47.0 0.00620654377538 1
42 -5.0 -21.0 -49.0 0.0161219408204 0
43 -3.0 -21.0 -49.0 0.00854024707426 1
44 -1.0 -21.0 -49.0 0.00248692439716 1
45 -1.0 -21.0 -51.0 0.0123336545653 0
46 1.0 -21.0 -51.0 0.00616302345694 1
47 3.0 -21.0 -53.0 0.0138177307302 1
48 5.0 -19.0 -55.0 0.0124166040762 1
49 5.0 -19.0 -57.0 0.00472129933594 1
50 7.0 -19.0 -57.0 0.00539304742106 0
51 7.0 -17.0 -59.0 0.0153029393838 1
52 7.0 -17.0 -61.0 0.00457225254446 1
53 9.0 -15.0 -61.0 0.00158521472963 0
54 9.0 -15.0 -63.0 0.00580903229929 1
55 9.0 -15.0 -65.0 0.00604134559219 1
56 9.0 -15.0 -67.0 0.0096020121775 1
57 9.0 -15.0 -69.0 0.0157423316317 1
58 9.0 -15.0 -71.0 0.0104249962616 1
59 9.0 -15.0 -73.0 0.00864401446548 1
60 9.0 -15.0 -75.0 0.0128458820896 1
61 9.0 -15.0 -77.0 0.0295988619234 1
62 9.0 -15.0 -79.0 0.0185343925567 1
63 9.0 -17.0 -81.0 0.00857001465454 1
64 9.0 -17.0 -83.0 0.0130564774777 1
65 9.0 -17.0 -85.0 0.00280637081491 1
66 11.0 -17.0 -85.0 0.00252912426517 0
67 11.0 -19.0 -85.0 0.0041942679487 0
68 11.0 -19.0 -87.0 0.00418655778542 0
69 11.0 -17.0 -87.0 0.0168202442557 1
70 11.0 -17.0 -89.0 0.00759563643784 0
71 11.0 -15.0 -89.0 0.00805432534504 1
72 11.0 -13.0 -91.0 0.0211469586959 1
73 11.0 -11.0 -91.0 0.0125331620382 0
74 9.0 -11.0 -93.0 0.00672937503708 1
75 9.0 -9.0 -93.0 0.00337611044028 0
76 7.0 -9.0 -93.0 0.00867323863666 0
77 7.0 -9.0 -95.0 0.00488766369479 1
78 5.0 -9.0 -95.0 0.0140860299143 1
79 3.0 -9.0 -95.0 0.0125299188893 1
80 1.0 -9.0 -95.0 0.024249638577 0
81 1.0 -11.0 -93.0 0.00364554832894 1
82 -1.0 -9.0 -97.0 0.00202861706924 0
83 -1.0 -11.0 -97.0 0.00277907794193 0
84 3.0 -13.0 -95.0 0.0122619963341 0
85 1.0 -13.0 -93.0 0.0105012097944 0
86 1.0 -11.0 -91.0 0.00507899609047 0
87 -1.0 -11.0 -91.0 0.0357179469165 1
88 -3.0 -11.0 -97.0 0.128637674007 0
89 3.0 -15.0 -97.0 0.00390990213304 0
90 3.0 -15.0 -95.0 0.00378829495814 0
91 -1.0 -11.0 -89.0 0.00433195050886 0
92 -3.0 -11.0 -89.0 0.00838253973248 1
93 -5.0 -11.0 -97.0 0.0101585718914 0
94 3.0 -17.0 -99.0 0.00457041035953 0
95 3.0 -17.0 -97.0 0.00628472144436 0
96 -3.0 -11.0 -87.0 0.0173097609671 0
97 -5.0 -9.0 -87.0 0.0062891995116 1
98 -7.0 -13.0 -99.0 0.0127644732217 0
99 3.0 -19.0 -99.0 0.00479698502817 0
100 5.0 -19.0 -99.0 0.0052922097021 0
101 -7.0 -9.0 -87.0 0.00247543201803 1
102 -7.0 -9.0 -85.0 0.0144399263003 0
103 -9.0 -15.0 -99.0 0.0071111148473 0
104 3.0 -21.0 -99.0 0.00934320947233 0
105 -9.0 -9.0 -85.0 0.00858426750571 1
106 -9.0 -17.0 -99.0 0.0123079064353 0
107 1.0 -23.0 -99.0 0.0121788963317 0
108 -11.0 -9.0 -85.0 0.00509149100252 1
109 -7.0 -19.0 -99.0 0.0101420000636 0
110 -1.0 -23.0 -99.0 0.00581536633502 0
111 -13.0 -9.0 -85.0 0.00769035011502 1
112 -7.0 -21.0 -99.0 0.00856450652207 0
113 -5.0 -21.0 -99.0 0.0108029411046 0
114 -3.0 -23.0 -99.0 0.0984589444236 0
115 -3.0 -23.0 -101.0 0.00671482751825 0
116 -15.0 -9.0 -85.0 0.0325063019568 1
117 -5.0 -23.0 -99.0 0.00451815255415 0
118 -17.0 -9.0 -85.0 0.00376609877686 0
119 -17.0 -9.0 -87.0 0.00316035271926 0
120 -17.0 -11.0 -87.0 0.0108618722606 1
121 -19.0 -13.0 -87.0 0.00400067007237 0
122 -19.0 -13.0 -89.0 0.00943567619775 1
123 -19.0 -15.0 -91.0 0.0907027390994 1
124 -19.0 -17.0 -91.0 0.0100276885475 1
125 -19.0 -17.0 -93.0 0.000583603605709 0
126 -21.0 -17.0 -93.0 0.00592906447581 0
127 -19.0 -19.0 -93.0 0.00662394620232 1
128 -19.0 -21.0 -93.0 0.0125150986205 0
129 -17.0 -21.0 -93.0 0.00282044595433 1
130 -17.0 -23.0 -93.0 0.00523739083443 0
131 -15.0 -23.0 -93.0 0.00736098552033 1
132 -13.0 -21.0 -93.0 0.0128770478174 1
133 -13.0 -19.0 -93.0 0.0075831826667 1
134 -13.0 -17.0 -93.0 0.00672629609916 1
135 -13.0 -15.0 -93.0 0.0192721052349 1
136 -13.0 -15.0 -95.0 0.00705777513394 0
137 -13.0 -13.0 -95.0 0.00464720302358 0
138 -15.0 -13.0 -95.0 0.0133292669098 1
139 -15.0 -11.0 -97.0 0.0104473507984 0
140 -17.0 -11.0 -97.0 0.00299855156049 1
141 -17.0 -11.0 -99.0 0.0161977267756 1
142 -19.0 -11.0 -99.0 0.00228107103804 0
143 -19.0 -11.0 -101.0 0.0135122040685 1
144 -21.0 -13.0 -103.0 0.0145257458373 1
145 -21.0 -13.0 -105.0 0.0118905655768 1
146 -21.0 -13.0 -107.0 0.0101449846186 1
147 -23.0 -11.0 -107.0 0.0192175950149 0
148 -23.0 -11.0 -109.0 0.00552518431061 1
149 -23.0 -11.0 -111.0 0.00537321909138 0
150 -23.0 -9.0 -111.0 0.00321256389376 0
151 -25.0 -9.0 -111.0 0.0175785670955 1
152 -27.0 -9.0 -111.0 0.00550275273012 0
153 -27.0 -9.0 -109.0 0.00493743429113 1
154 -29.0 -9.0 -109.0 0.00309232279764 0
155 -29.0 -9.0 -107.0 0.013141332224 1
156 -27.0 -9.0 -105.0 0.015094683329 0
157 -29.0 -9.0 -105.0 0.0480943408003 1
158 -29.0 -7.0 -105.0 0.0131831148988 0
159 -29.0 -7.0 -103.0 0.0546058057213 1
160 -29.0 -9.0 -103.0 0.0180025644877 0
161 -29.0 -7.0 -101.0 0.0135902514459 1
162 -29.0 -7.0 -99.0 0.0120532913857 1
163 -27.0 -7.0 -97.0 0.00451027789782 0
164 -27.0 -5.0 -97.0 0.0151253883028 1
165 -25.0 -3.0 -97.0 0.00897672896291 0
166 -25.0 -3.0 -95.0 0.0133308110166 1
167 -23.0 -3.0 -95.0 0.0103419481606 0
168 -23.0 -1.0 -95.0 0.00511969631548 0
169 -23.0 -1.0 -93.0 0.00457862680024 1
170 -21.0 -1.0 -95.0 0.00234200380761 0
171 -21.0 -1.0 -93.0 0.00886118369354 0
172 -21.0 1.0 -93.0 0.00621932832456 0
173 -21.0 1.0 -91.0 0.00567528562645 1
174 -21.0 3.0 -91.0 0.00970109667429 1
175 -19.0 3.0 -91.0 0.0023104228453 0
176 -19.0 3.0 -89.0 0.0152321206525 0
177 -19.0 5.0 -89.0 0.029175538039 1
178 -19.0 5.0 -87.0 0.0194555373571 0
179 -19.0 7.0 -87.0 0.00202402760647 1
180 -17.0 7.0 -85.0 0.00209179431353 0
181 -19.0 7.0 -85.0 0.0172008827082 0
182 -19.0 9.0 -87.0 0.00332307151639 1
183 -21.0 9.0 -87.0 0.0225951945308 0
184 -21.0 11.0 -87.0 0.0105220787939 0
185 -21.0 11.0 -85.0 0.0101817896095 1
186 -21.0 13.0 -85.0 0.0206584757622 1
187 -21.0 13.0 -83.0 0.0176633941144 0
188 -21.0 15.0 -83.0 0.011651245393 1
189 -19.0 17.0 -83.0 0.0175958441292 0
190 -21.0 17.0 -83.0 0.00859095108057 1
191 -19.0 19.0 -83.0 0.0160085380207 0
192 -19.0 19.0 -85.0 0.011328849393 1
193 -19.0 21.0 -83.0 0.0289318056084 0
194 -19.0 21.0 -85.0 0.180909778234 1
