0 -1.0 -1.0 1.0 0.0117779719997
1 -3.0 -1.0 1.0 0.00592882176031
2 -5.0 -1.0 1.0 0.00730432070606
3 -7.0 -3.0 1.0 0.0174897424564
4 -9.0 -5.0 1.0 0.00911502880795
7 -11.0 -7.0 3.0 0.00379173186888
8 -11.0 -9.0 3.0 0.015898226652
9 -11.0 -11.0 3.0 0.00560264308978
11 -11.0 -13.0 5.0 0.00447204014773
13 -11.0 -15.0 7.0 0.0160353567909
14 -11.0 -17.0 9.0 0.00882125284374
15 -11.0 -19.0 9.0 0.00690112100598
18 -13.0 -21.0 11.0 0.0086422726657
19 -13.0 -23.0 11.0 0.00957324461915
20 -13.0 -25.0 11.0 0.0074021866084
21 -13.0 -27.0 13.0 0.00847118818669
22 -13.0 -29.0 13.0 0.00705164153435
23 -13.0 -31.0 13.0 0.0088052726355
24 -13.0 -33.0 13.0 0.00214969731802
26 -13.0 -35.0 15.0 0.0135162614737
27 -11.0 -37.0 15.0 0.00980865339392
28 -11.0 -39.0 15.0 0.00758484664679
29 -11.0 -41.0 17.0 0.00550605917727
31 -9.0 -43.0 17.0 0.00820493052118
33 -7.0 -45.0 19.0 0.0140787640798
35 -5.0 -47.0 21.0 0.00369135784203
36 -5.0 -47.0 23.0 0.0114820923222
38 -3.0 -47.0 25.0 0.0156206714411
40 -1.0 -47.0 27.0 0.0139432719118
42 1.0 -45.0 29.0 0.0163004254318
43 1.0 -45.0 31.0 0.00330079375979
46 3.0 -43.0 33.0 0.00933144067893
48 3.0 -41.0 35.0 0.00184810482842
51 5.0 -39.0 37.0 0.00255657122131
53 5.0 -37.0 39.0 0.0315066608976
54 5.0 -35.0 41.0 0.0139713871311
55 5.0 -35.0 43.0 0.0045426755418
56 5.0 -35.0 45.0 0.00420302494529
58 5.0 -33.0 47.0 0.00878195834343
59 5.0 -33.0 49.0 0.00913632702119
60 5.0 -33.0 51.0 0.0091737372396
61 5.0 -33.0 53.0 0.00609533697554
64 5.0 -33.0 55.0 0.00322520493373
65 5.0 -33.0 57.0 0.0078897105334
66 5.0 -33.0 59.0 0.0147180854671
67 5.0 -33.0 61.0 0.00441169341331
69 5.0 -35.0 63.0 0.01438346847
71 7.0 -37.0 65.0 0.0118915033741
72 9.0 -37.0 67.0 0.0133936207775
73 11.0 -39.0 69.0 0.0107590600079
74 11.0 -39.0 71.0 0.00534449990476
76 13.0 -39.0 73.0 0.00869229048337
77 15.0 -39.0 75.0 0.0207017034642
79 17.0 -39.0 77.0 0.00321951828684
81 19.0 -41.0 79.0 0.0032958568631
83 21.0 -41.0 81.0 0.00564390720838
85 23.0 -39.0 83.0 0.00547399881261
87 25.0 -39.0 85.0 0.00526118812408
89 27.0 -37.0 87.0 0.00739572573801
91 29.0 -37.0 89.0 0.00888114836088
93 31.0 -35.0 89.0 0.0051494267487
96 33.0 -33.0 91.0 0.00790463103327
98 35.0 -31.0 91.0 0.0235842970049
102 35.0 -29.0 91.0 0.00558353632252
103 35.0 -27.0 91.0 0.00506323348697
105 37.0 -25.0 91.0 0.0101430009353
106 37.0 -23.0 91.0 0.0103800670889
107 37.0 -21.0 91.0 0.00753496015812
108 37.0 -19.0 91.0 0.00341164230657
110 35.0 -17.0 91.0 0.0124975356254
111 35.0 -15.0 91.0 0.010801581782
112 35.0 -13.0 91.0 0.00957588001026
113 33.0 -11.0 91.0 0.00766821783467
114 33.0 -9.0 91.0 0.00989164887777
115 31.0 -7.0 89.0 0.0154640690987
116 29.0 -7.0 89.0 0.00601573452724
118 27.0 -5.0 87.0 0.00783485171421
119 25.0 -5.0 85.0 0.0711464395353
120 25.0 -5.0 83.0 0.016026642476
122 23.0 -5.0 81.0 0.0111021845157
124 21.0 -7.0 79.0 0.0224271714603
126 19.0 -9.0 77.0 0.00632457337768
128 17.0 -11.0 75.0 0.0146748611435
129 17.0 -13.0 73.0 0.0158719385505
130 17.0 -13.0 71.0 0.00365210213315
134 19.0 -13.0 69.0 0.00885007867112
135 21.0 -11.0 69.0 0.00403282416126
136 21.0 -9.0 69.0 0.0126673803374
137 19.0 -7.0 69.0 0.0346007659692
139 21.0 -5.0 71.0 0.00307875126316
141 23.0 -3.0 73.0 0.000816836204602
143 25.0 -1.0 75.0 0.00516534637952
145 25.0 1.0 77.0 0.0105642025587
146 25.0 3.0 77.0 0.00510577827874
148 23.0 5.0 77.0 0.0101518875551
150 21.0 7.0 75.0 0.00878299534192
152 19.0 9.0 75.0 0.00676790792999
154 17.0 11.0 75.0 0.0117857161571
155 15.0 11.0 75.0 0.00622890251651
157 13.0 13.0 75.0 0.0377493486938
158 11.0 11.0 73.0 0.0101902194171
159 9.0 11.0 73.0 0.00947367592209
160 7.0 11.0 73.0 0.00462626873359
162 5.0 9.0 71.0 0.00560767079675
164 3.0 9.0 69.0 0.0110119904961
165 1.0 7.0 69.0 0.0160910668688
166 1.0 5.0 69.0 0.00594754332447
167 1.0 3.0 69.0 0.0100196263685
168 3.0 1.0 69.0 0.0106769703198
169 3.0 -1.0 69.0 0.0161248728751
170 3.0 -3.0 69.0 0.00488286985278
172 5.0 -5.0 67.0 0.0142796045968
173 7.0 -7.0 69.0 0.0156091134701
174 9.0 -7.0 69.0 0.0140442192657
175 11.0 -7.0 69.0 0.0468998539279
176 13.0 -5.0 69.0 0.0159665245037
177 13.0 -3.0 69.0 0.00597094649124
179 15.0 -1.0 69.0 0.00634343018131
181 17.0 1.0 71.0 0.0150415312181
182 15.0 1.0 73.0 0.0191348865716
184 13.0 1.0 75.0 0.0138405660511
185 11.0 1.0 77.0 0.0139467760612
187 9.0 -1.0 79.0 0.00809036150348
188 9.0 -3.0 79.0 0.0316862548096
190 9.0 -5.0 81.0 0.00911534775968
192 11.0 -7.0 83.0 0.01587987218
193 13.0 -7.0 85.0 0.0095981702676
194 13.0 -7.0 87.0 0.00607404052196
196 13.0 -9.0 89.0 0.0182319653701
197 13.0 -9.0 91.0 0.0150375542775
200 11.0 -11.0 93.0 0.00396465251802
206 11.0 -13.0 95.0 0.0129718896992
210 13.0 -13.0 97.0 0.0229175413711
214 13.0 -15.0 99.0 0.00602178884447
220 13.0 -17.0 99.0 0.0353114762737
224 15.0 -19.0 101.0 0.0149103509548
229 17.0 -21.0 101.0 0.0428668436399
232 19.0 -21.0 99.0 0.0675953468692
