0 1.0 1.0 -1.0 0.0155646433383 0
1 1.0 1.0 -3.0 0.00307734427817 0
2 1.0 3.0 -3.0 0.00689498326524 1
3 1.0 1.0 1.0 0.00623612866244 0
4 1.0 3.0 1.0 0.00918512992597 0
5 -1.0 3.0 1.0 0.00294441543767 0
6 -1.0 3.0 -1.0 0.0262190420917 0
7 1.0 3.0 -1.0 0.00820641296739 0
8 3.0 3.0 -5.0 0.00341999619576 0
9 3.0 5.0 -5.0 0.0102722739809 1
10 1.0 5.0 -1.0 0.00273816587492 1
11 -1.0 5.0 -1.0 0.0939134412813 0
12 1.0 5.0 1.0 0.0202589568346 0
13 3.0 5.0 -7.0 0.00313132455519 0
14 3.0 7.0 -7.0 0.00855422667209 0
15 1.0 7.0 -7.0 0.00670457757799 1
16 -1.0 7.0 -1.0 0.0521769329485 0
17 -1.0 7.0 1.0 0.00825401640764 1
18 1.0 7.0 -1.0 0.0142180604369 0
19 1.0 7.0 1.0 0.0694620868447 0
20 1.0 7.0 -9.0 0.0157369590246 0
21 -1.0 7.0 -9.0 0.0117749312933 1
22 -1.0 9.0 -11.0 0.00614602337666 0
23 -3.0 9.0 -11.0 0.00888792881338 1
24 -3.0 9.0 -13.0 0.00768309104147 0
25 -5.0 9.0 -13.0 0.00983256960996 1
26 -7.0 9.0 -13.0 0.0137569359583 1
27 -7.0 9.0 -15.0 0.00281125705105 0
28 -9.0 9.0 -15.0 0.0137734935047 1
29 -11.0 9.0 -17.0 0.00198995646037 0
30 -11.0 7.0 -17.0 0.0121280701313 1
31 -13.0 7.0 -19.0 0.00524748693941 0
32 -13.0 5.0 -19.0 0.00743337639268 1
33 -15.0 5.0 -21.0 0.00342360146981 0
34 -15.0 3.0 -21.0 0.0105926290982 1
35 -15.0 3.0 -23.0 0.0130785827216 0
36 -15.0 1.0 -23.0 0.00795800582123 1
37 -15.0 -1.0 -23.0 0.0045032740028 0
38 -15.0 -1.0 -25.0 0.0195419979042 1
39 -15.0 -3.0 -25.0 0.0996032053273 0
40 -15.0 -3.0 -23.0 0.0421345821412 0
41 -13.0 -3.0 -27.0 0.00872626156384 1
42 -13.0 -5.0 -27.0 0.00301630731198 0
43 -13.0 -5.0 -29.0 0.00538409002736 0
44 -11.0 -5.0 -29.0 0.00689130288614 1
45 -9.0 -3.0 -31.0 0.0125425429734 1
46 -7.0 -3.0 -33.0 0.00939161056516 1
47 -7.0 -1.0 -35.0 0.0248722319343 1
48 -5.0 -1.0 -37.0 0.00817320220147 0
49 -5.0 1.0 -37.0 0.00881270630264 1
50 -5.0 1.0 -39.0 0.0208809751267 1
51 -5.0 3.0 -41.0 0.0072920421642 1
52 -5.0 5.0 -41.0 0.00300701351747 0
53 -5.0 5.0 -43.0 0.00702763236162 1
54 -5.0 7.0 -45.0 0.0127176707789 1
55 -3.0 9.0 -45.0 0.00269856014409 0
56 -3.0 9.0 -47.0 0.00892954376552 1
57 -3.0 11.0 -47.0 0.0030845161454 0
58 -3.0 11.0 -49.0 0.0137069940798 1
59 -3.0 13.0 -51.0 0.0108511214267 1
60 -3.0 15.0 -53.0 0.0141460492541 1
61 -3.0 15.0 -55.0 0.00478571632772 1
62 -3.0 17.0 -55.0 0.00398142398022 0
63 -3.0 17.0 -57.0 0.00785556966227 1
64 -3.0 19.0 -57.0 0.0036955192556 0
65 -3.0 19.0 -59.0 0.0272091963477 0
66 -5.0 19.0 -59.0 0.00474860841117 1
67 -1.0 19.0 -59.0 0.00814369183046 0
68 -5.0 19.0 -61.0 0.0242582104445 0
69 -5.0 21.0 -61.0 0.00636442833771 0
70 -1.0 19.0 -61.0 0.032995906006 0
71 -7.0 21.0 -61.0 0.00835480521479 1
72 1.0 19.0 -61.0 0.0335598970027 0
73 -7.0 21.0 -63.0 0.00261610353412 0
74 -9.0 21.0 -63.0 0.00785771259249 1
75 3.0 17.0 -61.0 0.153926836699 0
76 -11.0 21.0 -63.0 0.012091984706 1
77 3.0 15.0 -61.0 0.0189471150859 0
78 -13.0 21.0 -65.0 0.0125879203065 1
79 -15.0 19.0 -65.0 0.0189975880601 0
80 -15.0 19.0 -67.0 0.00750086298634 1
81 -15.0 17.0 -67.0 0.00410555960005 0
82 -17.0 17.0 -69.0 0.0169721417783 1
83 -17.0 15.0 -69.0 0.00323692297658 0
84 -17.0 15.0 -71.0 0.00718322473111 1
85 -17.0 13.0 -71.0 0.00381986069035 0
86 -17.0 13.0 -73.0 0.00823461019488 1
87 -17.0 11.0 -73.0 0.00314548478385 0
88 -17.0 11.0 -75.0 0.00530447074345 1
89 -17.0 9.0 -75.0 0.00591833349885 0
90 -15.0 9.0 -77.0 0.00643946601049 1
91 -15.0 7.0 -77.0 0.00188966917109 0
92 -13.0 7.0 -79.0 0.0135861933809 1
93 -11.0 9.0 -79.0 0.00341110238797 0
94 -11.0 9.0 -81.0 0.0110982166477 1
95 -11.0 11.0 -81.0 0.0045469543162 1
96 -11.0 11.0 -83.0 0.00425569927237 0
97 -11.0 13.0 -83.0 0.00577440850846 1
98 -11.0 13.0 -85.0 0.0109258363235 0
99 -13.0 15.0 -85.0 0.0940415499595 1
100 -15.0 15.0 -87.0 0.0037681354431 1
101 -15.0 17.0 -87.0 0.010800861503 0
102 -17.0 17.0 -89.0 0.0160254987756 1
103 -17.0 17.0 -91.0 0.00994011406605 1
104 -19.0 17.0 -91.0 0.00809648700658 0
105 -19.0 17.0 -93.0 0.00647401846816 1
106 -21.0 17.0 -95.0 0.0117338809712 1
107 -21.0 19.0 -95.0 0.00909690390116 0
108 -23.0 19.0 -95.0 0.00521721021861 0
109 -23.0 19.0 -97.0 0.00290102604678 0
110 -23.0 17.0 -97.0 0.00553231399915 1
111 -23.0 17.0 -99.0 0.00905744170696 1
112 -21.0 15.0 -99.0 0.0073846535163 0
113 -23.0 17.0 -101.0 0.00524153694517 1
114 -25.0 17.0 -101.0 0.0150375565176 0
115 -23.0 15.0 -101.0 0.0102079788526 0
116 -21.0 15.0 -101.0 0.0145279291731 0
117 -23.0 13.0 -101.0 0.0416748034543 0
118 -21.0 13.0 -101.0 0.0313430091915 0
119 -19.0 15.0 -99.0 0.0057851778399 0
120 -19.0 13.0 -99.0 0.0667873006576 0
121 -25.0 17.0 -103.0 0.00711805000564 0
122 -25.0 15.0 -103.0 0.0331897242912 1
123 -23.0 15.0 -103.0 0.0242310551776 0
124 -25.0 13.0 -103.0 0.0181574584564 0
125 -23.0 13.0 -103.0 0.0411398907169 0
126 -23.0 11.0 -103.0 0.00689339428086 0
127 -23.0 11.0 -101.0 0.0155544190005 0
128 -19.0 11.0 -99.0 0.0958744915183 0
129 -17.0 13.0 -99.0 0.0099184722624 0
130 -17.0 11.0 -97.0 0.00561221843049 0
131 -17.0 11.0 -99.0 0.0190340914964 0
132 -23.0 15.0 -105.0 0.07715587241 0
133 -25.0 15.0 -105.0 0.0327452864022 1
134 -25.0 13.0 -105.0 0.0312121575687 0
135 -23.0 13.0 -105.0 0.0567915296971 0
136 -25.0 11.0 -105.0 0.0089665075995 0
137 -21.0 11.0 -105.0 0.0119164146727 0
138 -23.0 9.0 -105.0 0.0188401436057 0
139 -21.0 9.0 -103.0 0.0130241933096 0
140 -21.0 9.0 -105.0 0.00838038481443 0
141 -25.0 13.0 -107.0 0.0170207782061 0
142 -21.0 13.0 -107.0 0.0206985040864 0
143 -21.0 15.0 -107.0 0.00229344179759 0
144 -23.0 15.0 -107.0 0.018568737541 0
145 -23.0 13.0 -107.0 0.00413078236055 0
146 -25.0 15.0 -107.0 0.00542233391346 1
147 -27.0 13.0 -107.0 0.0228300938939 0
148 -27.0 11.0 -107.0 0.00337100251016 0
149 -25.0 11.0 -107.0 0.0115975446115 0
150 -21.0 11.0 -107.0 0.0115077009923 0
151 -19.0 11.0 -107.0 0.00430510118205 0
152 -27.0 13.0 -109.0 0.00678202746881 1
