0 -1.0 1.0 -1.0 0.00719778067993 1
1 -3.0 1.0 -3.0 0.0155035435722 1
2 -5.0 1.0 -5.0 0.0163595486241 1
3 -7.0 1.0 -5.0 0.00465358375625 1
4 -7.0 1.0 -7.0 0.0104824314254 0
5 -9.0 1.0 -7.0 0.00478202657274 0
6 -9.0 -1.0 -7.0 0.0145122585406 1
7 -9.0 -3.0 -7.0 0.00356765228701 1
8 -9.0 -3.0 -5.0 0.00403264785045 0
9 -9.0 -5.0 -5.0 0.0084994189227 1
10 -9.0 -7.0 -5.0 0.00487832687526 1
11 -9.0 -7.0 -3.0 0.00608463852497 0
12 -9.0 -9.0 -3.0 0.00905932616205 1
13 -9.0 -11.0 -3.0 0.00642102204781 1
14 -7.0 -11.0 -1.0 0.00765901447034 0
15 -7.0 -13.0 -1.0 0.00561397947305 1
16 -7.0 -13.0 1.0 0.0146013374002 0
17 -5.0 -15.0 1.0 0.00611156884975 1
18 -5.0 -15.0 3.0 0.00593055736977 0
19 -5.0 -17.0 3.0 0.0102124124477 1
20 -5.0 -19.0 3.0 0.00432562333808 1
21 -3.0 -19.0 5.0 0.00787533234522 0
22 -3.0 -21.0 5.0 0.00808241993318 1
23 -3.0 -21.0 7.0 0.00405145105982 0
24 -1.0 -23.0 7.0 0.013602262396 1
25 1.0 -25.0 7.0 0.00801515419894 1
26 3.0 -25.0 9.0 0.00504908675832 1
27 5.0 -25.0 9.0 0.00533943648491 1
28 5.0 -27.0 9.0 0.00499833539253 0
29 7.0 -27.0 11.0 0.00677712505396 1
30 9.0 -27.0 11.0 0.0134187937358 1
31 11.0 -27.0 11.0 0.00963941203086 1
32 13.0 -27.0 11.0 0.00808733616692 1
33 15.0 -27.0 11.0 0.00638777309865 1
34 15.0 -25.0 11.0 0.00211043867226 0
35 17.0 -25.0 11.0 0.00761131158514 1
36 17.0 -25.0 13.0 0.00556355657794 0
37 19.0 -25.0 11.0 0.00185024454611 0
38 19.0 -23.0 11.0 0.011420044679 1
39 19.0 -21.0 11.0 0.00621434720272 1
40 19.0 -19.0 9.0 0.0242273569604 1
41 19.0 -17.0 7.0 0.00829482236417 1
42 17.0 -17.0 7.0 0.00704061035021 0
43 17.0 -15.0 5.0 0.0168613134265 1
44 17.0 -15.0 3.0 0.0188952751879 1
45 19.0 -15.0 1.0 0.00969668070186 1
46 19.0 -15.0 -1.0 0.00220004642011 1
47 19.0 -13.0 -1.0 0.0034486256501 0
48 19.0 -13.0 -3.0 0.0111787974091 1
49 19.0 -13.0 -5.0 0.00914505247342 1
50 19.0 -13.0 -7.0 0.00328496249656 1
51 19.0 -11.0 -7.0 0.010526354004 0
52 19.0 -11.0 -9.0 0.00313347090014 0
53 17.0 -11.0 -9.0 0.00580097490447 1
54 17.0 -11.0 -11.0 0.016020658576 1
55 17.0 -9.0 -11.0 0.00349968489056 0
56 15.0 -9.0 -13.0 0.00964631185585 1
57 15.0 -9.0 -15.0 0.0147994917318 1
58 13.0 -7.0 -17.0 0.00260804381921 0
59 13.0 -9.0 -17.0 0.0032577480014 1
60 13.0 -9.0 -19.0 0.00883914725252 1
61 11.0 -9.0 -19.0 0.00513906618068 0
62 11.0 -9.0 -21.0 0.00746342393752 1
63 11.0 -9.0 -23.0 0.00505242851725 1
64 11.0 -11.0 -23.0 0.0451662011085 0
65 9.0 -11.0 -23.0 0.00231001877718 0
66 9.0 -11.0 -25.0 0.00769774564537 1
67 9.0 -11.0 -27.0 0.00382396998485 1
68 9.0 -13.0 -27.0 0.0029539362567 0
69 9.0 -13.0 -29.0 0.00905873243545 1
70 9.0 -13.0 -31.0 0.00804202434583 1
71 9.0 -13.0 -33.0 0.00490364077196 1
72 9.0 -15.0 -33.0 0.00659799125827 0
73 9.0 -15.0 -35.0 0.00459020893717 1
74 9.0 -17.0 -37.0 0.0152011829859 1
75 9.0 -19.0 -39.0 0.0132373007707 1
76 11.0 -19.0 -41.0 0.0107505936272 1
77 11.0 -19.0 -43.0 0.00975405574458 1
78 11.0 -19.0 -45.0 0.00379108399154 1
79 13.0 -21.0 -45.0 0.00139760404293 0
80 13.0 -21.0 -47.0 0.00796140692504 1
81 13.0 -21.0 -49.0 0.00558712151346 0
82 15.0 -21.0 -49.0 0.0125847018229 1
83 15.0 -21.0 -51.0 0.00205485031252 0
84 17.0 -23.0 -51.0 0.0140364546492 1
85 19.0 -21.0 -53.0 0.0160555142248 1
86 21.0 -21.0 -55.0 0.00672288293891 1
87 23.0 -21.0 -55.0 0.00135021888348 1
88 23.0 -21.0 -57.0 0.00482193132642 0
89 23.0 -19.0 -57.0 0.00413908716743 0
90 25.0 -19.0 -57.0 0.00892295149693 1
91 25.0 -19.0 -59.0 0.00411947260828 0
92 27.0 -19.0 -59.0 0.00912869001969 1
93 27.0 -19.0 -61.0 0.0102333436034 0
94 29.0 -19.0 -61.0 0.00541458932374 1
95 29.0 -17.0 -61.0 0.002093787476 0
96 29.0 -17.0 -63.0 0.00423775116466 0
97 31.0 -17.0 -63.0 0.0322682936969 1
98 33.0 -17.0 -63.0 0.00551435055465 1
99 33.0 -17.0 -65.0 0.00292968011921 0
100 33.0 -15.0 -65.0 0.00251720806286 0
101 35.0 -15.0 -65.0 0.00470029968582 1
102 37.0 -13.0 -65.0 0.0100349041422 1
103 39.0 -13.0 -65.0 0.00617108303955 0
104 39.0 -11.0 -65.0 0.00312158442119 1
105 41.0 -11.0 -65.0 0.00655807311463 0
106 41.0 -9.0 -65.0 0.00439994026149 1
107 43.0 -9.0 -65.0 0.00985655122578 0
108 43.0 -7.0 -65.0 0.00306684381295 1
109 45.0 -7.0 -65.0 0.00332526564373 0
110 45.0 -5.0 -65.0 0.0207858551771 1
111 47.0 -3.0 -67.0 0.0142005593955 1
112 47.0 -1.0 -69.0 0.017469335234 1
113 47.0 1.0 -69.0 0.00836064973239 1
114 45.0 1.0 -71.0 0.00523404393334 0
115 45.0 3.0 -71.0 0.01852602952 1
116 45.0 3.0 -73.0 0.00680642058106 0
117 45.0 5.0 -73.0 0.00209385132483 0
118 43.0 5.0 -73.0 0.00665064829681 1
119 41.0 7.0 -73.0 0.013643415992 1
120 39.0 7.0 -73.0 0.0115153067006 1
121 37.0 7.0 -73.0 0.0189564570547 1
122 35.0 7.0 -73.0 0.0335114093579 0
123 35.0 5.0 -73.0 0.00275542352682 0
124 35.0 5.0 -71.0 0.00631431008964 1
125 35.0 3.0 -71.0 0.012631436853 1
126 35.0 1.0 -71.0 0.00715537571986 1
127 35.0 -1.0 -71.0 0.00656663463214 1
128 37.0 -1.0 -71.0 0.00957155640902 0
129 37.0 -3.0 -71.0 0.00720915386877 1
130 39.0 -3.0 -71.0 0.00627403099337 0
131 39.0 -5.0 -71.0 0.00746631116321 1
132 39.0 -7.0 -71.0 0.00314781049908 1
133 41.0 -7.0 -71.0 0.00678666333531 0
134 41.0 -9.0 -73.0 0.0355224008271 1
135 43.0 -11.0 -73.0 0.00626676585625 1
136 45.0 -11.0 -73.0 0.00706161262143 1
137 45.0 -13.0 -73.0 0.00728983402755 0
138 47.0 -13.0 -73.0 0.00374817332157 1
139 47.0 -15.0 -73.0 0.00570529301257 0
140 49.0 -15.0 -73.0 0.00129340705232 1
141 49.0 -17.0 -73.0 0.00726361990792 0
142 51.0 -17.0 -73.0 0.00256043064752 0
143 51.0 -17.0 -71.0 0.0055645871334 1
144 53.0 -17.0 -69.0 0.00375505333491 0
145 53.0 -15.0 -69.0 0.00559091700138 1
146 53.0 -15.0 -67.0 0.0089690705779 1
147 55.0 -13.0 -65.0 0.0107357161658 1
148 55.0 -13.0 -63.0 0.0125057709399 1
149 55.0 -11.0 -61.0 0.00381411809945 0
150 55.0 -13.0 -61.0 0.00403976797602 1
151 53.0 -13.0 -59.0 0.0112537921142 1
152 53.0 -13.0 -57.0 0.0276402063905 1
153 51.0 -15.0 -57.0 0.00335098271426 0
154 51.0 -15.0 -55.0 0.00371987990757 1
155 51.0 -17.0 -55.0 0.00748169853484 0
156 51.0 -17.0 -53.0 0.0128277938753 1
157 49.0 -17.0 -51.0 0.00918176672976 1
158 47.0 -19.0 -51.0 0.00951405208225 0
159 47.0 -19.0 -49.0 0.0042433545005 1
160 45.0 -19.0 -49.0 0.00301667789859 1
161 45.0 -21.0 -49.0 0.0082216976063 0
162 43.0 -21.0 -49.0 0.0187650215285 1
163 41.0 -21.0 -49.0 0.00633788812518 1
164 39.0 -21.0 -49.0 0.00982623370759 0
165 39.0 -23.0 -49.0 0.00379244832223 1
166 37.0 -23.0 -49.0 0.00733777555247 0
167 37.0 -25.0 -49.0 0.0104192402847 1
168 37.0 -27.0 -49.0 0.015824495774 0
169 37.0 -27.0 -51.0 0.00523607287156 1
170 37.0 -29.0 -51.0 0.00147164403394 0
171 39.0 -29.0 -53.0 0.00679945608198 1
172 39.0 -31.0 -53.0 0.00553182342176 0
173 41.0 -31.0 -53.0 0.00703378548509 1
174 43.0 -31.0 -51.0 0.0115719854656 1
175 45.0 -31.0 -49.0 0.0044577480587 0
176 45.0 -29.0 -49.0 0.00751596021017 1
177 47.0 -29.0 -49.0 0.00363864382504 1
178 47.0 -29.0 -51.0 0.0346564322296 0
179 49.0 -29.0 -51.0 0.00860897494281 0
180 49.0 -27.0 -51.0 0.00191922112774 1
181 49.0 -27.0 -53.0 0.0393393255813 0
182 49.0 -25.0 -53.0 0.00587557973923 1
183 49.0 -25.0 -55.0 0.00334964480339 0
184 49.0 -23.0 -55.0 0.00243296626044 0
185 47.0 -23.0 -55.0 0.0142009061952 1
186 45.0 -23.0 -57.0 0.0137967247201 0
187 45.0 -21.0 -57.0 0.00105962507092 1
188 45.0 -21.0 -59.0 0.0128371414644 1
189 43.0 -21.0 -59.0 0.00674287260176 0
190 43.0 -21.0 -61.0 0.00774941801506 1
191 41.0 -21.0 -63.0 0.0111800278566 1
192 41.0 -21.0 -65.0 0.00387604265457 1
193 39.0 -19.0 -65.0 0.0142294211563 0
194 39.0 -19.0 -67.0 0.00535502942811 1
195 37.0 -21.0 -67.0 0.0169105322679 0
196 37.0 -21.0 -69.0 0.012704156517 1
197 35.0 -23.0 -71.0 0.00310413716794 0
198 37.0 -23.0 -71.0 0.0106243039206 1
199 37.0 -23.0 -73.0 0.0103074089014 1
200 39.0 -23.0 -75.0 0.0112069189636 1
201 39.0 -21.0 -77.0 0.00497809230212 1
202 41.0 -21.0 -77.0 0.00566834493636 0
203 41.0 -19.0 -77.0 0.00586826478354 0
204 39.0 -19.0 -77.0 0.00332955646019 1
205 39.0 -17.0 -77.0 0.00437199528076 0
206 37.0 -17.0 -75.0 0.00520653518009 0
207 37.0 -17.0 -77.0 0.00614733375427 1
208 35.0 -17.0 -77.0 0.00702583262796 1
209 33.0 -15.0 -77.0 0.0126894083774 1
210 31.0 -17.0 -75.0 0.0115300114756 1
211 29.0 -17.0 -77.0 0.0124092053907 1
212 27.0 -17.0 -77.0 0.00641519910284 0
213 27.0 -19.0 -77.0 0.00345948881288 0
214 27.0 -19.0 -79.0 0.0106686719222 0
215 29.0 -19.0 -79.0 0.0144678241517 0
216 31.0 -19.0 -79.0 0.00842351615359 1
217 25.0 -19.0 -77.0 0.00290425673888 0
218 25.0 -17.0 -77.0 0.0299012224672 0
219 25.0 -15.0 -77.0 0.0028614998191 0
220 25.0 -15.0 -79.0 0.0162655160084 0
221 25.0 -19.0 -81.0 0.00631870006075 0
222 27.0 -19.0 -81.0 0.0108668969784 0
223 29.0 -19.0 -81.0 0.0236927338658 0
224 31.0 -17.0 -81.0 0.00455450981651 0
225 31.0 -19.0 -81.0 0.120615174458 1
226 23.0 -15.0 -77.0 0.00507777540576 0
227 25.0 -15.0 -81.0 0.00547124982686 0
228 23.0 -17.0 -81.0 0.0253582928593 0
229 27.0 -21.0 -83.0 0.0260502462509 0
230 27.0 -19.0 -83.0 0.0153314382592 0
231 25.0 -19.0 -83.0 0.00764192303557 0
232 29.0 -21.0 -83.0 0.0713408963103 0
233 29.0 -19.0 -83.0 0.00832477754544 0
234 31.0 -19.0 -83.0 0.00458878166429 0
235 31.0 -21.0 -83.0 0.0201801678134 0
236 33.0 -21.0 -83.0 0.0314804199267 1
237 25.0 -19.0 -85.0 0.12626506953 0
238 35.0 -21.0 -83.0 0.00871209810248 1
