0 1.0 -1.0 1.0 0.00657421145065 1
1 3.0 -1.0 1.0 0.00942997506681 1
2 5.0 -1.0 1.0 0.0108842062641 1
3 7.0 -1.0 1.0 0.00352792582712 1
4 7.0 1.0 1.0 0.00779907615624 0
5 9.0 1.0 3.0 0.00743291325637 1
6 11.0 1.0 3.0 0.00849418076233 1
7 13.0 1.0 3.0 0.0653172701716 1
8 15.0 3.0 3.0 0.00897137698109 1
9 17.0 3.0 3.0 0.00788297441843 0
10 17.0 5.0 3.0 0.00412924233087 1
11 19.0 5.0 5.0 0.0153415858736 0
12 19.0 7.0 5.0 0.00520657548789 1
13 21.0 7.0 5.0 0.0048165925093 0
14 21.0 9.0 5.0 0.00333107686204 1
15 23.0 9.0 5.0 0.0054910489193 0
16 23.0 11.0 5.0 0.0624869955161 1
17 23.0 13.0 5.0 0.0156335432847 1
18 23.0 13.0 3.0 0.00522131452405 0
19 23.0 15.0 3.0 0.00464964145073 0
20 25.0 15.0 3.0 0.00716049874146 1
21 25.0 17.0 3.0 0.00840375434784 1
22 25.0 19.0 3.0 0.0125275661266 1
23 25.0 21.0 3.0 0.0116585995725 1
24 25.0 23.0 3.0 0.013253157023 1
25 25.0 25.0 3.0 0.00265276278628 0
26 23.0 25.0 3.0 0.00446023936034 1
27 23.0 27.0 3.0 0.0162436649471 0
28 21.0 27.0 3.0 0.00551454901216 1
29 21.0 29.0 3.0 0.0106408859036 0
30 19.0 29.0 3.0 0.0239252092242 1
31 19.0 31.0 3.0 0.00557858106867 0
32 17.0 31.0 3.0 0.0159338978117 1
33 15.0 33.0 3.0 0.00886489540129 1
34 13.0 33.0 3.0 0.00911183861698 1
35 13.0 35.0 3.0 0.00360406248981 0
36 11.0 35.0 3.0 0.00650364490356 1
37 9.0 35.0 3.0 0.00648806208848 1
38 7.0 35.0 5.0 0.0114701189453 1
39 5.0 35.0 5.0 0.00640929294878 1
40 3.0 35.0 5.0 0.00137038657487 1
41 3.0 35.0 7.0 0.000876618804851 0
42 1.0 35.0 7.0 0.0322498166471 1
43 1.0 33.0 7.0 0.00483379409521 0
44 -1.0 33.0 9.0 0.0163544720687 1
45 -3.0 33.0 9.0 0.00581989085925 0
46 -3.0 31.0 9.0 0.00377127627238 1
47 -5.0 31.0 9.0 0.0049495124303 0
48 -5.0 29.0 9.0 0.0122531615704 1
49 -5.0 27.0 9.0 0.00843342341508 1
50 -5.0 27.0 11.0 0.00692809142757 0
51 -5.0 25.0 11.0 0.00941679912967 1
52 -5.0 23.0 11.0 0.00452244172291 1
53 -7.0 23.0 13.0 0.00367603451732 0
54 -7.0 21.0 13.0 0.015416013368 1
55 -7.0 19.0 13.0 0.00595110130309 1
56 -7.0 17.0 13.0 0.0157133510154 1
57 -5.0 17.0 13.0 0.0032415912616 0
58 -5.0 15.0 13.0 0.00807129927467 1
59 -5.0 13.0 13.0 0.00540715381512 1
60 -5.0 13.0 15.0 0.00510573150792 0
61 -3.0 11.0 15.0 0.00314035980759 0
62 -3.0 11.0 13.0 0.00939990349053 1
63 -3.0 9.0 13.0 0.0479856962049 1
64 -1.0 7.0 13.0 0.00955957162584 1
65 -1.0 5.0 13.0 0.00394312439721 0
66 1.0 5.0 13.0 0.011189585122 1
67 3.0 5.0 13.0 0.00668086112059 1
68 5.0 3.0 13.0 0.00504101966353 1
69 7.0 3.0 13.0 0.00959621891592 1
70 7.0 3.0 15.0 0.00347042419718 0
71 9.0 3.0 15.0 0.00575716125636 1
72 11.0 1.0 15.0 0.0122965967714 1
73 13.0 1.0 15.0 0.00500965704672 1
74 13.0 1.0 17.0 0.00775937499788 0
75 15.0 3.0 17.0 0.00671073321757 1
76 17.0 3.0 17.0 0.0165571927635 1
77 19.0 5.0 17.0 0.00549423749828 0
78 19.0 5.0 15.0 0.00440339825615 1
79 21.0 5.0 15.0 0.0233798929049 1
80 21.0 7.0 15.0 0.00441827857646 0
81 23.0 7.0 15.0 0.00908246136099 1
82 25.0 7.0 15.0 0.00248637591906 0
83 25.0 9.0 17.0 0.00712374869643 1
84 27.0 9.0 17.0 0.00788966191622 0
85 27.0 11.0 17.0 0.0140693197216 1
86 27.0 13.0 17.0 0.008194314565 1
87 27.0 15.0 17.0 0.0159035558146 1
88 27.0 17.0 17.0 0.0102583343955 1
89 27.0 19.0 17.0 0.0109824052288 1
90 25.0 19.0 17.0 0.00564212638518 0
91 25.0 21.0 17.0 0.018081580049 1
92 25.0 23.0 17.0 0.00516668813116 0
93 23.0 23.0 17.0 0.0101632350951 1
94 23.0 25.0 17.0 0.00301000537163 0
95 21.0 25.0 17.0 0.00826538217793 1
96 21.0 27.0 17.0 0.00336800616214 0
97 19.0 27.0 17.0 0.00948035822628 1
98 17.0 27.0 17.0 0.00502857630757 1
99 17.0 29.0 17.0 0.00168404533564 0
100 15.0 29.0 17.0 0.0135980809731 1
101 13.0 29.0 17.0 0.0129084748195 1
102 11.0 29.0 17.0 0.00202396586041 1
103 11.0 27.0 17.0 0.00333850916866 0
104 9.0 27.0 17.0 0.00608900433733 1
105 7.0 27.0 17.0 0.00944851439668 1
106 5.0 27.0 19.0 0.00815312867643 0
107 5.0 25.0 19.0 0.00599666586463 1
108 3.0 25.0 19.0 0.0112701463773 1
109 1.0 23.0 19.0 0.0065873906049 1
110 -1.0 21.0 19.0 0.0167731406619 0
111 -1.0 21.0 21.0 0.00836574096576 1
112 -1.0 19.0 21.0 0.0104161061189 1
113 -1.0 17.0 23.0 0.00192818557893 1
114 1.0 17.0 23.0 0.00740644696576 0
115 1.0 15.0 25.0 0.0158233797896 1
116 1.0 13.0 25.0 0.0108628708505 1
117 3.0 13.0 25.0 0.00273623630443 0
118 3.0 11.0 25.0 0.00846301571983 1
119 3.0 9.0 25.0 0.00938098095507 1
120 5.0 7.0 25.0 0.0133194594379 1
121 7.0 7.0 25.0 0.00452370219239 1
122 9.0 7.0 25.0 0.0157176809936 1
123 11.0 7.0 25.0 0.0095632655227 0
124 11.0 9.0 23.0 0.0187367586411 1
125 11.0 11.0 23.0 0.00609960978575 1
126 11.0 13.0 23.0 0.00980510497923 1
127 9.0 13.0 21.0 0.00232272936969 0
128 9.0 15.0 21.0 0.0111768215896 1
129 7.0 17.0 21.0 0.00926639030558 1
130 7.0 19.0 21.0 0.00618187160325 1
131 5.0 21.0 21.0 0.0148484025184 1
132 5.0 23.0 23.0 0.00823571423208 1
133 5.0 25.0 23.0 0.00604738871856 0
134 3.0 25.0 23.0 0.0018249130445 1
135 3.0 27.0 23.0 0.00679144518016 0
136 1.0 27.0 25.0 0.0106969838273 1
137 -1.0 27.0 27.0 0.00558728496515 1
138 -3.0 25.0 27.0 0.00392454330493 0
139 -3.0 27.0 27.0 0.00276571830093 1
140 -3.0 27.0 29.0 0.00440151084581 0
141 -5.0 27.0 29.0 0.00368312664666 0
142 -5.0 29.0 29.0 0.00471607423675 1
143 -5.0 29.0 31.0 0.0030698309009 0
144 -7.0 29.0 31.0 0.00320032174885 0
145 -7.0 31.0 31.0 0.00991465375562 1
146 -9.0 31.0 31.0 0.00620986439848 1
147 -9.0 33.0 33.0 0.013920085142 0
148 -11.0 33.0 33.0 0.0114560708921 1
149 -13.0 33.0 33.0 0.00954911194921 1
150 -15.0 33.0 33.0 0.0131101975307 1
151 -17.0 33.0 33.0 0.00518874210983 1
152 -19.0 33.0 33.0 0.00381027636824 1
153 -19.0 33.0 35.0 0.00489046342886 0
154 -21.0 33.0 35.0 0.0104737919237 1
155 -23.0 33.0 35.0 0.00910949989247 1
156 -23.0 31.0 37.0 0.00279812565401 0
157 -25.0 31.0 37.0 0.0110564127295 1
158 -27.0 31.0 37.0 0.0367627302262 0
159 -27.0 29.0 39.0 0.00491963179364 1
160 -29.0 29.0 39.0 0.0148735648731 0
161 -29.0 27.0 41.0 0.0112356289026 1
162 -27.0 27.0 43.0 0.0273905380627 1
163 -27.0 27.0 45.0 0.00985858703246 1
164 -27.0 27.0 47.0 0.00846011692074 1
165 -27.0 29.0 49.0 0.00751664579935 1
166 -27.0 29.0 51.0 0.00469850425907 1
167 -29.0 29.0 51.0 0.00110408656951 0
168 -29.0 29.0 53.0 0.0135110925143 1
169 -29.0 29.0 55.0 0.00337469806851 1
170 -31.0 29.0 55.0 0.000757556134522 0
171 -31.0 27.0 57.0 0.00937980101739 1
172 -31.0 25.0 57.0 0.00377502069766 0
173 -31.0 25.0 59.0 0.0051358971114 1
174 -33.0 25.0 59.0 0.00371042033321 0
175 -33.0 23.0 59.0 0.00324925269676 0
176 -33.0 23.0 61.0 0.00992224110277 1
177 -33.0 21.0 61.0 0.00459041222083 0
178 -33.0 21.0 63.0 0.00644572832603 1
179 -31.0 21.0 63.0 0.00477911914258 0
180 -31.0 21.0 65.0 0.00599526636831 0
181 -31.0 23.0 65.0 0.0111994899979 1
182 -31.0 23.0 67.0 0.00456786511417 0
183 -31.0 25.0 67.0 0.068597587993 1
184 -31.0 27.0 67.0 0.0112442884164 0
185 -33.0 27.0 67.0 0.00180404404532 1
186 -33.0 27.0 65.0 0.00881923238979 0
187 -31.0 29.0 67.0 0.0073634115666 0
188 -35.0 27.0 65.0 0.021507069677 0
189 -35.0 27.0 69.0 0.0115779219984 1
190 -37.0 25.0 67.0 0.0117007040213 0
191 -37.0 25.0 69.0 0.00200014857143 0
192 -37.0 27.0 69.0 0.00552267720824 0
193 -35.0 29.0 71.0 0.0137483203908 1
194 -35.0 29.0 73.0 0.00843583095796 0
195 -37.0 29.0 73.0 0.00462378807489 1
196 -37.0 31.0 75.0 0.0018115455475 0
197 -39.0 31.0 75.0 0.00516789330627 1
198 -41.0 31.0 75.0 0.0321240561361 0
199 -41.0 29.0 75.0 0.00924855156637 0
200 -41.0 33.0 75.0 0.0148728688558 1
201 -43.0 29.0 75.0 0.00862349492906 0
202 -41.0 35.0 75.0 0.00858414792225 0
203 -43.0 35.0 75.0 0.0186136067623 0
204 -41.0 35.0 77.0 0.0178879139233 1
205 -41.0 37.0 75.0 0.00509083118643 0
206 -41.0 37.0 73.0 0.00707787966176 0
207 -43.0 37.0 73.0 0.00736834353975 0
208 -41.0 35.0 79.0 0.00985408054939 1
209 -39.0 35.0 81.0 0.0163178794374 0
210 -41.0 37.0 81.0 0.00399426489733 1
211 -39.0 37.0 83.0 0.0175233011239 0
212 -41.0 39.0 81.0 0.00891499221889 0
213 -43.0 39.0 81.0 0.00657440602583 1
214 -43.0 41.0 81.0 0.00864551951281 0
215 -45.0 41.0 81.0 0.011863921214 1
216 -45.0 43.0 81.0 0.00234005752489 0
217 -47.0 41.0 81.0 0.0289930600255 1
218 -47.0 43.0 81.0 0.0104026085688 0
219 -47.0 43.0 83.0 0.0214018322036 0
220 -47.0 41.0 83.0 0.0018503024302 0
221 -47.0 39.0 81.0 0.0104051604196 0
222 -49.0 43.0 81.0 0.00295130142153 0
223 -49.0 41.0 83.0 0.0243275816947 0
224 -49.0 39.0 81.0 0.0119959000568 1
225 -51.0 39.0 81.0 0.0165828387334 1
226 -53.0 39.0 81.0 0.00685171630417 0
227 -53.0 41.0 81.0 0.0376655524681 1
228 -53.0 43.0 81.0 0.0194015720683 1
229 -53.0 43.0 79.0 0.0365724635118 0
230 -53.0 45.0 79.0 0.151263402705 1
