0 1.0 1.0 -1.0 0.0133430653804 0
1 1.0 1.0 -3.0 0.00625304585647 0
2 1.0 1.0 -5.0 0.0102285051129 0
3 -1.0 1.0 -7.0 0.0605276765461 0
4 -1.0 1.0 -9.0 0.00655730639413 0
5 -1.0 1.0 -11.0 0.0119971811484 0
6 -3.0 1.0 -13.0 0.0105286716179 0
7 -3.0 1.0 -15.0 0.00662408287255 0
8 -3.0 1.0 -17.0 0.00275498489697 0
9 -3.0 -1.0 -17.0 0.00191966525609 0
10 -3.0 -1.0 -19.0 0.0127256186571 0
11 -3.0 -1.0 -21.0 0.00848944597546 0
12 -3.0 -1.0 -23.0 0.0172346360634 0
13 -3.0 -1.0 -25.0 0.00377353788672 0
14 -5.0 -1.0 -25.0 0.00642014996724 0
15 -5.0 1.0 -25.0 0.0218454035661 0
16 -5.0 -1.0 -27.0 0.00417632083619 0
17 -3.0 -1.0 -27.0 0.00450550533373 0
18 -5.0 1.0 -27.0 0.0118795337391 1
19 -3.0 -1.0 -29.0 0.00256160733576 1
20 -5.0 -1.0 -29.0 0.00300121020879 0
21 -7.0 3.0 -29.0 0.0113726309743 1
22 -3.0 -1.0 -31.0 0.0046644500393 1
23 -3.0 -3.0 -31.0 0.00316476389213 0
24 -9.0 3.0 -29.0 0.00942323786825 1
25 -9.0 3.0 -31.0 0.0842069936361 0
26 -3.0 -3.0 -33.0 0.0108208835147 1
27 -11.0 3.0 -29.0 0.00421541866032 0
28 -11.0 5.0 -29.0 0.0114841349503 0
29 -11.0 5.0 -27.0 0.00266609104296 1
30 -3.0 -3.0 -35.0 0.00640029469228 1
31 -1.0 -3.0 -35.0 0.00433405904094 0
32 -13.0 5.0 -27.0 0.00371900798177 0
33 -13.0 3.0 -25.0 0.00931045566285 1
34 -1.0 -3.0 -37.0 0.00437993763929 1
35 -13.0 3.0 -23.0 0.00504919521169 1
36 -13.0 1.0 -23.0 0.00873203488278 0
37 -11.0 1.0 -23.0 0.00754760704535 0
38 -1.0 -3.0 -39.0 0.00479758298217 1
39 -11.0 1.0 -21.0 0.00325288990709 1
40 -11.0 -1.0 -21.0 0.00816324473192 0
41 -9.0 -1.0 -21.0 0.00999076540335 0
42 -1.0 -3.0 -41.0 0.00442895137724 1
43 -9.0 -1.0 -19.0 0.0110131493292 1
44 -1.0 -3.0 -43.0 0.00357714233806 1
45 1.0 -1.0 -43.0 0.00257489126696 0
46 -9.0 -1.0 -17.0 0.00164096018112 1
47 -9.0 1.0 -17.0 0.00486441078221 0
48 1.0 -1.0 -45.0 0.0135668060164 1
49 -9.0 1.0 -15.0 0.00848993049248 1
50 1.0 -1.0 -47.0 0.00852746216066 1
51 -9.0 3.0 -13.0 0.013262022805 1
52 1.0 -1.0 -49.0 0.0453057385558 1
53 -9.0 3.0 -11.0 0.00763886026608 1
54 -11.0 1.0 -11.0 0.00321901751906 0
55 -1.0 -1.0 -51.0 0.0149714300373 1
56 -11.0 1.0 -9.0 0.0125199219526 1
57 -11.0 -1.0 -9.0 0.01905181186 0
58 -1.0 -1.0 -53.0 0.00382217189169 0
59 -3.0 -3.0 -53.0 0.00879113819347 1
60 -11.0 -1.0 -7.0 0.0359618937489 1
61 -13.0 -1.0 -7.0 0.0783496145008 0
62 -3.0 -3.0 -55.0 0.0048887068413 0
63 -5.0 -3.0 -55.0 0.00808566035771 0
64 -5.0 -5.0 -55.0 0.0105348924799 1
65 -9.0 -1.0 -5.0 0.015564996312 1
66 -5.0 -5.0 -57.0 0.00960935254598 0
67 -5.0 -7.0 -57.0 0.00804588876641 1
68 -9.0 1.0 -3.0 0.0128122997975 1
69 -5.0 -9.0 -57.0 0.0036433810885 1
70 -7.0 -9.0 -59.0 0.00590446041714 0
71 -9.0 1.0 -1.0 0.0288338391635 0
72 -7.0 1.0 -1.0 0.00529645333657 0
73 -7.0 3.0 -1.0 0.0263828593159 1
74 -7.0 -11.0 -59.0 0.00455982661526 0
75 -5.0 -11.0 -59.0 0.00358628699209 1
76 -7.0 5.0 -1.0 0.00864949013775 1
77 -9.0 5.0 -3.0 0.00611740681898 0
78 -5.0 -13.0 -59.0 0.00821952157826 0
79 -5.0 -13.0 -61.0 0.00577360604563 1
80 -7.0 7.0 -1.0 0.00825146136742 0
81 -7.0 7.0 -3.0 0.0126208385228 0
82 -9.0 7.0 -3.0 0.0169346750292 1
83 -11.0 7.0 -3.0 0.0716831957907 0
84 -11.0 7.0 -1.0 0.00920020083004 0
85 -5.0 -15.0 -61.0 0.00542740118906 0
86 -5.0 -15.0 -63.0 0.00492033427857 0
87 -3.0 -15.0 -63.0 0.00824127975303 1
88 -11.0 9.0 -1.0 0.0800725654996 1
89 -11.0 9.0 -3.0 0.0476283584637 0
90 -13.0 7.0 -3.0 0.017538742236 0
91 -13.0 7.0 -1.0 0.0162920019366 0
92 -3.0 -17.0 -65.0 0.00967480850883 0
93 -1.0 -17.0 -65.0 0.00297539920108 1
94 -1.0 -17.0 -67.0 0.00620094105607 0
95 1.0 -17.0 -67.0 0.0202321374104 1
96 3.0 -17.0 -67.0 0.00629711713499 1
97 3.0 -19.0 -67.0 0.00255103796107 0
98 5.0 -19.0 -65.0 0.0120625674864 1
99 7.0 -19.0 -63.0 0.0139867856253 1
100 7.0 -19.0 -61.0 0.00419959128078 1
101 9.0 -19.0 -61.0 0.0111091875686 0
102 9.0 -19.0 -59.0 0.00740977709107 1
103 9.0 -19.0 -57.0 0.00731361504403 0
104 11.0 -19.0 -57.0 0.0103516729361 1
105 11.0 -19.0 -55.0 0.00761119885663 1
106 13.0 -19.0 -53.0 0.014104372596 1
107 13.0 -17.0 -51.0 0.0127922466157 1
108 13.0 -15.0 -49.0 0.0122073759554 1
109 11.0 -13.0 -47.0 0.0134878417544 1
110 11.0 -13.0 -45.0 0.00361497439094 0
111 9.0 -13.0 -45.0 0.01681611618 0
112 9.0 -15.0 -45.0 0.00987504748187 1
113 9.0 -13.0 -43.0 0.00735002036252 0
114 7.0 -11.0 -43.0 0.00751546772309 0
115 7.0 -13.0 -45.0 0.00429485774062 0
116 7.0 -11.0 -45.0 0.0111967066186 0
117 7.0 -17.0 -45.0 0.0133765105092 1
118 7.0 -11.0 -41.0 0.0218429074208 0
119 5.0 -9.0 -41.0 0.00607752358332 0
120 7.0 -9.0 -45.0 0.00196435440616 0
121 7.0 -9.0 -43.0 0.00292076855723 0
122 5.0 -9.0 -43.0 0.00486156791167 0
123 5.0 -19.0 -43.0 0.00264645156608 1
124 5.0 -19.0 -45.0 0.00348903446949 0
125 7.0 -19.0 -45.0 0.00766337687555 0
126 5.0 -9.0 -39.0 0.00450072929599 0
127 3.0 -9.0 -39.0 0.00501121635627 0
128 5.0 -7.0 -43.0 0.00288285126514 0
129 3.0 -7.0 -43.0 0.00623348563267 0
130 3.0 -19.0 -43.0 0.00858098291246 1
131 1.0 -9.0 -39.0 0.00578065310903 0
132 1.0 -11.0 -39.0 0.00372198999575 0
133 1.0 -7.0 -41.0 0.0216369655535 0
134 1.0 -7.0 -43.0 0.00468480010889 0
135 1.0 -19.0 -41.0 0.00901054596399 0
136 1.0 -19.0 -43.0 0.00496115792836 1
137 -1.0 -11.0 -39.0 0.0100959376057 0
138 -1.0 -7.0 -39.0 0.0119989917019 0
139 -1.0 -7.0 -37.0 0.00807866103243 0
140 -1.0 -13.0 -39.0 0.00525356220104 0
141 -1.0 -17.0 -41.0 0.0132499841609 1
142 -1.0 -19.0 -41.0 0.00915567292911 0
143 -3.0 -13.0 -39.0 0.00204206543198 0
144 -3.0 -7.0 -35.0 0.00365581399306 0
145 -3.0 -9.0 -35.0 0.012034344404 0
146 -3.0 -15.0 -39.0 0.0112678468499 0
147 -3.0 -17.0 -39.0 0.00507329046074 1
148 -3.0 -19.0 -43.0 0.0182254802255 0
149 -3.0 -17.0 -43.0 0.011908932258 0
150 -1.0 -15.0 -43.0 0.00291985819598 0
151 -3.0 -15.0 -43.0 0.00519239818361 0
152 -5.0 -15.0 -41.0 0.00760032969036 0
153 -3.0 -9.0 -33.0 0.00597202702885 0
154 -3.0 -11.0 -33.0 0.00389064851966 0
155 -5.0 -17.0 -41.0 0.0113948303279 0
156 -5.0 -17.0 -39.0 0.00188738688477 1
157 -5.0 -19.0 -41.0 0.00759741779166 0
158 -5.0 -21.0 -41.0 0.00704271112935 0
159 -5.0 -15.0 -43.0 0.00359585166205 0
160 -3.0 -13.0 -43.0 0.0131124794058 0
161 -5.0 -13.0 -43.0 0.00398894189542 0
162 -7.0 -17.0 -41.0 0.0320476692045 0
163 -3.0 -11.0 -31.0 0.00547979903623 0
164 -1.0 -11.0 -31.0 0.00493939466312 0
165 -1.0 -9.0 -31.0 0.00956694848404 0
166 -7.0 -19.0 -37.0 0.014080455921 1
167 -7.0 -21.0 -39.0 0.0149774604606 0
168 -5.0 -21.0 -39.0 0.00721140916287 0
169 -9.0 -17.0 -39.0 0.0199179227636 0
170 -3.0 -7.0 -29.0 0.0116614594775 0
171 -9.0 -17.0 -35.0 0.0051594727044 1
172 -9.0 -17.0 -37.0 0.0162006489335 0
173 -9.0 -21.0 -39.0 0.0110409235264 0
174 -7.0 -19.0 -35.0 0.0124696896747 0
175 -5.0 -19.0 -35.0 0.0116855210401 0
176 -11.0 -17.0 -37.0 0.00681247435405 0
177 -11.0 -17.0 -39.0 0.00634751721108 0
178 -11.0 -19.0 -39.0 0.0306573275848 0
179 -5.0 -7.0 -29.0 0.0186406415679 0
180 -11.0 -15.0 -33.0 0.00553249120746 1
181 -9.0 -15.0 -35.0 0.0107223438185 0
182 -11.0 -21.0 -39.0 0.00496979825703 0
183 -5.0 -19.0 -33.0 0.015723530907 0
184 -7.0 -9.0 -29.0 0.00840849631883 0
185 -9.0 -13.0 -31.0 0.0112920321216 0
186 -9.0 -13.0 -33.0 0.00541460259177 0
187 -11.0 -13.0 -33.0 0.00302272131032 0
188 -9.0 -15.0 -31.0 0.0114102913434 1
189 -5.0 -19.0 -31.0 0.00452870719239 0
190 -5.0 -17.0 -31.0 0.0161738881212 0
191 -7.0 -17.0 -31.0 0.0131126814754 0
192 -9.0 -9.0 -29.0 0.00868266610054 0
193 -9.0 -11.0 -31.0 0.0330214759473 0
194 -7.0 -15.0 -29.0 0.0348886693643 0
195 -7.0 -13.0 -29.0 0.00547648480866 0
196 -7.0 -13.0 -31.0 0.010081641833 0
197 -7.0 -15.0 -31.0 0.00788694867816 0
198 -9.0 -15.0 -29.0 0.0151920420695 1
199 -7.0 -17.0 -29.0 0.00220737313917 0
200 -5.0 -17.0 -29.0 0.0172362167688 0
201 -5.0 -15.0 -29.0 0.00739513917002 0
202 -5.0 -15.0 -27.0 0.0102484431021 0
203 -9.0 -15.0 -27.0 0.00749524180054 1
204 -7.0 -15.0 -27.0 0.142796991015 0
