0 1.0 -1.0 -1.0 0.00991535245686 1
1 1.0 -1.0 -3.0 0.0104816924076 1
2 3.0 -3.0 -3.0 0.00426730271496 0
3 3.0 -3.0 -5.0 0.0077298559723 1
4 5.0 -5.0 -7.0 0.0100567989512 1
5 5.0 -5.0 -9.0 0.00436767607011 0
6 5.0 -7.0 -9.0 0.00295578409544 0
7 7.0 -7.0 -9.0 0.00711156341923 1
8 7.0 -7.0 -11.0 0.00572350059124 0
9 9.0 -9.0 -11.0 0.0156502481877 1
10 11.0 -9.0 -11.0 0.00412065853771 1
11 11.0 -11.0 -11.0 0.00384703512119 0
12 13.0 -11.0 -11.0 0.00691008391557 1
13 15.0 -11.0 -11.0 0.00763243666429 1
14 17.0 -11.0 -11.0 0.0045831234415 1
15 19.0 -11.0 -11.0 0.01242562729 1
16 21.0 -11.0 -11.0 0.0107593251606 1
17 23.0 -11.0 -9.0 0.011291743061 0
18 23.0 -9.0 -9.0 0.00688374804245 1
19 23.0 -11.0 -7.0 0.00559992541835 0
20 23.0 -7.0 -11.0 0.0191132683283 1
21 23.0 -5.0 -11.0 0.00633450610149 1
22 23.0 -5.0 -13.0 0.00285125606021 0
23 21.0 -5.0 -13.0 0.0133536059028 0
24 21.0 -3.0 -13.0 0.0169056395593 0
25 23.0 -3.0 -13.0 0.00784887507764 0
26 23.0 -3.0 -11.0 0.00811263435498 1
27 21.0 -5.0 -15.0 0.0171819556503 0
28 21.0 -1.0 -13.0 0.05682807251 0
29 23.0 -1.0 -11.0 0.00723383674132 0
30 23.0 -1.0 -9.0 0.00962072752575 1
31 19.0 -7.0 -17.0 0.0202759286866 0
32 21.0 -7.0 -17.0 0.002198437996 0
33 21.0 -5.0 -17.0 0.00263809703916 0
34 21.0 1.0 -13.0 0.00731558755849 0
35 23.0 -1.0 -7.0 0.00251296961368 1
36 23.0 1.0 -7.0 0.00673384508303 0
37 17.0 -9.0 -17.0 0.00918489920051 0
38 21.0 3.0 -13.0 0.0265269395555 0
39 21.0 3.0 -11.0 0.0101452177541 0
40 23.0 1.0 -5.0 0.0128591617634 1
41 15.0 -7.0 -15.0 0.016133705276 0
42 15.0 -9.0 -15.0 0.0056691842501 0
43 21.0 5.0 -11.0 0.00854074970733 0
44 19.0 5.0 -9.0 0.00216561319337 0
45 23.0 1.0 -3.0 0.00704552537187 1
46 15.0 -7.0 -13.0 0.0169002208994 0
47 19.0 7.0 -9.0 0.0109114935582 0
48 17.0 7.0 -7.0 0.00846347990018 0
49 17.0 5.0 -7.0 0.00306130689755 0
50 21.0 1.0 -1.0 0.00924065021584 1
51 13.0 -5.0 -11.0 0.00280387621349 0
52 15.0 -5.0 -11.0 0.00168965270286 0
53 15.0 -7.0 -11.0 0.00856460733759 0
54 15.0 5.0 -5.0 0.0141227009308 0
55 21.0 1.0 1.0 0.0825217344464 1
56 13.0 -5.0 -9.0 0.00733897491633 0
57 15.0 3.0 -3.0 0.00175024139949 0
58 13.0 3.0 -3.0 0.00817014882892 0
59 23.0 1.0 3.0 0.00509519537441 1
60 23.0 -1.0 3.0 0.0107559180345 0
61 13.0 -3.0 -7.0 0.0100650181407 0
62 13.0 -5.0 -7.0 0.00321967838128 0
63 13.0 3.0 -1.0 0.00414067245664 0
64 13.0 1.0 -1.0 0.00618468409464 0
65 11.0 1.0 -1.0 0.00218894055589 0
66 23.0 -1.0 5.0 0.00303848868892 0
67 25.0 -1.0 5.0 0.00590648046516 1
68 25.0 -3.0 5.0 0.0114778114396 0
69 11.0 -3.0 -5.0 0.00316210084631 0
70 13.0 -3.0 -5.0 0.00478607489782 0
71 11.0 1.0 1.0 0.00755941642234 0
72 11.0 -1.0 1.0 0.00867395251006 0
73 11.0 -1.0 -1.0 0.0057081975036 0
74 27.0 -3.0 7.0 0.00907458306507 1
75 11.0 -3.0 -3.0 0.00776041128559 0
76 11.0 1.0 3.0 0.00726932667308 0
77 11.0 -1.0 3.0 0.0101948349395 0
78 29.0 -3.0 7.0 0.00147913828079 0
79 29.0 -1.0 9.0 0.0096035632292 1
80 9.0 1.0 5.0 0.00616755009788 0
81 9.0 -1.0 5.0 0.00336293156841 0
82 11.0 -1.0 5.0 0.00650607748881 0
83 31.0 -1.0 9.0 0.00173524970974 0
84 31.0 -1.0 11.0 0.0103035876278 1
85 9.0 -1.0 7.0 0.0240559054489 0
86 33.0 -1.0 13.0 0.0110281391042 1
87 9.0 -1.0 9.0 0.0237158436447 0
88 11.0 -1.0 9.0 0.0121612109122 0
89 7.0 -1.0 9.0 0.0166155711702 0
90 7.0 -3.0 9.0 0.0885361168673 0
91 9.0 -3.0 9.0 0.0360657137862 0
92 33.0 -1.0 15.0 0.00427126834297 1
93 11.0 -1.0 11.0 0.0428148781822 0
94 9.0 1.0 11.0 0.00760624820581 0
95 9.0 -1.0 11.0 0.00525048355926 0
96 7.0 -5.0 9.0 0.00456515233836 0
97 9.0 -5.0 9.0 0.0799217406042 0
98 33.0 1.0 17.0 0.00856416958279 0
99 31.0 1.0 17.0 0.0127044224886 1
100 11.0 -1.0 13.0 0.00931173679205 0
101 11.0 -3.0 13.0 0.00528168059613 0
102 9.0 1.0 13.0 0.0130259539916 0
103 31.0 1.0 19.0 0.00698768007809 1
104 11.0 -3.0 15.0 0.0151239367222 0
105 11.0 1.0 15.0 0.00407535802769 0
106 11.0 3.0 15.0 0.00768907074006 0
107 31.0 1.0 21.0 0.0048528830413 1
108 29.0 1.0 21.0 0.00600555681327 0
109 11.0 -3.0 17.0 0.013011936905 0
110 11.0 -5.0 17.0 0.00385885050642 0
111 13.0 3.0 15.0 0.00745682567024 0
112 13.0 5.0 17.0 0.00764016262121 0
113 33.0 3.0 23.0 0.0171923585019 0
114 29.0 1.0 23.0 0.0117545053119 1
115 11.0 -5.0 19.0 0.0209961686383 0
116 15.0 5.0 17.0 0.0065550467409 0
117 15.0 7.0 17.0 0.00704172668633 0
118 35.0 1.0 23.0 0.0117548804328 0
119 33.0 5.0 23.0 0.00399087854402 0
120 31.0 5.0 23.0 0.0033766570136 0
121 29.0 -1.0 25.0 0.0102030956013 1
122 13.0 -5.0 21.0 0.00416361906574 0
123 13.0 -7.0 21.0 0.0155187750499 0
124 17.0 7.0 19.0 0.00270990485852 0
125 17.0 9.0 19.0 0.00502712232906 0
126 35.0 -1.0 23.0 0.0108150129446 0
127 31.0 7.0 23.0 0.0141633276436 0
128 29.0 7.0 23.0 0.00729820899732 0
129 31.0 -3.0 25.0 0.0108211467078 0
130 31.0 -3.0 27.0 0.0114498000992 1
131 29.0 -3.0 27.0 0.0040489654357 0
132 13.0 -7.0 23.0 0.00101812328889 0
133 15.0 -7.0 23.0 0.00479351515147 0
134 15.0 -9.0 23.0 0.00649315711263 0
135 19.0 9.0 19.0 0.00790732832686 0
136 19.0 11.0 19.0 0.0141522421938 0
137 35.0 -3.0 23.0 0.00550813794527 0
138 29.0 9.0 21.0 0.00352056807278 0
139 27.0 9.0 21.0 0.00640464424376 0
140 33.0 -5.0 23.0 0.0043008315871 0
141 29.0 -5.0 29.0 0.00210054423543 0
142 31.0 -5.0 29.0 0.0084314519321 0
143 33.0 -5.0 29.0 0.0020129404066 1
144 17.0 -9.0 23.0 0.00685666925991 0
145 21.0 11.0 19.0 0.0080237921705 0
146 35.0 -5.0 23.0 0.00176333362169 0
147 25.0 9.0 21.0 0.0123525967096 0
148 33.0 -7.0 23.0 0.0224760068537 0
149 33.0 -5.0 31.0 0.00989059632699 1
150 35.0 -5.0 31.0 0.0135513920257 0
151 19.0 -11.0 23.0 0.0166426909828 0
152 23.0 9.0 21.0 0.011560052521 0
153 31.0 -9.0 23.0 0.00697077915332 0
154 35.0 -5.0 33.0 0.0078469676093 0
155 35.0 -3.0 33.0 0.00709261229179 1
156 37.0 -3.0 33.0 0.00451512433678 0
157 21.0 -11.0 23.0 0.00101793911309 0
158 21.0 -13.0 23.0 0.00752443310601 0
159 29.0 -11.0 23.0 0.0138236147423 0
160 31.0 -11.0 23.0 0.00730906535661 0
161 35.0 -3.0 35.0 0.0117650260532 1
162 35.0 -1.0 35.0 0.00183070562711 0
163 23.0 -13.0 23.0 0.00148187556027 0
164 23.0 -13.0 21.0 0.00445349407341 0
165 27.0 -13.0 21.0 0.0492031477634 0
166 27.0 -13.0 23.0 0.00420604497196 0
167 29.0 -13.0 23.0 0.0121543761579 0
168 33.0 -1.0 37.0 0.00952405233308 1
169 25.0 -13.0 21.0 0.0096117877795 0
170 31.0 -1.0 37.0 0.0139020665254 0
171 31.0 -1.0 39.0 0.00848565971728 1
172 31.0 -1.0 41.0 0.00507609640409 0
173 29.0 1.0 41.0 0.00803552390205 1
174 27.0 1.0 41.0 0.0141598627021 1
175 25.0 1.0 41.0 0.0112778398533 1
176 23.0 1.0 41.0 0.00518755924485 1
177 23.0 1.0 39.0 0.00738836494128 0
178 21.0 1.0 39.0 0.00458744839032 1
179 21.0 1.0 37.0 0.00793884025222 0
180 19.0 1.0 37.0 0.00723737599794 1
181 19.0 3.0 39.0 0.0814972566483 0
182 19.0 3.0 37.0 0.0131607791213 0
183 17.0 -1.0 37.0 0.0101682302206 0
184 17.0 -1.0 35.0 0.0689831553808 1
185 17.0 1.0 35.0 0.0121883427814 0
186 17.0 1.0 37.0 0.0243643526199 0
187 17.0 3.0 37.0 0.0132813019078 0
188 17.0 3.0 39.0 0.108682877917 0
189 17.0 -3.0 33.0 0.010414699215 0
190 15.0 -3.0 33.0 0.00437052311884 1
191 15.0 -1.0 33.0 0.0351064600645 0
192 15.0 -3.0 31.0 0.0142314481428 1
193 15.0 -1.0 31.0 0.0179510089904 0
194 15.0 -5.0 31.0 0.00495716539601 0
195 13.0 -1.0 31.0 0.00502026642689 0
196 15.0 -1.0 29.0 0.00985719464141 0
197 13.0 -1.0 29.0 0.0903156655245 0
198 13.0 -3.0 29.0 0.01287240969 1
199 13.0 -5.0 29.0 0.00479122957949 0
200 13.0 -1.0 27.0 0.0064000857816 0
201 13.0 -3.0 27.0 0.00819914522374 1
