0 1.0 1.0 1.0 0.0102452306218
2 1.0 3.0 3.0 0.00515360674197
5 3.0 5.0 5.0 0.00289420585762
7 3.0 7.0 7.0 0.00811357002246
9 3.0 9.0 9.0 0.00780521403246
11 3.0 11.0 11.0 0.0137401391293
13 1.0 13.0 13.0 0.0147324959145
14 -1.0 15.0 13.0 0.00654995727498
15 -3.0 15.0 13.0 0.00467931621483
18 -5.0 17.0 15.0 0.0198768304761
19 -7.0 17.0 15.0 0.00301352751519
21 -9.0 17.0 17.0 0.00967686157032
22 -11.0 19.0 17.0 0.00719296973728
24 -13.0 17.0 15.0 0.00904852715674
25 -15.0 17.0 15.0 0.0074462834017
26 -17.0 17.0 15.0 0.0198450029747
27 -19.0 17.0 15.0 0.00630924907311
28 -21.0 15.0 15.0 0.0182632655584
30 -23.0 13.0 13.0 0.00565196845375
31 -23.0 11.0 13.0 0.00339060010293
33 -25.0 9.0 13.0 0.0115341451653
35 -23.0 7.0 13.0 0.00317386848113
37 -21.0 5.0 13.0 0.0136795305699
38 -19.0 3.0 13.0 0.0171087979235
39 -17.0 3.0 13.0 0.00869445143033
40 -15.0 1.0 13.0 0.0144743894912
41 -13.0 1.0 13.0 0.00615803463472
42 -11.0 1.0 13.0 0.00649415128518
44 -9.0 -1.0 13.0 0.0115382391928
45 -7.0 1.0 13.0 0.00868358327312
46 -5.0 1.0 13.0 0.00685169944905
48 -3.0 1.0 15.0 0.00215946627966
51 -1.0 3.0 17.0 0.00402102857489
53 1.0 3.0 19.0 0.00608936396164
55 3.0 3.0 21.0 0.0065386755007
56 5.0 5.0 23.0 0.020378357251
57 7.0 5.0 23.0 0.00958630570637
58 9.0 7.0 25.0 0.0120896190235
59 11.0 9.0 25.0 0.0129436780614
60 11.0 11.0 25.0 0.00160373123256
62 13.0 13.0 27.0 0.0103653971361
63 13.0 15.0 27.0 0.0148060836338
64 13.0 17.0 27.0 0.00640590452691
65 13.0 19.0 27.0 0.0089930574183
66 13.0 21.0 27.0 0.0098535153079
67 13.0 23.0 27.0 0.0124141625934
68 11.0 25.0 27.0 0.0089159639181
69 11.0 27.0 27.0 0.00610066729116
70 11.0 29.0 27.0 0.00548298291706
72 9.0 31.0 27.0 0.00398548118106
74 7.0 33.0 27.0 0.00323920945817
76 5.0 35.0 27.0 0.00761599573184
77 3.0 35.0 27.0 0.00921827301453
78 1.0 37.0 27.0 0.0164475125472
79 -1.0 37.0 27.0 0.00980110768077
80 -3.0 37.0 27.0 0.0234547074272
82 -5.0 35.0 25.0 0.0115454025189
84 -7.0 33.0 23.0 0.0165533877344
85 -7.0 33.0 21.0 0.00764355817881
86 -7.0 33.0 19.0 0.0107992223821
88 -9.0 31.0 17.0 0.0104676981989
89 -9.0 31.0 15.0 0.00906708936455
90 -9.0 29.0 13.0 0.00951316626969
91 -9.0 29.0 11.0 0.00918886275708
92 -9.0 29.0 9.0 0.0118187877092
93 -9.0 29.0 7.0 0.0152465080399
94 -9.0 29.0 5.0 0.00708388644285
95 -9.0 29.0 3.0 0.00681538816951
96 -9.0 29.0 1.0 0.0332570763068
97 -9.0 29.0 -1.0 0.0107154894078
98 -9.0 29.0 -3.0 0.00700315777943
99 -9.0 29.0 -5.0 0.00321208212844
101 -7.0 29.0 -7.0 0.00989114980636
102 -7.0 29.0 -9.0 0.00929453242772
103 -7.0 29.0 -11.0 0.0146181006114
104 -7.0 31.0 -13.0 0.00453290743396
105 -7.0 31.0 -15.0 0.00917779225378
108 -9.0 33.0 -17.0 0.0072889262909
109 -9.0 33.0 -19.0 0.011291423834
110 -9.0 33.0 -21.0 0.0023915999628
112 -9.0 35.0 -23.0 0.012067453202
113 -9.0 35.0 -25.0 0.00342569784063
115 -11.0 35.0 -27.0 0.01492555966
117 -11.0 33.0 -29.0 0.00406069961198
118 -11.0 31.0 -29.0 0.00717958032158
119 -13.0 29.0 -31.0 0.0137235841534
121 -13.0 27.0 -31.0 0.0027690338023
124 -11.0 25.0 -33.0 0.00572211583071
126 -9.0 23.0 -35.0 0.00305320140097
128 -7.0 21.0 -37.0 0.0122032004271
129 -5.0 21.0 -37.0 0.00641080100863
131 -3.0 19.0 -37.0 0.0106797900958
132 -1.0 19.0 -37.0 0.00503219437213
134 1.0 21.0 -37.0 0.01189145554
135 3.0 21.0 -37.0 0.00369604433706
137 5.0 23.0 -37.0 0.0075421527029
138 7.0 25.0 -37.0 0.0105811569028
140 9.0 25.0 -37.0 0.00396645350973
141 11.0 25.0 -35.0 0.0189933273214
142 13.0 27.0 -33.0 0.00842812322945
143 15.0 27.0 -33.0 0.0182269589955
145 17.0 29.0 -31.0 0.00282192646289
147 19.0 31.0 -31.0 0.00322286361891
149 21.0 33.0 -29.0 0.0109933813005
151 21.0 35.0 -27.0 0.00928271863256
152 21.0 37.0 -25.0 0.0121109859532
153 19.0 39.0 -25.0 0.00924094863164
156 17.0 41.0 -23.0 0.00897747431029
157 17.0 43.0 -23.0 0.0024728872322
160 15.0 45.0 -21.0 0.00942129853941
162 15.0 47.0 -19.0 0.00897669693775
164 13.0 49.0 -17.0 0.00677457683111
165 13.0 51.0 -17.0 0.0088205801045
166 13.0 53.0 -17.0 0.00680552783194
167 13.0 55.0 -17.0 0.0066856737605
168 11.0 57.0 -17.0 0.0120358571118
169 9.0 57.0 -17.0 0.0410703352802
170 7.0 57.0 -17.0 0.0195633674238
172 5.0 55.0 -15.0 0.0134322487852
174 3.0 53.0 -13.0 0.015147464614
175 3.0 51.0 -11.0 0.00666995941485
176 3.0 49.0 -9.0 0.0256672668428
178 5.0 47.0 -9.0 0.00622256418203
179 7.0 47.0 -9.0 0.0141126064976
180 9.0 47.0 -9.0 0.00465820118864
182 11.0 49.0 -9.0 0.0134263637238
183 13.0 51.0 -9.0 0.0103311514087
184 15.0 51.0 -9.0 0.0155307654553
185 17.0 53.0 -9.0 0.0106709503174
187 19.0 55.0 -9.0 0.0132085163363
190 19.0 57.0 -9.0 0.0177968525596
193 19.0 59.0 -11.0 0.0275775418488
197 21.0 61.0 -11.0 0.0217265518726
202 21.0 63.0 -13.0 0.0297854019868
210 23.0 61.0 -15.0 0.0476557953212
213 25.0 61.0 -17.0 0.0161018790067
216 27.0 63.0 -19.0 0.00502061465065
