0 1.0 -1.0 -1.0 0.00524238371872
1 3.0 1.0 -1.0 0.00619223532237
2 5.0 1.0 -1.0 0.00782767435037
3 7.0 3.0 -1.0 0.0136024339331
4 9.0 5.0 -1.0 0.018098045415
5 9.0 7.0 -1.0 0.00547596987361
7 11.0 9.0 -1.0 0.00720909825138
8 11.0 11.0 -1.0 0.0123351807162
9 13.0 13.0 -1.0 0.00935033434136
10 13.0 15.0 -1.0 0.00269228600857
13 11.0 17.0 -3.0 0.00485204896157
15 9.0 19.0 -5.0 0.0047486524729
16 9.0 21.0 -5.0 0.00711283250302
17 9.0 23.0 -5.0 0.0109695844869
19 7.0 25.0 -7.0 0.0205501186895
21 5.0 27.0 -7.0 0.00447104691809
24 3.0 29.0 -9.0 0.00980410559335
26 1.0 31.0 -9.0 0.0248559620976
28 -1.0 33.0 -11.0 0.00646212774802
29 -3.0 33.0 -11.0 0.0307982040559
30 -5.0 33.0 -11.0 0.00487156914011
31 -7.0 33.0 -11.0 0.00648796154567
32 -9.0 33.0 -11.0 0.00550456762
33 -11.0 33.0 -11.0 0.0130307720823
34 -13.0 33.0 -11.0 0.00198592689812
36 -15.0 31.0 -11.0 0.00713971349876
37 -17.0 31.0 -11.0 0.00475803966883
39 -19.0 29.0 -11.0 0.0118712149585
40 -21.0 29.0 -11.0 0.00544316685445
42 -23.0 27.0 -11.0 0.0707230339609
43 -25.0 25.0 -11.0 0.00272301253428
46 -27.0 23.0 -9.0 0.00947449197649
48 -29.0 21.0 -9.0 0.0119844046164
49 -29.0 19.0 -9.0 0.00234409344966
51 -31.0 17.0 -9.0 0.00713284510462
52 -31.0 15.0 -9.0 0.0117915674476
53 -31.0 13.0 -9.0 0.00728149819997
54 -31.0 11.0 -9.0 0.00544130851673
56 -29.0 9.0 -11.0 0.014830884051
57 -27.0 7.0 -11.0 0.00828612771995
59 -25.0 5.0 -13.0 0.00383246654722
60 -25.0 3.0 -13.0 0.00496713955283
62 -23.0 1.0 -15.0 0.0170105384319
63 -21.0 1.0 -17.0 0.00956696443813
65 -19.0 1.0 -19.0 0.00971269620282
66 -17.0 1.0 -21.0 0.00281171720881
68 -15.0 3.0 -23.0 0.00727136146374
69 -15.0 3.0 -25.0 0.0107051812231
71 -13.0 5.0 -27.0 0.0108392880681
73 -13.0 7.0 -29.0 0.0247913973383
74 -13.0 9.0 -31.0 0.0146485785637
75 -13.0 11.0 -31.0 0.00440194159197
77 -13.0 13.0 -33.0 0.00874223415524
78 -13.0 15.0 -33.0 0.00768646140042
79 -13.0 17.0 -31.0 0.00388782968038
80 -13.0 19.0 -31.0 0.00769228178047
81 -13.0 21.0 -31.0 0.01133896933
82 -13.0 23.0 -31.0 0.03323156431
83 -13.0 25.0 -31.0 0.0581214939292
84 -13.0 27.0 -31.0 0.00776632864438
86 -15.0 29.0 -31.0 0.0106629647237
88 -17.0 31.0 -31.0 0.00547831748354
91 -19.0 33.0 -29.0 0.00310887458616
93 -21.0 35.0 -29.0 0.00548669271064
94 -23.0 35.0 -29.0 0.00712583871867
96 -25.0 37.0 -29.0 0.00857492960093
97 -27.0 37.0 -29.0 0.0128287069735
99 -29.0 39.0 -31.0 0.0112766231589
100 -29.0 39.0 -33.0 0.0120204409393
102 -31.0 39.0 -35.0 0.00779231523638
103 -31.0 39.0 -37.0 0.00768891512437
104 -31.0 41.0 -39.0 0.00700770053371
105 -31.0 41.0 -41.0 0.0083869944738
106 -31.0 41.0 -43.0 0.0107539322736
107 -31.0 41.0 -45.0 0.0492257622156
108 -31.0 41.0 -47.0 0.0571456560446
109 -31.0 41.0 -49.0 0.00393939041744
111 -33.0 39.0 -51.0 0.010439377243
112 -33.0 39.0 -53.0 0.00286704811893
115 -33.0 37.0 -55.0 0.00125548854925
116 -33.0 35.0 -57.0 0.0116596986513
117 -31.0 35.0 -59.0 0.00845087060644
119 -29.0 37.0 -61.0 0.0267032352182
121 -27.0 39.0 -63.0 0.00623844263175
122 -27.0 41.0 -63.0 0.0203779697853
123 -27.0 43.0 -63.0 0.00991306924187
124 -29.0 45.0 -65.0 0.0183415617559
126 -31.0 47.0 -67.0 0.0150344226043
127 -33.0 49.0 -67.0 0.00813960230067
128 -35.0 49.0 -67.0 0.00500814434963
130 -37.0 51.0 -67.0 0.00768052446893
131 -39.0 51.0 -67.0 0.00344529214874
133 -41.0 49.0 -69.0 0.00682076975418
135 -43.0 47.0 -69.0 0.0132642710187
136 -43.0 45.0 -69.0 0.00646412188622
137 -43.0 43.0 -69.0 0.00304651019492
139 -41.0 41.0 -69.0 0.0147070475478
141 -39.0 39.0 -69.0 0.0461872879827
143 -37.0 39.0 -69.0 0.00704048259583
144 -35.0 39.0 -69.0 0.0108990033798
146 -33.0 41.0 -69.0 0.00443795664396
147 -33.0 43.0 -69.0 0.00521476971347
149 -33.0 45.0 -71.0 0.0136234137525
152 -31.0 47.0 -73.0 0.00707227155809
155 -33.0 49.0 -75.0 0.0084549161987
156 -35.0 49.0 -75.0 0.00660493435227
158 -37.0 49.0 -77.0 0.0032120346746
160 -39.0 47.0 -79.0 0.0126386397687
161 -39.0 47.0 -81.0 0.0128183965797
162 -39.0 45.0 -83.0 0.012059264247
164 -39.0 43.0 -85.0 0.035731292539
166 -37.0 41.0 -87.0 0.027210731141
167 -37.0 43.0 -89.0 0.0210236631562
169 -39.0 45.0 -91.0 0.00788690805852
170 -39.0 45.0 -93.0 0.0152411670894
172 -41.0 47.0 -95.0 0.00385996146966
173 -41.0 47.0 -97.0 0.0103741634931
176 -43.0 49.0 -99.0 0.00424579795221
178 -45.0 51.0 -101.0 0.0160340246136
179 -47.0 51.0 -101.0 0.00283319731618
181 -49.0 53.0 -103.0 0.00372642681698
183 -51.0 51.0 -103.0 0.0148823241385
185 -53.0 49.0 -105.0 0.145251065819
188 -51.0 47.0 -107.0 0.00243540874497
191 -49.0 45.0 -109.0 0.00804767314848
192 -49.0 45.0 -111.0 0.119976463697
194 -49.0 45.0 -113.0 0.0747198205166
197 -47.0 43.0 -115.0 0.00421059306084
