0 -1.0 1.0 1.0 0.00957605148298 0
1 -1.0 3.0 1.0 0.00653433835644 0
2 -3.0 3.0 1.0 0.00330901286268 0
3 -3.0 5.0 1.0 0.00360723010756 0
4 -5.0 5.0 1.0 0.0053434457979 0
5 -5.0 5.0 3.0 0.00514828259505 0
6 -5.0 7.0 3.0 0.00207204585744 0
7 -7.0 7.0 3.0 0.0624182682921 0
8 -9.0 7.0 3.0 0.010201808485 0
9 -9.0 7.0 5.0 0.0132858368237 0
10 -11.0 9.0 5.0 0.0196318997489 0
11 -13.0 9.0 5.0 0.00358407297974 0
12 -13.0 9.0 7.0 0.00759488572334 0
13 -15.0 9.0 7.0 0.0157748938854 0
14 -17.0 9.0 9.0 0.0172094925185 0
15 -19.0 9.0 9.0 0.00790657063503 0
16 -19.0 9.0 11.0 0.00756022240464 0
17 -21.0 9.0 11.0 0.00574272570222 0
18 -21.0 9.0 13.0 0.0114727923435 0
19 -21.0 9.0 15.0 0.00470567730243 0
20 -23.0 9.0 15.0 0.00740970529226 0
21 -23.0 7.0 17.0 0.0108668013228 0
22 -25.0 7.0 19.0 0.0194306344132 0
23 -25.0 5.0 19.0 0.00999496043463 0
24 -25.0 5.0 21.0 0.00369503532845 1
25 -27.0 5.0 21.0 0.00616273254682 1
26 -23.0 5.0 21.0 0.00615289797641 1
27 -27.0 5.0 19.0 0.00715315619611 0
28 -27.0 5.0 17.0 0.00375934314696 0
29 -27.0 3.0 23.0 0.0250395594782 0
30 -29.0 5.0 19.0 0.00814220550904 1
31 -29.0 7.0 19.0 0.011793600806 0
32 -21.0 5.0 23.0 0.00711775696433 1
33 -21.0 5.0 21.0 0.0107909695936 0
34 -29.0 5.0 17.0 0.0128706964307 0
35 -29.0 1.0 23.0 0.00667610297954 0
36 -29.0 1.0 25.0 0.0063496847312 0
37 -31.0 5.0 17.0 0.00562149445153 0
38 -31.0 7.0 17.0 0.00546297784496 0
39 -31.0 7.0 19.0 0.00883935954178 0
40 -31.0 5.0 19.0 0.0187181047712 1
41 -31.0 5.0 21.0 0.00356325150304 0
42 -19.0 5.0 25.0 0.00488267086024 1
43 -19.0 5.0 23.0 0.00700338933613 0
44 -29.0 -1.0 25.0 0.0102954748228 0
45 -31.0 -1.0 21.0 0.00750074733161 0
46 -31.0 -1.0 23.0 0.0161601304312 0
47 -33.0 7.0 17.0 0.0796790007199 0
48 -33.0 5.0 21.0 0.0134881199033 1
49 -17.0 3.0 27.0 0.00191756481855 1
50 -17.0 5.0 25.0 0.00912833262334 0
51 -29.0 -3.0 27.0 0.00918798519121 0
52 -31.0 -3.0 27.0 0.00334536122091 0
53 -31.0 -3.0 23.0 0.0121998680589 0
54 -33.0 -3.0 19.0 0.0139716301837 0
55 -31.0 -3.0 19.0 0.0287524977933 0
56 -29.0 -1.0 19.0 0.0255484091712 0
57 -29.0 1.0 19.0 0.025555648085 0
58 -31.0 1.0 19.0 0.060029929182 0
59 -31.0 -1.0 19.0 0.0275626424942 0
60 -33.0 -1.0 19.0 0.00985414417771 0
61 -31.0 -3.0 21.0 0.0262197774521 0
62 -33.0 -1.0 23.0 0.00523589356134 0
63 -33.0 -3.0 23.0 0.016784331521 0
64 -33.0 -3.0 25.0 0.140126276059 0
65 -35.0 7.0 17.0 0.0072076747016 0
66 -35.0 3.0 21.0 0.0207898463418 1
67 -15.0 3.0 29.0 0.00453926392139 1
68 -15.0 3.0 27.0 0.0239254146669 0
69 -29.0 -5.0 29.0 0.0124970242598 0
70 -33.0 -5.0 25.0 0.00765003906221 0
71 -35.0 -3.0 21.0 0.0128524412973 0
72 -31.0 -1.0 17.0 0.00586643839709 0
73 -29.0 -1.0 17.0 0.00697995021705 0
74 -27.0 -1.0 19.0 0.00422904614214 0
75 -29.0 1.0 17.0 0.00405449615629 0
76 -37.0 7.0 17.0 0.0160617763604 0
77 -37.0 3.0 21.0 0.00608537270681 1
78 -37.0 1.0 21.0 0.0235567730907 0
79 -13.0 1.0 31.0 0.0102903934394 1
80 -13.0 1.0 29.0 0.0170577699215 0
81 -13.0 3.0 29.0 0.00780938077627 0
82 -29.0 -7.0 31.0 0.0244825163581 0
83 -27.0 -7.0 31.0 0.00405000844401 0
84 -37.0 -1.0 21.0 0.00695572011509 0
85 -37.0 -3.0 21.0 0.00222825318791 0
86 -39.0 7.0 19.0 0.0036883956236 0
87 -39.0 5.0 19.0 0.00842624081081 0
88 -39.0 5.0 21.0 0.00631648485632 1
89 -11.0 1.0 33.0 0.0201881174295 1
90 -27.0 -9.0 31.0 0.00208949906143 0
91 -27.0 -9.0 33.0 0.00391882241413 0
92 -25.0 -9.0 33.0 0.00753297017364 0
93 -41.0 5.0 21.0 0.00978916516762 0
94 -41.0 5.0 23.0 0.0094175437662 1
95 -9.0 -1.0 35.0 0.0118855045272 1
96 -9.0 1.0 35.0 0.0117931861644 0
97 -25.0 -11.0 33.0 0.00332511932743 0
98 -25.0 -11.0 35.0 0.00788348989969 0
99 -23.0 -11.0 35.0 0.0070241775461 0
100 -43.0 5.0 23.0 0.00608632204034 0
101 -43.0 5.0 25.0 0.00592649343225 1
102 -7.0 -3.0 35.0 0.00573259721641 1
103 -7.0 -1.0 35.0 0.0218021677221 0
104 -23.0 -13.0 35.0 0.0143103285232 0
105 -21.0 -13.0 35.0 0.00397784347573 0
106 -45.0 5.0 27.0 0.0156581712611 1
107 -5.0 -5.0 37.0 0.00461796520045 1
108 -5.0 -3.0 37.0 0.00346741171421 0
109 -21.0 -15.0 37.0 0.00620576967832 0
110 -19.0 -15.0 37.0 0.00765502781766 0
111 -47.0 5.0 27.0 0.013188740589 1
112 -5.0 -7.0 37.0 0.0141257314863 1
113 -19.0 -17.0 39.0 0.00269854408728 0
114 -17.0 -17.0 39.0 0.0179362625821 0
115 -49.0 5.0 25.0 0.0145599242613 1
116 -3.0 -9.0 37.0 0.00199384362201 1
117 -5.0 -9.0 37.0 0.00356422059455 0
118 -15.0 -17.0 39.0 0.00375726682325 0
119 -15.0 -19.0 39.0 0.00718051742927 0
120 -49.0 5.0 23.0 0.0142198268942 1
121 -3.0 -11.0 37.0 0.0100863102399 1
122 -13.0 -19.0 39.0 0.0120062438328 0
123 -49.0 5.0 21.0 0.00550927289087 1
124 -49.0 7.0 21.0 0.00453717894299 0
125 -5.0 -13.0 37.0 0.00606648106308 1
126 -3.0 -13.0 37.0 0.00406969239811 0
127 -11.0 -19.0 39.0 0.0250354503065 0
128 -49.0 7.0 19.0 0.00610920587393 0
129 -47.0 7.0 19.0 0.00463905637564 1
130 -5.0 -15.0 37.0 0.0067134589809 0
131 -9.0 -19.0 39.0 0.00718302066701 0
132 -45.0 7.0 19.0 0.00393683093884 0
133 -45.0 9.0 19.0 0.00692805916608 1
134 -7.0 -17.0 39.0 0.037726269304 0
135 -5.0 -17.0 39.0 0.00635302084305 0
136 -5.0 -17.0 37.0 0.0043232000963 0
137 -43.0 9.0 19.0 0.00301013463398 0
138 -43.0 11.0 19.0 0.0322681608004 1
139 -43.0 13.0 19.0 0.00958267706558 1
140 -43.0 15.0 19.0 0.00902707506047 1
141 -43.0 17.0 21.0 0.011470283518 1
142 -45.0 19.0 21.0 0.011422802072 1
143 -45.0 21.0 23.0 0.00475496700965 0
144 -47.0 21.0 23.0 0.0202271875649 1
145 -49.0 21.0 23.0 0.00421235301022 1
146 -49.0 21.0 25.0 0.00339292305217 0
147 -51.0 21.0 25.0 0.00606200187296 0
148 -51.0 19.0 25.0 0.016668731131 1
149 -51.0 17.0 25.0 0.0112367103237 1
150 -51.0 15.0 25.0 0.0136877802656 1
151 -51.0 13.0 25.0 0.0147652017751 0
152 -51.0 13.0 23.0 0.0140829274064 1
153 -51.0 13.0 21.0 0.0180968165938 1
154 -51.0 13.0 19.0 0.00335842668364 1
155 -51.0 11.0 19.0 0.00590188878089 0
156 -51.0 11.0 17.0 0.0089650240838 0
157 -49.0 11.0 17.0 0.0136760554901 1
158 -49.0 11.0 15.0 0.00665506572799 1
159 -49.0 13.0 15.0 0.013531336989 0
160 -49.0 13.0 13.0 0.0142255447801 1
161 -49.0 13.0 11.0 0.0160300903229 1
162 -49.0 13.0 9.0 0.00590739828638 0
163 -47.0 13.0 9.0 0.0107503611141 1
164 -45.0 13.0 9.0 0.016386705288 1
165 -43.0 13.0 9.0 0.016130607909 1
166 -43.0 15.0 9.0 0.00472284202588 0
167 -41.0 15.0 11.0 0.0334300758459 0
168 -41.0 13.0 11.0 0.00925584007194 1
169 -41.0 13.0 13.0 0.00208493653491 1
170 -39.0 13.0 13.0 0.00940465996169 0
171 -39.0 13.0 15.0 0.0185409573778 1
172 -37.0 13.0 15.0 0.00537714464251 0
173 -37.0 13.0 17.0 0.0182752328238 1
174 -37.0 13.0 19.0 0.0131496325107 1
175 -37.0 15.0 19.0 0.0139039690674 0
176 -37.0 15.0 21.0 0.0192525399274 1
177 -37.0 17.0 21.0 0.0115637718313 0
178 -37.0 15.0 23.0 0.0164713638943 1
179 -37.0 15.0 25.0 0.0181340927798 0
180 -37.0 13.0 25.0 0.00879091270285 1
181 -37.0 13.0 27.0 0.0206539523616 0
182 -39.0 13.0 27.0 0.00385782349081 0
183 -37.0 11.0 27.0 0.0286398503007 1
184 -37.0 11.0 29.0 0.0103246477719 0
185 -37.0 9.0 29.0 0.0297675453195 0
186 -35.0 9.0 29.0 0.148321752015 1
