79 -29.247603207 -8.25609204269 14.7113668042 0.0050343250781
78 -29.2513974812 -8.25785997445 14.7092426149 0.0153571160859
77 -29.2453137083 -8.2899044161 14.6888351088 0.0124442412762
76 -29.3099039892 -8.3185392751 14.7307569446 0.00769786884697
75 -29.3347042247 -8.42711142632 14.7129718679 0.0100685631969
74 -29.2234595652 -8.53082053604 14.7620939589 0.00317696835207
73 -29.1161290279 -8.57243945147 14.894776535 0.0210864688197
72 -29.1555199796 -8.84650309225 14.9873169169 0.0161518190299
71 -29.409284366 -8.54228034344 15.0029411619 0.00975587778266
70 -29.5603835132 -8.33200265468 15.3688834636 0.00714160547013
69 -29.4247452385 -8.72584033326 15.1246309198 0.0105791196771
68 -29.6137018312 -8.23105072672 15.1292572563 0.00922061894342
67 -29.0651591718 -8.11956640034 15.0457518712 0.00878555709503
66 -29.3314197163 -7.88964606033 14.5624412725 0.00794990260775
65 -29.7854384445 -7.95385942201 14.1407684044 0.00578163362413
64 -29.3425781452 -7.64050844435 13.8018017117 0.0144975747035
63 -28.7646269805 -7.81987780051 14.1062033671 0.0111155720684
62 -28.6777249634 -8.49604325993 13.938180593 0.00519155339619
61 -28.5914053486 -8.95715053498 14.4758057922 0.0282367193357
60 -28.4032924342 -9.4895503691 14.9875790749 0.00744707877903
59 -28.3567592082 -9.07690833695 15.6399800494 0.0054849357725
58 -28.1192606444 -8.35690040769 15.457588759 0.00706766185516
57 -27.6781366711 -8.12877328956 14.8435015902 0.0109160504437
56 -27.0133797293 -7.77016615265 14.5665370118 0.00563272626979
55 -26.7884343679 -6.99762089175 14.4708408212 0.0121572897732
54 -26.479479531 -6.33395635621 14.0958064796 0.00653016738145
53 -26.3517975779 -5.66764866716 13.6200374743 0.00648700317409
52 -25.8555166966 -5.57596783328 12.9552417854 0.00518566940038
51 -25.4181455934 -5.01956834549 12.5058462946 0.0099737064001
50 -24.6168127143 -4.75098127061 12.5325739318 0.00958540679815
49 -23.8312258029 -5.07986454142 12.4972820907 0.00673234380176
48 -23.2937916143 -5.69762562432 12.2443287968 0.00122767650611
47 -22.6687529493 -6.16248642945 11.884792641 0.00382440166217
46 -22.2840382572 -6.48839965746 12.5827851614 0.00520827534758
45 -22.2982774392 -6.48427526939 13.4474019236 0.00617337908243
44 -22.2941280347 -7.19212638187 12.9460740157 0.005739302438
43 -22.5202134797 -7.29576411521 12.1108431208 0.00361289072821
42 -22.0494871599 -7.37167201513 11.3793968616 0.0029044809338
41 -21.9193225707 -7.98340350457 10.7683507002 0.00411362026676
40 -21.5334536374 -8.63896923098 10.3335786415 0.00859921705484
39 -20.948947439 -8.99802683431 9.78131892238 0.00708395041072
38 -20.1020424725 -9.14812837862 9.57916341527 0.00722500666356
37 -19.9356640933 -9.71463050271 8.91660285874 0.0305054068762
36 -19.5581432075 -10.1687892269 8.23794984593 0.0025612984348
35 -18.846093094 -10.5331557438 7.82511290115 0.00487234649261
34 -17.9783201674 -10.4801825286 7.5860116975 0.00700431358545
33 -17.1703294825 -10.3859999589 7.19120351937 0.00767936545761
32 -16.3630042112 -10.5398082606 6.80819582767 0.00818329683144
31 -15.7020535771 -10.6297327705 6.18977105456 0.0034685280911
30 -14.8952272549 -10.4911801151 5.7915660232 0.0037351557793
29 -14.1459279618 -10.2432148489 5.33555448144 0.00696890673501
28 -13.3439856515 -10.1801981855 4.90263028398 0.00246509687921
27 -13.3036411002 -9.55256202296 4.23866871004 0.00219161655149
26 -13.1252495665 -9.0784535801 3.47626896416 0.00754834692444
25 -12.9871038291 -8.36648571933 2.91505702384 0.00505207269013
24 -12.5877432654 -8.05312139583 2.14933840708 0.00362357207472
23 -12.1072325273 -7.56193306106 1.53856388461 0.00977604310706
22 -11.8645462417 -6.71058049916 1.28316841221 0.00105794409228
21 -11.8919736258 -6.10599665824 0.587406618043 0.0075685810233
20 -11.2877584121 -5.46748329062 0.304677889162 0.00381655060527
19 -11.2060000707 -4.74100885377 0.870727221207 0.00332992627386
18 -10.8752612136 -4.05995376991 1.01987754021 0.00582464370478
17 -10.4638575639 -3.3412818119 1.47705922331 0.004939540455
16 -10.2950346709 -2.44793357218 1.74001125482 0.00495717881209
15 -9.98436029043 -1.57122789926 1.56196066289 0.00257040697675
14 -9.74603639433 -0.951275634072 1.39286694425 0.00579560315337
13 -9.53521126264 -0.0265691041123 1.29388867549 0.00928426887524
12 -9.24207181104 0.871929106264 1.4274925408 0.00598083595477
11 -8.71013090293 1.63174587743 1.65539567841 0.00331634801735
10 -8.01841281572 2.18314256212 2.01653331783 0.00454919268043
9 -7.26215264982 2.76365527117 2.08460278148 0.00560117171573
8 -6.41758360863 3.19745640544 1.97028991152 0.0229828915375
7 -5.57091092093 3.64095857476 1.90089346534 0.00259074929155
6 -4.64240161191 3.86895909585 1.83259523403 0.00193661791409
5 -3.68388817881 3.85689344502 1.81895838427 0.00623715953673
4 -2.8664174187 3.35552721629 1.79822366332 0.00888655357901
3 -2.31334046092 2.61290414909 1.54501269293 0.00399607922416
2 -1.84935711281 1.89143325107 1.11320670598 0.00281043771276
1 -1.15142180333 1.33942083083 0.751587405004 0.00198933408988
0 -0.565757364091 0.696144102552 0.343996774832 0.00106742118774
0 0.461119996619 -0.606339761984 0.629976432024 0.00522702187502
1 1.09448676544 -1.26242081123 1.01122041543 0.00593156859213
2 1.68851236936 -1.92216116128 1.44563093058 0.00633424890077
3 2.25294088504 -2.63560541828 1.8317719975 0.00769069058987
4 2.90400821885 -3.26395365989 2.22903384798 0.0054711378454
5 3.49315187635 -3.92981886892 2.66025814974 0.00393238361812
6 4.01159948509 -4.62593906009 3.13246571393 0.00497408381567
7 4.59027361403 -5.29647014369 3.5703638116 0.00363519445643
8 5.20314083056 -5.9916943431 3.91267574829 0.00196482385131
9 5.71576218313 -6.75031481121 4.28388991501 0.0065589502102
10 6.28176290643 -7.48886272537 4.61573213566 0.00297522464624
11 6.90598931355 -8.16329748095 4.97815554801 0.00498564967569
12 7.60161924486 -8.6577296353 5.47559295918 0.00382546068867
13 8.36704472567 -9.06765667099 5.94654409554 0.00435012155776
14 9.12386168137 -9.4483826675 6.45438629754 0.00450192054071
15 9.89887537768 -9.55015697426 7.05817927311 0.00647225459821
16 10.6927712247 -9.53780987017 7.64553810304 0.00119550353713
17 11.6115388622 -9.50391458077 8.00610962302 0.00421789790158
18 12.4864343784 -9.33619116428 8.43230825557 0.0218826325382
19 13.362864489 -9.15098353376 8.84735568356 0.00749511657296
20 14.2133581327 -8.96430052695 9.31248329838 0.00687237754415
21 15.0885207218 -9.30794408694 9.61299848817 0.00385370256509
22 15.9200623779 -9.63380629749 10.03324251 0.00388474262367
23 16.7661073678 -9.80786243505 10.510831733 0.00361593338074
24 17.6982925783 -9.82439269192 10.8345465916 0.00322243450595
25 18.6466561152 -9.7060866812 11.0806019803 0.00608758659998
26 19.5736141199 -9.51462718758 11.3596692823 0.00396634281933
27 20.5132107645 -9.3006042234 11.5718545427 0.00394251687736
28 21.4545115257 -9.03300410607 11.6979446604 0.00554785463888
29 22.3947344714 -8.78408479306 11.8635862268 0.00604685663506
30 23.2165266192 -8.37385269547 12.2236879963 0.00403188365987
31 23.5817276379 -7.69793691244 11.604751095 0.00845105807688
32 23.967745195 -7.04690131868 10.9721023887 0.00331446655917
33 24.299720963 -6.33913938756 10.3705543429 0.00262394773643
34 24.7782917567 -5.69364478136 9.79852724295 0.00296227655303
35 25.2651223439 -5.02800513254 9.25748005403 0.00457303691962
36 25.606558634 -4.37364539354 8.60327329568 0.00206471306813
37 25.5414178464 -3.54036696058 8.07979775905 0.00256985536194
38 25.486831779 -2.69922465952 7.56789267997 0.00476126738981
39 25.4647417028 -1.9642401936 6.91077298664 0.00733790535836
40 25.3114309218 -1.17135987307 6.3450205791 0.00329451624522
41 25.2227771773 -0.447176486467 5.68176841513 0.00527576580043
42 24.8912248445 0.242407643914 5.06001541209 0.00486301630504
43 24.4966040648 0.900013648803 4.44056474894 0.00422055045707
44 23.9017667514 1.46846678173 3.89765080109 0.00181248855444
45 23.3335625765 2.03743220766 3.32746582144 0.00139496834349
46 22.8827465844 2.62106314963 2.67337218299 0.00847129412666
47 22.3209591899 3.02473376003 1.97128281024 0.00715550442916
48 21.8615448419 3.18313704393 1.11382045271 0.00722556188663
49 21.2691913209 3.47079909716 0.380711196623 0.00432161564432
50 20.8164293021 3.88100502278 -0.392412100445 0.00450285294307
51 20.3149209974 4.40795687813 -1.05692539151 0.00500519130891
52 19.6292686536 4.9056918666 -1.55957669626 0.00692236614532
53 18.9488373269 5.36284707931 -2.10579014684 0.00240489226945
54 18.2363148306 5.79113043089 -2.63411488298 0.00253697306494
55 17.2907906375 5.93675982175 -2.86825761669 0.00184917108358
56 16.3672229173 6.05631915807 -3.18879064543 0.00561607231057
57 15.4393902562 6.2107102618 -3.45384211833 0.00556063860461
58 14.5388863758 6.0667880132 -3.82520413694 0.00353298943351
59 13.6863202999 5.81724018561 -4.24981589831 0.00488105782319
60 12.8688408282 5.45852781799 -4.66493884821 0.0211215313896
61 12.2423043094 5.12567660099 -5.34713316291 0.00496634274687
62 11.6688782598 4.48848786269 -5.83045958903 0.00182629615026
63 10.9000179025 4.01740819618 -6.22449433864 0.00193363010288
64 10.1206102734 3.53898018934 -6.58764232504 0.00397002330895
65 9.38360550974 2.90341108512 -6.73228996041 0.011395510706
66 8.63660986918 2.36566267577 -7.07945685714 0.00433774328318
67 7.91866147163 1.7749341125 -7.40058912895 0.00261175097301
68 7.23361866296 1.20250114944 -7.81352614905 0.0114057181197
69 6.5316216358 0.541052264798 -8.00503316424 0.00560431459481
70 5.98520387445 -0.184877146028 -8.38092707109 0.00531727093511
71 5.55857332769 -1.00782274272 -8.70860258279 0.0044618054169
72 5.39485476348 -1.9322958492 -9.00013156774 0.00652200113231
73 5.40098498558 -2.86473797204 -9.31112420757 0.0028297795089
74 5.39315615632 -3.78876861848 -9.64610029455 0.00246032805923
75 5.3786693041 -4.69857907444 -10.0176624119 0.00416397024052
76 5.76373034597 -5.55192053905 -10.3166100166 0.00463667386825
77 6.17651081309 -6.36439247041 -10.6842797001 0.00159677427484
78 6.60568211506 -7.18130320945 -11.02202655 0.00337761087025
79 7.11163100042 -7.93397543527 -11.4001645144 0.00466697982305
80 7.64684392244 -8.66742307208 -11.7755350951 0.00307367501945
81 8.25925719494 -9.31082570719 -12.1952762688 0.00656292263046
82 8.97053575315 -9.95276049472 -12.4117452198 0.00333965120378
83 9.72667468011 -10.567777882 -12.5330212756 0.00694106519925
84 10.5820657179 -11.0332497702 -12.6597376195 0.00891091663828
85 11.4734326254 -11.4426230835 -12.7034607685 0.00211393703029
86 12.359566865 -11.8610940941 -12.6435196991 0.00270905099892
87 13.3365024108 -11.9546438801 -12.6175727735 0.00426281439009
88 14.2914272106 -11.9044353006 -12.3955958961 0.0097144163406
89 15.2570332269 -11.7312989339 -12.4248072298 0.00402378813957
90 16.1985198924 -11.4565282791 -12.3908679542 0.00220773994838
91 17.1361402662 -11.1756319296 -12.320739094 0.00351733907544
92 18.0769818818 -10.9322337267 -12.1851679913 0.00387005608863
93 18.5083593206 -10.4458259632 -11.4501238997 0.00395443351872
94 19.0722911788 -10.0951683429 -10.7277664505 0.00527156405007
95 19.6090072178 -9.5616172979 -10.1034944758 0.00396352974085
96 19.958849312 -10.1812654942 -9.42824218731 0.00635819250393
97 20.1181924697 -10.8953124303 -8.77497813158 0.00534096642966
98 20.4273351726 -11.5096167275 -8.07579230062 0.00514271357181
99 20.6139153136 -11.9505728142 -7.21994958938 0.00581575585567
100 20.9609851681 -12.1402562194 -6.32269952192 0.00340023859625
101 21.3426522368 -12.2415535243 -5.4252575127 0.00412982185516
102 21.7803713 -12.3711635603 -4.55767348769 0.0136335935398
103 22.3264852531 -12.6448310659 -3.79139519003 0.00682023219566
104 22.909805033 -12.9860256593 -3.08200063687 0.00478684054581
105 23.4698648876 -13.1858047483 -2.30343350776 0.00234844668095
106 24.144098693 -13.3514824163 -1.61242365158 0.00427610701046
107 24.862891283 -13.2342586867 -0.957537438475 0.00512109142501
108 25.5764984416 -12.8307679773 -0.421932822639 0.00402721689288
109 26.3606687255 -12.4526861676 0.0261401886911 0.00436302407132
110 27.1109512666 -11.9260356294 0.369741359408 0.00436181704185
111 27.9152508916 -11.4512401818 0.662589055014 0.00248502934989
112 28.6799219077 -10.8819518184 0.884210387527 0.00456480604639
113 29.4486625163 -10.3815318879 1.2253034257 0.00510721587139
114 30.1984719698 -9.85480172618 1.56850487452 0.00326153073178
115 30.8623465279 -9.19984629799 1.86438708398 0.00503302680116
116 31.6215186811 -8.58802454007 1.94332385047 0.00403984448718
117 32.3075478521 -7.89243224971 1.99003785156 0.00679965047341
118 32.83671056 -7.07584454403 1.89281057993 0.00387562695581
119 33.2051008156 -6.17013595844 1.89829683824 0.00651941353161
120 33.067157494 -5.29744954137 1.47973919077 0.00525650115353
121 32.681238611 -4.48152604963 1.10450914182 0.0043777839451
122 32.5213409339 -3.66388816396 0.593437924744 0.0065846779893
123 32.2387212361 -2.87257236536 0.0946096864575 0.00307576745823
124 31.7986077634 -2.0550859037 -0.209675187807 0.00458087698281
125 31.1875329982 -1.30679781427 -0.354193645916 0.00318110839023
126 30.4940021063 -0.620386723446 -0.397480497703 0.00402705923549
127 29.8676682652 0.128652016429 -0.377211137486 0.00778065509246
128 29.3510799571 0.956591293773 -0.346873533449 0.00440776362936
129 28.6603516888 1.62333017483 -0.523961745459 0.00503266228942
130 28.0119307958 2.34074679474 -0.65636167662 0.00284416637259
131 27.3810887478 3.08458857863 -0.691039917974 0.00414827569105
132 26.8169744816 3.87579530524 -0.601813575289 0.00831118901913
133 26.2022305136 4.60697384651 -0.799619204181 0.00320693742865
134 25.4386441785 5.11542071272 -1.11234448668 0.0184117696544
135 24.5024712144 5.35939493261 -1.21458702564 0.00762268160136
136 23.5593893992 5.40135539797 -0.980804840043 0.00425704324562
137 22.5932667376 5.34126695156 -0.889043318248 0.00420379700542
138 21.6508031833 5.38264302793 -0.65416504878 0.00270171218119
139 20.6801196401 5.40834316126 -0.609973483826 0.00499225432357
140 19.7154537878 5.41980138115 -0.492859466648 0.00693646117042
141 19.0083563904 5.11674182449 0.10070911952 0.00373516120838
142 18.4190294053 4.71927987913 0.763002354372 0.00537763483357
143 18.0367227021 4.18298185267 1.47696185061 0.0267981790919
144 17.7526293096 3.46099746204 2.05912984558 0.00344384975261
145 17.4387824077 2.76537814115 2.65762425353 0.00397439853587
146 17.3769207876 2.04958985495 3.30884421812 0.00199267213086
147 17.5217737297 1.45607529709 4.06182476215 0.00387971660056
148 17.701626452 0.759290719235 4.71131493853 0.00549076104667
149 18.0347541955 -0.00970463756171 5.19776004649 0.00472229865244
150 18.1614762963 -0.649097535543 5.91462323405 0.0015093375701
151 18.1954273394 -1.14914322318 6.74384429289 0.00395628528331
152 18.56176815 -1.98185883803 7.07576317412 0.00261633133478
153 19.0904482242 -2.74979187898 7.33701495393 0.00703647816434
154 19.6504111716 -3.42251934289 7.75020970385 0.0048024439771
155 20.384349945 -3.82429464102 8.23633997117 0.00420284111413
156 21.108440754 -3.85165759802 8.87750768809 0.00491332294585
157 22.0349861919 -3.84196945618 9.15440136909 0.00259562852521
158 22.9683935659 -3.78069117721 9.39923110652 0.00552111389902
159 23.811860399 -3.43148561494 9.71702939473 0.0076937976484
160 24.6113617397 -3.22058327647 10.2170195548 0.0035890784591
161 25.2621511856 -2.88121977253 10.845294909 0.00390003713402
162 25.7451825278 -2.46752007835 11.5723842439 0.00284298159038
163 26.1227419332 -2.4767298504 12.4614618152 0.00675323057327
164 26.3873651205 -2.53529339816 13.3882426866 0.00429547267198
165 26.0403932282 -2.92960038769 14.198031504 0.00214288700253
166 25.7818562464 -3.54327075275 14.8964119422 0.00473111711244
167 25.6774306713 -4.15456379138 15.635378941 0.00461258860573
168 25.6226904079 -4.76320138333 16.3814746623 0.00250541275371
169 25.4890824922 -5.46924198282 17.0243305813 0.00299906272267
170 25.5381353557 -6.0196627925 17.8143383673 0.00979744003131
171 25.7420141367 -6.54447029061 18.5961391149 0.0153710911354
172 26.4881539498 -5.93988355468 18.6520597611 0.00454426690019
173 27.0018597333 -5.1358571524 18.7720824858 0.00329816685517
174 27.499049291 -4.31598339667 18.8420083681 0.00587922591874
175 28.0756383651 -3.65919152081 19.2417678898 0.00399779153671
176 28.7252687721 -2.98610891783 19.4605223723 0.00881161765256
177 29.188551537 -2.15594572024 19.5938129277 0.00532530584004
178 29.662607088 -1.33602552753 19.7479926413 0.00456836973964
179 29.8985096226 -0.419520486384 19.904310891 0.033347368549
180 29.4721569449 0.341184710516 20.2971781516 0.00483599976152
181 29.1217962161 0.964105990999 20.9324161955 0.00409773645468
182 28.8331781788 1.68929142089 21.4840073604 0.00459393739428
183 28.2719030686 2.21099988885 22.0544878518 0.006601467103
184 27.6967685891 2.61151751949 22.7028722501 0.0102534104858
185 26.9745791201 2.89796652726 23.2559503768 0.00592005372812
186 26.3378708169 3.0337143165 23.9522353897 0.00425771054411
187 25.814984519 2.94247145555 24.7436180962 0.00661889872181
188 25.5373375772 2.5757043333 25.5774081584 0.0076076247269
189 25.4069890985 3.28515046713 26.1974613353 0.00547380262746
190 24.7837745877 3.95487584818 26.4547293964 0.00662867403832
191 24.071609498 4.57498714264 26.5541251852 0.0117635361911
192 23.4535230284 5.29013111453 26.4799328959 0.010532120818
193 22.6799512054 5.78168086791 26.7177761511 0.00394222746776
194 21.799467918 6.10979854099 26.8303644412 0.00652609608773
195 20.8875356898 5.98707359444 27.0480236868 0.00681786555502
196 20.3709068547 6.15378721828 26.2743203196 0.00705095009451
197 19.9880082208 6.15659964231 25.4110943309 0.00216427996126
198 19.7663351556 5.79766814314 24.5665884091 0.00212477050483
199 19.6898257035 5.89535015655 23.6309066403 0.00727661911068
200 19.7467510831 6.57505072783 22.98059246 0.008298800461
201 20.0171505606 7.32541500026 22.4812227264 0.00583455449977
202 20.0458549714 7.95384572884 21.7822449377 0.00375037299132
203 20.365426382 8.43706628899 21.0421655097 0.00400753926215
204 20.6680217939 8.74045825733 20.2061961828 0.00335293815416
205 21.143229437 8.8271292523 19.4011955165 0.00283457393271
206 21.6534997722 9.20839254014 18.7124041551 0.00575685769358
207 22.1475201212 9.29953203122 17.9209931475 0.00367062134933
208 22.6922662556 9.61928778692 17.2294294901 0.00638938316795
209 23.0753059291 10.2943367268 16.7075279048 0.00588648846767
210 23.4730898873 11.1130963664 16.4982766251 0.00392730039305
211 23.9910698959 11.8629683758 16.2971859652 0.00257842734265
212 24.2541855647 12.7417469864 16.1279013435 0.0047100075793
213 24.1937490768 13.6654075377 16.0199285371 0.00351891658844
214 24.4357297603 14.5646153414 16.0273205693 0.00195262829652
215 24.7697313148 15.3962688251 15.7755094772 0.00456372006115
216 24.5958829605 16.2058032068 15.3516891526 0.0250449945835
217 24.2073285121 16.5942426612 14.6071112629 0.00973756781305
218 23.8658480178 16.3791634841 13.7766936524 0.00259661424111
219 23.2658576877 16.0307759001 13.1690443838 0.00574772781627
220 22.8535600948 15.7321963127 12.401306859 0.00393705137367
221 22.5073676222 16.0616563552 11.6148916176 0.0427334299249
222 21.7042407727 16.1658750554 11.2051029999 0.00585690198838
223 21.0046385831 15.9260610843 10.6819226718 0.00438983782234
224 20.1842403235 15.7405474411 10.3500400353 0.00320223027712
225 19.8685042179 15.4632555056 9.54972381596 0.00522302204821
226 19.6174925994 14.9991821907 8.81815756699 0.0172877349586
227 19.2110820873 14.224507174 9.00640622393 0.00341584234907
228 18.9620501084 13.3665080174 8.9995190852 0.00382226175696
229 18.8457371083 12.550339569 8.65869619436 0.00406393630156
230 19.0477899742 11.6933048427 8.52748471124 0.00582409428256
231 19.1395804879 10.8722072265 8.20223984366 0.0119545501386
232 19.0627451558 10.0384915349 7.92329101274 0.00227882933224
233 19.1002096516 9.32064457425 7.4126491737 0.0347196139244
234 18.7001426847 8.64537075948 7.05424947586 0.00660234048959
235 18.6844452746 8.4282868129 6.22239410025 0.00544678094566
236 18.3235881241 8.44242946055 5.44613312999 0.00380514124181
237 18.6830185681 9.01682578709 4.92811258689 0.0114506391279
238 19.1556282373 9.71595186749 4.95003807541 0.00971873404898
239 19.2277452808 10.5401686484 5.07418508257 0.00727503934001
240 18.6747080745 10.9777228236 5.51371274483 0.00197777834826
241 18.1539058794 11.2232956837 6.11097419935 0.00901698348663
242 17.4536581749 10.9252014541 6.41847640034 0.00810453516334
243 16.6879217342 11.1625018826 6.28481770878 0.00475261226504
244 16.1558525577 11.3355104568 5.7010206851 0.0046382618646
245 15.4053579078 11.1736919193 5.46601487009 0.00735359451136
246 14.650811947 11.1893669418 5.70483480927 0.00789775457806
247 14.1423702653 11.7220643247 5.96693247321 0.02058482899
248 13.5042287047 12.0764671752 5.78781221715 0.0135881194498
249 13.330504002 12.403127728 5.15900513131 0.00499531748942
250 12.7278071355 12.3022665975 4.77909646582 0.0127903897658
251 12.0903897924 12.5719878747 4.74785421171 0.00823918892186
252 12.2436477201 11.944019667 4.93822813932 0.00735991058913
253 12.8405503395 11.8957640144 5.20427038899 0.00863531356825
254 13.2656611679 12.059411721 4.766720198 0.00877228546342
255 13.6034826456 12.3183271232 5.19590147377 0.00824029176808
256 13.8892122862 12.5550232099 4.75506070964 0.00757712180868
257 14.1786001274 12.9295531527 4.48048697752 0.00842805864456
258 13.6739703632 12.9625989035 4.40121400414 0.0112924333519
259 13.8512456205 12.7730156102 4.78045943911 0.0121109058411
260 13.7323241325 12.5234811918 5.0641721931 0.0106483983097
261 13.983245775 12.3385118917 4.96925485812 0.00478493358789
262 14.2157736549 12.5171320765 5.00777618718 0.00671094349266
263 14.3732202151 12.5735595049 5.20156608184 0.0123286619761
264 14.2274774388 12.5497220897 5.08317977902 0.00760304317536
265 14.3192082557 12.4770690477 4.9872401471 0.0142426554257
266 14.3698810329 12.4569132701 5.05755403358 0.0113496714876
267 14.4148966096 12.4705131072 5.06561536641 0.00519898585109
268 14.4106101073 12.5019688045 5.06117378169 0.00941734798071
269 14.4200653959 12.5060469436 5.06119120376 0.00863527568863
