52 -11.7842162197 7.69001231285 1.31053714093 0.0116439253668
51 -11.7901663153 7.6962703153 1.32435214259 0.00447978358953
50 -11.7839411099 7.67309897716 1.33681875413 0.0128285547203
49 -11.7206229607 7.69515098747 1.34547940697 0.014071155984
48 -11.7669696436 7.80010677341 1.29868312848 0.00684198669672
47 -11.9085414819 7.81153268662 1.2335862082 0.0156742457278
46 -12.1318775963 7.88056651145 1.19015683129 0.0142260767589
45 -12.0654292875 8.14589844797 1.01892271973 0.00773732603943
44 -12.0564104147 8.50061625979 1.13381724267 0.0172546396408
43 -11.9932651267 8.08328948657 0.932464167957 0.0070536218233
42 -11.9996285609 8.37524486411 1.33991929093 0.00674792371424
41 -11.7542463439 8.25205257418 0.885777042858 0.0098760100167
40 -11.4740249019 8.6760328839 0.63026535882 0.0102295472403
39 -11.5421901796 8.78942611252 0.0395600678562 0.0074116957482
38 -11.3779938582 9.11410385766 -0.472467911102 0.0124647591787
37 -11.871587563 9.02141882658 -0.90432072854 0.00739246384291
36 -12.3867451551 9.4091544822 -0.687949750958 0.00897058574317
35 -11.8336854432 9.83739701825 -0.659518978366 0.00672928052963
34 -11.4988336853 9.71568695285 -1.27941462128 0.00511406647701
33 -11.0366648708 9.32524616439 -1.67721094776 0.00318357644938
32 -11.1358540655 9.34153095877 -2.40125680635 0.00416439289928
31 -11.2860361793 9.03519859686 -1.74680242657 0.00741139865514
30 -10.8466445843 8.49243994223 -1.4748567423 0.00659548280435
29 -10.5884344871 8.21418630936 -0.815553209648 0.0160489882908
28 -9.81134420839 8.30294416546 -0.83006102994 0.00954161571098
27 -9.17999151395 7.82970537412 -0.7396794204 0.00586482995859
26 -8.45470054688 7.53126832533 -0.915201605919 0.00875487154317
25 -7.84530073495 7.00558462901 -1.02931742778 0.00628218421283
24 -7.07939798028 6.75424795161 -1.17449359975 0.0191072614008
23 -6.26790517163 6.56218952389 -1.23229864964 0.00816395529382
22 -5.45563656076 6.78120875951 -1.18977787835 0.00287966661101
21 -4.61491597725 6.85789479549 -1.16680520502 0.00509268310228
20 -3.83097821967 7.07135076955 -0.922650512272 0.00386014415183
19 -3.01237190442 6.84667248087 -0.862916324821 0.00740078181006
18 -2.3116601828 6.36638787508 -0.757751711377 0.0104303949843
17 -1.59944262072 6.01989503742 -1.09995467489 0.00888463625259
16 -2.31466834636 5.55462889846 -0.94142314648 0.0098680117421
15 -3.16843859479 5.7350332206 -0.908850509402 0.0023322511451
14 -3.99140563334 5.74043313226 -0.612791415925 0.00804872557846
13 -3.8541614127 5.93063106126 0.235196804976 0.00649655006496
12 -3.83785035087 6.37832399884 0.995766204408 0.00438485721556
11 -3.99330667095 6.83246525723 1.7389092216 0.00559799479038
10 -4.27204172015 7.66284950916 1.60366518301 0.0311519032404
9 -3.77246558517 7.12395745871 1.08541654192 0.00648673047378
8 -3.27200069474 6.38604164984 0.954787481456 0.00610748065285
7 -2.88054271011 5.57212367764 0.965238230165 0.00588552970601
6 -2.12746995634 5.1241706609 1.19266585905 0.00674463331284
5 -1.32663998268 4.71705181464 1.32025225312 0.00459205925258
4 -0.765968951585 4.02628837259 1.13451129706 0.00206533484311
3 -0.397885766272 3.32631347264 0.684915119071 0.00598224667761
2 -0.0974689971534 2.6762385788 0.120739535247 0.00458839557214
1 -0.0718790571591 1.78985539346 -0.0950493955529 0.00310506595489
0 -0.198141611253 0.895487524497 0.0413599282369 0.0170962207264
0 0.135156821469 -0.298776393161 0.935324032328 0.00600245616564
1 0.423515488422 -0.413966095587 1.87652925119 0.00415223098313
2 0.823126306081 -0.579232735717 2.76826897991 0.00608891025704
3 1.44975315445 -0.69986573464 3.52644818426 0.00598942082807
4 2.07302242794 -0.717811034942 4.29663250292 0.00660664312722
5 2.70020894078 -0.700167633616 5.06357511946 0.00453297713321
6 3.14037968136 -0.65225601452 5.95004342033 0.00410091237827
7 3.60385137185 -0.636305537699 6.82568418645 0.00431715750473
8 4.03492649872 -0.511865091514 7.70910826899 0.00470809076428
9 4.58503925752 -0.51841899831 8.53311205741 0.0220052469669
10 5.07356527827 -0.566137780431 9.39358262745 0.00442502204785
11 5.44339723927 -0.646997324428 10.3090035629 0.00410233785189
12 5.8326749838 -0.870251850959 11.1920943058 0.00335826219082
13 6.2102132425 -1.09645144577 12.0794946091 0.00365160993147
14 6.75646824002 -1.19283085996 12.9001070111 0.00722222253389
15 7.35283119049 -1.17348597054 13.6906376825 0.00562428280833
16 7.92300056761 -1.23679773908 14.4979678929 0.00359128498095
17 8.32360499165 -1.24924548709 15.403641287 0.00472214840038
18 8.87323074707 -1.30435781007 16.2256120642 0.00541402428741
19 9.50688945367 -1.28052837799 16.986238939 0.0040333491374
20 10.1139367105 -1.28209149512 17.7685961848 0.00886825421856
21 10.8557487769 -1.26651523951 18.4242341346 0.00343073679162
22 11.60931453 -1.37267386955 19.0576319693 0.00486942203821
23 12.107647722 -1.54643927726 19.89537649 0.00528192140963
24 12.6785430198 -1.73239527821 20.6826066937 0.00970129438368
25 13.254981978 -1.90834326598 21.4679933996 0.00917024924002
26 13.9239137073 -2.17326548476 22.1478553478 0.00349774096802
27 14.4404228016 -2.4911802967 22.9301642088 0.0042089927182
28 15.0501416949 -2.68394073304 23.6857166797 0.00440662362432
29 15.4917085696 -2.87060725513 24.5517046138 0.000813957963364
30 15.8211465045 -2.85557861888 25.4849966395 0.0143230395825
31 16.30084182 -2.80039175829 26.3489101295 0.0165171663242
32 16.8269643766 -2.8047661149 27.1869854484 0.00210886769194
33 17.2723379121 -2.86949070835 28.0682553666 0.00377134232388
34 17.6874317908 -2.89284854044 28.9661854891 0.00612389455878
35 17.8053791727 -2.92968403301 29.9479216535 0.00521687016628
36 18.0589267708 -2.81244606866 30.8970930466 0.00492560143982
37 18.2319462078 -2.4359796923 31.7955200378 0.00619404816484
38 18.4576689388 -1.97655772771 32.6420822631 0.00558395919864
39 18.7662122687 -1.57666182141 33.492652857 0.00384728195472
40 19.0534217397 -1.25316019656 34.3822578315 0.00526864674639
41 19.1768318631 -0.830278004908 35.2679095311 0.00306920193707
42 19.4312253136 -0.312751549318 36.0715133374 0.00773381924249
43 19.6423727936 0.306934770448 36.8128304219 0.00498775686163
44 19.8463951418 1.10376982287 37.3618153754 0.00228071544602
45 20.0036737094 1.73232859498 37.8459591553 0.00109071152634
46 20.0922259004 2.47163184726 38.4956271663 0.00712043860561
47 20.1830649332 3.05891670538 39.2850904503 0.00387670966265
48 20.2051885897 3.55023861099 39.8848010443 0.00419148309876
49 20.0801838319 4.34063152682 40.4635050766 0.00322556203984
50 19.9163881626 5.06747159371 41.1116417235 0.00422467412197
51 20.0298756958 5.75425104888 41.8120647321 0.00469184999567
52 19.5361417667 6.42623021326 42.340843432 0.00411371720992
53 19.1308672907 7.25640357614 42.6891741124 0.00955950975653
54 18.7152359509 8.03775850423 43.1265576331 0.0026239156465
55 18.375336269 8.90107733763 43.463633495 0.00541236295636
56 18.0291792592 9.79092028222 43.7139752725 0.0124459728006
57 17.596755963 10.5931961652 44.0926651357 0.00204383053458
58 17.199601801 11.4234101047 44.4490318102 0.00507701180643
59 16.7535908363 12.141177253 44.9587373936 0.00242856659039
60 16.1723260203 12.6900983144 45.5372737418 0.00500998303266
61 15.6998320386 13.2983910308 46.1541286518 0.00456655776829
62 16.0845714853 14.1869062047 46.3439260492 0.00270896355122
63 16.5024481585 15.0715954569 46.4709353635 0.00631834996339
64 16.9113839284 15.9660808648 46.5479088947 0.00367536402992
65 17.0656375324 16.940386595 46.538307521 0.0040607391334
66 17.0932760223 17.9190127922 46.6590715928 0.00269190572846
67 17.0403305612 18.9027101171 46.6089107347 0.00199962020781
68 16.7940199538 19.8177100032 46.3349284135 0.00613550011573
69 16.4443349001 20.6659483058 45.9729430482 0.00228988325955
70 15.9438278879 21.428364437 45.5974721644 0.00378384920847
71 15.3340802076 22.1817889022 45.4153463818 0.00740963441117
72 14.5437745768 22.7184423529 45.1707247623 0.00310363568686
73 13.7993363279 23.3606692335 45.2459862524 0.00566209311846
74 12.9834547195 23.9124701514 45.2907209558 0.00392818881419
75 12.0917333578 24.178886565 45.6162099392 0.00684972858123
76 11.2271840141 24.5429274663 45.9193859977 0.00690843552884
77 10.399469403 24.9367758183 46.2819884674 0.00672344594157
78 9.55721992955 25.3733303668 46.5494217079 0.015808359261
79 8.75581304654 25.8366401754 46.8872538135 0.0238003073167
80 7.93533912682 26.3816877227 46.8859000654 0.00411215976878
81 7.03509467256 26.7812047661 46.877311981 0.00612745788764
82 6.15454606214 27.2222781252 46.8725103217 0.00479357075703
83 5.23009554606 27.520415438 47.0346869435 0.00273015817968
84 4.26622573221 27.6928870953 47.139133199 0.00281490970278
85 3.29493748785 27.8452135266 47.1939208894 0.00492674873989
86 2.32700701905 27.994344956 47.2955118675 0.00373210642551
87 1.37715988631 28.2193867022 47.1671431009 0.00351640391408
88 0.405260762728 28.2988702344 47.0318212006 0.00227136097418
89 -0.522507469345 28.2918264016 46.7025992498 0.00342896634306
90 -1.43273086213 28.1787612478 46.3451118701 0.00759434744694
91 -2.33185336867 27.9538296989 46.0137374662 0.0113796505333
92 -3.1459618902 27.5822465244 45.6043194456 0.0131835982571
93 -3.97930151624 27.1531120973 45.3053901327 0.00275906375935
94 -4.79932319705 26.732081696 44.9616070055 0.00778769350107
95 -5.65208791716 26.2895107895 44.7506690643 0.00304879160449
96 -5.72937892943 26.79204489 43.908457074 0.00240451409897
97 -5.73982761949 26.8685226896 43.7580175509 0.00032462982311
98 -5.77749574567 27.246126187 42.8519808041 0.0057525582458
99 -6.07284871266 27.5563654841 41.9681466812 0.00436621369357
100 -6.74046476855 27.95266382 41.3669491544 0.00745577033104
101 -7.41419203966 28.3036760049 40.7450294229 0.00315245499044
102 -7.97694442691 28.8991274473 40.2042380942 0.00439420963088
103 -8.51936851295 29.4713617548 39.6195384862 0.0223875481093
104 -9.24897809812 29.9554333561 39.1770355091 0.00389856850447
105 -9.95269127912 30.326766809 38.6032119878 0.00270710610948
106 -10.4001176585 30.7315689811 37.8296670433 0.00412807847799
107 -10.9213783141 31.032800458 37.0552086013 0.00442444256586
108 -11.7298260509 31.1990242534 36.5254867204 0.00463677443821
109 -12.1432600808 31.2899039351 36.0153250587 0.00225258690505
110 -12.6720345561 31.5106381984 35.220677509 0.0110189371094
111 -13.115805429 31.7953481686 34.3952885318 0.00502355229885
112 -13.5876400102 31.975848881 33.5563579316 0.00738550675063
113 -14.0117079413 32.0641901465 32.6782731197 0.00446310543815
114 -14.6856325621 31.9164358722 31.9838552375 0.00131840336229
115 -15.3846597437 31.8371904013 31.3032541037 0.00359854142495
116 -16.0730344488 31.6719666581 30.6274008253 0.00454039554357
117 -16.7360847461 31.3822103765 29.9685563687 0.0255967979998
118 -17.5180038545 31.097355033 29.4551854936 0.00352351683457
119 -18.2194218251 30.7149745818 28.8915166939 0.00281894202704
120 -18.7352733833 30.0541328272 28.3886312189 0.00889454675097
121 -18.6662082339 29.1161116831 28.1233369002 0.00459609285739
122 -18.4431811282 28.4410265662 27.4528370247 0.00661616196462
123 -18.0828071519 27.6539966149 27.9057914672 0.0037365867044
124 -17.828561613 26.7117542708 27.945768634 0.00493672093301
125 -17.4006326082 25.8547744203 28.1361324813 0.00763708770772
126 -17.0130058083 24.9615969418 28.2085394459 0.00436135502579
127 -16.8382208107 24.0203853511 28.3997910264 0.00387728512835
128 -16.9525824526 23.0902930023 28.1265996464 0.00342940975989
129 -16.5785365165 22.1930120566 28.0401143903 0.00387956391486
130 -15.9733220789 21.4285395314 28.0009010155 0.00880528650057
131 -15.4258958128 20.6308958098 27.875411879 0.0033490959276
132 -14.8067938848 19.8778516409 27.9078866583 0.00283945426265
133 -14.1521133115 19.1670371482 27.7760852262 0.00326993362184
134 -13.984086955 18.2080127081 27.8311850983 0.00295649161471
135 -13.557142127 17.3398980058 27.7091389334 0.00212033139141
136 -13.2586768243 16.4207958951 27.5794363165 0.00497598967783
137 -12.6606266617 15.6518344735 27.6157911691 0.00796749284999
138 -12.0591990501 15.0073526732 28.0314722419 0.00511414188251
139 -11.5662170074 14.1681377478 28.0765113224 0.00936801316083
140 -11.0639808114 13.3976639307 28.397234769 0.013366830032
141 -10.3497129701 12.8467782595 28.7634185901 0.0108689441451
142 -9.76392168721 12.424591145 29.4159254008 0.014930824235
143 -10.2335092568 12.0828686293 30.196207624 0.013882980657
144 -10.9282836009 11.7294311083 30.776796422 0.00230607424541
145 -11.7365737599 11.4547712409 31.2411550133 0.00655934912238
146 -12.4921743072 11.1475965816 31.768985935 0.0038111974223
147 -13.2654303289 10.6638015868 32.1027757541 0.0048541369748
148 -13.9667077838 10.0156058848 32.278676708 0.00397281922336
149 -14.6155102723 9.33367236343 32.5165408874 0.00455013050162
150 -14.9173827522 8.4770624818 32.8590276178 0.00118420334677
151 -15.2352667368 7.63094764644 33.2127842322 0.00436111642802
152 -15.4925144719 6.69748941181 33.2765136048 0.00549447904109
153 -15.7226881379 5.76700211768 33.4258491698 0.00481359133178
154 -15.9700598063 4.84101847863 33.5741516786 0.00250489128761
155 -16.1984813964 3.92959997623 33.8140872137 0.00711241276504
156 -15.6303567488 3.20412449521 34.1152444027 0.00330386917024
157 -14.9398277859 2.67340200525 34.5407433992 0.00856937878996
158 -14.2167211326 2.19466916255 34.9727528727 0.00531872664018
159 -13.4474040792 1.80129645821 35.4104476632 0.004884209399
160 -12.5619598821 1.43076799047 35.5376348715 0.00741075876616
161 -11.7290323622 1.00656520782 35.7887093749 0.0043118546624
162 -10.8612098172 0.703917475603 36.0913908662 0.0256883408849
163 -9.91809048061 0.504829297403 36.1567736326 0.0041041943435
164 -9.0524287082 0.930356413354 36.2064233439 0.00371802191456
165 -8.39587289542 1.62724475768 36.0808423448 0.00136892756534
166 -8.1264776962 2.55442216231 36.0719748186 0.00315525708451
167 -7.58296787207 2.32470691182 35.3074883625 0.00394625428069
168 -6.98617673781 1.95951953758 34.6423139322 0.00273230920897
169 -6.94534966152 1.34742508485 33.8970246589 0.00571436527563
170 -6.84081380378 0.619758218882 33.2721500799 0.00307401619862
171 -6.58546808462 -0.0898130336653 32.6706605311 0.00511507622536
172 -6.06553699344 -0.605116026219 32.0429523122 0.00331798480916
173 -5.77688390006 -1.22644129075 31.3645879446 0.00312729084303
174 -5.39558555375 -1.76937795353 30.6652939657 0.0143518130152
175 -4.8466220409 -1.89541864513 29.8841349828 0.00324970183785
176 -4.36988337764 -1.92095112631 29.0479527366 0.00109399793374
177 -4.37894078193 -1.77638101455 28.0959754003 0.00737915380999
178 -4.57527530696 -1.56719620637 27.1773585942 0.00243339056579
179 -4.65750280351 -1.38909590009 26.23533913 0.00286564787703
180 -4.55792421817 -1.47978846163 25.282780616 0.0177329720968
181 -4.45327038712 -1.5687828913 24.3319457011 0.00344704646624
182 -4.45491562184 -1.65675836959 23.3755358467 0.0057238382599
183 -4.49172300901 -1.8927134 22.484709964 0.00400851205785
184 -4.90428407955 -2.11571018513 21.6656029722 0.00626233054119
185 -5.5754686596 -2.34325330589 21.0439632335 0.00557956560265
186 -6.29680567366 -2.94214908909 20.9574286476 0.00431194788348
187 -7.14689598047 -3.23308128391 21.2369357855 0.0145352188068
188 -7.95345609375 -3.60192712164 21.5445972916 0.00532734658158
189 -8.66306296401 -4.19033986733 21.7170477874 0.00544005708084
190 -9.11431138645 -4.97238504862 21.967397876 0.00441604782341
191 -10.030180033 -5.16051697307 22.0140421121 0.00605910641909
192 -10.6743321211 -5.81678008308 21.8441290715 0.00260414100624
193 -10.3908871037 -6.62606099981 22.2163801605 0.00560954898202
194 -9.7917139251 -7.28616568756 22.4940556302 0.00560517322512
195 -9.25746733937 -8.04652577257 22.5729165413 0.012558910606
196 -8.51572286357 -8.35154228481 23.0446582975 0.00275182316442
197 -8.0634160023 -7.82459894564 23.6633955704 0.00401859043665
198 -7.82341043631 -7.10042917698 24.1938159484 0.0055880042875
199 -7.49876037214 -6.23281188871 24.1440625117 0.00419983961636
200 -7.37033547509 -5.32328059325 24.2676524923 0.00758072384886
201 -7.22986098021 -4.41542733304 24.3773019175 0.0105744080988
202 -7.34029790223 -3.61013512682 24.814591608 0.00367479543077
203 -7.46050273256 -2.87262323748 25.3551256035 0.00462308766976
204 -7.39045098557 -2.22977757522 26.011377968 0.00767912263804
205 -7.14253141623 -1.6989761648 26.7200960727 0.00297437410747
206 -6.85151669952 -1.36607315137 27.5256642202 0.0157060081324
207 -6.71348923092 -0.903833530761 28.3027982476 0.00604639041947
208 -5.95396744916 -0.630808401885 27.8773001263 0.00408670326871
209 -5.23803469748 -0.347488813548 28.3647380423 0.00555017081303
210 -4.47247259982 -0.0880936434163 28.7816964824 0.00534671838559
211 -3.58225852173 -0.112601275455 28.9570853363 0.00708888863297
212 -2.83353670937 -0.0195214328972 29.4581309024 0.0108859561551
213 -2.24444544119 0.410015733111 29.9893718263 0.0104700673749
214 -1.40324703581 0.462672922905 29.6793818519 0.00391378073111
215 -0.833513967527 1.11075115621 29.4361780987 0.00215374270057
216 -0.450015096227 1.62316259714 28.8088138108 0.00158802742348
217 -0.0601228979835 2.33813960244 28.4370644402 0.0121320153024
218 -0.00482796752813 3.01948260135 27.8661326326 0.00295124444698
219 -0.596759671948 3.37101059906 27.3030525429 0.00730868806754
220 -1.24146434456 3.54805630966 26.7212892296 0.00513630987965
221 -2.06910569749 3.85310006701 26.6737752825 0.00749750024344
222 -2.77096374105 3.89893175564 27.2031031563 0.00305880897829
223 -3.37850308938 3.30533442077 27.4268822974 0.005633440304
224 -2.97701640009 2.52740013668 27.4296748236 0.00631107688246
225 -2.6892807626 1.72954438644 27.2263794163 0.00365117317887
226 -2.03185832746 1.66407679702 27.7935133626 0.00306810880002
227 -1.85258714693 1.27164221661 28.139880393 0.00947696049797
228 -1.18776305266 0.784212605001 28.2067845689 0.00868354752526
229 -1.07724716077 0.26636253324 27.5806985405 0.0173618912628
230 -1.20418731563 0.351227921826 27.4632074606 0.00165353864076
231 -1.49069141292 0.296885557821 26.8259933777 0.00573935849847
232 -1.06647242154 0.25335357852 26.2863852011 0.00882995241241
233 -0.798860595798 0.696535226821 25.8670585223 0.0051685462736
234 -0.337522834379 1.15619686231 25.8317982707 0.00614892573312
235 -0.561990280495 1.66211507834 26.1439211522 0.00825388059264
236 -1.03444378632 2.01385869693 25.9847888787 0.00846179103402
237 -1.15975392156 2.50826219907 25.704668319 0.0165572715813
238 -1.50020879197 2.85322622701 25.5246399046 0.00909185483725
239 -1.10711465576 3.12007500866 25.5081734972 0.00423481678993
240 -0.874985750088 3.5070959287 25.5637844334 0.010345512644
241 -0.577236332524 3.61604835686 25.8104571936 0.0129371460677
242 -0.381281173277 3.5096986171 26.0359623972 0.0104804163464
243 -0.295699097527 3.27785437751 25.9785893945 0.0176065376921
244 -0.181429125169 3.39082078328 25.9823232821 0.0104237422475
245 -0.110467362944 3.33365245817 26.0475407788 0.00591149957202
246 -0.0535492897497 3.3920343377 26.0816849408 0.00699637730696
247 -0.0469621178155 3.4240936484 26.0287955772 0.00542488488406
248 -0.00622202398745 3.40851397292 26.0265471419 0.00815683514058
249 -0.0244981860418 3.41961545901 26.0281740149 0.00665368307216
250 -0.0228354575598 3.41750962041 26.0208040302 0.00722057692584
