33 9.61458793608 5.84183261207 -7.4696207062 0.00814299627832
32 9.62248590619 5.84698105045 -7.46948075865 0.00566078139068
31 9.64103886017 5.83814162702 -7.47498668227 0.00864258437871
30 9.63665415034 5.7941951385 -7.48384576429 0.00789289591543
29 9.68765227776 5.83352744225 -7.51761127137 0.00686936435677
28 9.65095220991 5.83648656923 -7.4255354921 0.00646917014819
27 9.69386414137 5.76468140782 -7.52102317738 0.00849435660526
26 9.76357968046 5.75360454545 -7.36898538171 0.00945734535241
25 9.67587333882 5.55929486077 -7.40683852015 0.00822529186167
24 9.41715892462 5.55629629241 -7.44842957009 0.00511671287267
23 9.37135331074 5.39244936445 -7.89743207815 0.0220187537475
22 9.51327720471 4.75125314562 -7.9003452048 0.00830795970489
21 9.71006372555 4.23760755362 -7.50386075525 0.00811045534282
20 10.02889728 4.47339956564 -6.93059240297 0.00696005695306
19 9.74422775416 4.37954879148 -6.28494785925 0.0117641859399
18 9.05996244926 4.16512977353 -6.43572150757 0.00894696700144
17 8.95004709539 4.90052956103 -6.35535079108 0.0303483043706
16 8.50630511099 5.06055083166 -5.71912910171 0.00661971044224
15 7.8852232138 4.73085967576 -5.33363425 0.00587628774893
14 7.62542237385 4.76766079073 -4.56801173712 0.00554371057832
13 7.32123199576 4.27168811241 -3.99818155338 0.00616286420253
12 6.70457325352 3.81655695654 -3.70712682559 0.0079823485875
11 6.33010045896 3.49171129994 -3.04394280181 0.00917945422119
10 5.76169896601 2.97059617411 -2.72346159425 0.00530353949545
9 5.4721281133 2.52950411661 -2.06979264069 0.00897507322036
8 5.13528236569 1.92578437642 -1.58136297031 0.00367134636353
7 4.840210938 1.25649332575 -1.15031934771 0.00699875916231
6 4.31848927808 0.806290933332 -0.645895729649 0.00462456665234
5 4.24574579372 0.0253541869631 -0.3010172165 0.00981658993233
4 3.43595183221 0.0361633178059 -0.598877477149 0.00746247888125
3 2.71853523366 -0.43259786387 -0.731401797465 0.00418751513968
2 2.02345243507 -0.178775742421 -0.274059822748 0.00657423594037
1 1.46686619493 -0.0310340059105 0.383251335503 0.0101775259254
0 0.667205010851 0.318682338904 0.481857681472 0.00793068995159
0 -0.584649003075 0.110292365001 -0.793499787633 0.00551004248761
1 -1.19842661829 0.126121085624 -1.57232814338 0.00687452748817
2 -1.88091327281 0.134356538674 -2.29175967271 0.00174079117048
3 -2.60694364454 0.0383249641043 -2.96038064327 0.0043063302561
4 -3.25580389006 0.0714816341284 -3.70955081571 0.00287576518124
5 -3.97427726314 0.183139204533 -4.38381892247 0.00771470011992
6 -4.70018315726 0.166032760251 -5.05908210402 0.00250847247674
7 -5.41785457825 -0.0121752228623 -5.71966117182 0.0129863539207
8 -6.1502288325 -0.0219975729802 -6.38790049644 0.00498125053165
9 -6.86821947167 -0.0778417972636 -7.06931382222 0.0108924946974
10 -7.53722930994 -0.15330290282 -7.79702397443 0.00613491024639
11 -8.23681110687 -0.22362738688 -8.49586425446 0.00442313052421
12 -8.78024659708 -0.314812036361 -9.31993885208 0.00451268160841
13 -9.3502757052 -0.442300120843 -10.1208623184 0.00343481160029
14 -9.93533188055 -0.658005052473 -10.8914371293 0.00646010541734
15 -10.4621846028 -0.937047534908 -11.683327068 0.0113812130056
16 -10.9707746772 -1.23672030784 -12.4795106947 0.0121561318147
17 -11.3980243958 -1.60855601252 -13.2927838138 0.00386853969909
18 -11.9005879483 -1.94899973407 -14.0761592 0.00618777585047
19 -12.7489816025 -2.45607172568 -14.146743737 0.00436279068577
20 -13.5369987415 -2.98580043881 -14.4300343856 0.00453846342359
21 -14.3090552443 -3.52108756306 -14.7449544057 0.00413790261028
22 -15.0083654302 -4.17008066131 -15.0123182795 0.00291334523129
23 -15.6646163434 -4.84480566436 -15.3217640186 0.00534277032331
24 -16.2743933287 -5.44761988169 -15.8181836256 0.00760328354296
25 -17.0351411397 -5.98690270879 -16.1527418674 0.00331461808619
26 -17.6750391644 -6.70635150697 -16.3858716893 0.00373428332195
27 -18.2524218314 -7.48896412087 -16.5743158079 0.00368801719271
28 -18.8516351182 -8.27042019457 -16.6818886519 0.00517439897479
29 -19.4210001735 -9.078704841 -16.7428938081 0.00393247161126
30 -19.9959782144 -9.88223320955 -16.8129363254 0.00595713918377
31 -20.5192925437 -10.7221408581 -16.855004118 0.00679821953301
32 -21.0009319163 -11.5834538922 -16.7705417075 0.00672851537195
33 -21.3703615891 -12.5010948597 -16.8187317101 0.00254529553122
34 -21.588871685 -13.4598683683 -16.9363606766 0.00720597671613
35 -21.5797557008 -14.44171697 -17.0652360633 0.00329147783273
36 -21.6110555398 -15.4097697024 -17.2715606209 0.00346950977755
37 -21.6323080705 -15.8242424796 -17.3184572732 0.00142119665894
38 -21.5857863112 -16.7974479453 -17.4926619172 0.00555454971317
39 -21.3630814313 -17.7617381373 -17.5017087066 0.00451294668024
40 -20.9506048542 -18.6586585433 -17.5713913468 0.00267930592835
41 -20.4023524573 -19.4681270617 -17.7250111171 0.0038984361141
42 -19.7944696722 -20.2202773225 -17.9350277261 0.0074397462234
43 -19.0940140989 -20.9109531195 -18.0424784871 0.00276426075693
44 -18.364132856 -21.5732195684 -18.1310403255 0.00297494782949
45 -17.605175002 -22.1969772476 -18.2494698203 0.00387228238104
46 -16.7832395689 -22.7300994347 -18.3882217446 0.00803284190179
47 -16.0434726018 -23.3558634062 -18.1880293137 0.00122407793467
48 -15.2114184702 -23.8646067134 -18.0214388311 0.00316856363502
49 -14.492186068 -24.5380804803 -17.9322222166 0.00505804810399
50 -13.6818794412 -25.0358544329 -17.6594987852 0.00204967608586
51 -13.3825722717 -25.241435421 -17.4533657522 0.00257994758542
52 -12.510241299 -25.6042267194 -17.1703452148 0.00630405578009
53 -11.588491203 -25.9428898822 -17.0800284015 0.00451028741744
54 -10.8037806016 -26.5399589637 -17.0709439369 0.00709413295244
55 -9.94686204107 -27.0159423914 -16.9647236471 0.00418111586531
56 -9.01382690578 -27.3317451317 -17.0064885649 0.00337098018749
57 -8.11357071268 -27.7084850952 -17.1463071749 0.00298218290743
58 -7.22966121878 -27.9334301079 -17.5205006218 0.000820026255642
59 -6.34620270709 -28.0435908788 -17.9439133447 0.0052219021064
60 -5.5049271793 -28.226707796 -18.4240300833 0.00507753727912
61 -4.73327658783 -28.3957401971 -19.0136765923 0.00412054966815
62 -4.06231276181 -28.2829500814 -19.7269405417 0.00609013018987
63 -3.42288404408 -28.0879482023 -20.4512300521 0.0022587783238
64 -2.85659755653 -27.7491035096 -21.1833048091 0.0036793251572
65 -2.24108999005 -27.3358532331 -21.8326421497 0.00686431285149
66 -1.83763470134 -26.6995753998 -22.4677998656 0.00465839062473
67 -1.56914000701 -26.0259757616 -23.1349626269 0.00397562999928
68 -1.21120726175 -25.3234907707 -23.7258621246 0.00470613239681
69 -1.00913797776 -24.5392047906 -24.2868127446 0.004309470094
70 -0.875536397016 -23.7456053516 -24.8549889989 0.00813444957254
71 -0.688115521414 -22.8935807245 -25.3122522954 0.00373426151699
72 -0.555422498296 -22.045199088 -25.7946403237 0.00578115379316
73 -0.277813623764 -21.1511507541 -26.1002743701 0.0123850151436
74 -0.106160343996 -20.3056882017 -26.5748262854 0.00484894852924
75 0.0255378143718 -19.4199918388 -26.9840692831 0.00495996472457
76 0.305174613684 -18.5927721365 -27.4386575303 0.00460084881123
77 0.257695478231 -17.7607505418 -27.9625935956 0.00368328920706
78 0.333588204399 -16.8418854898 -28.3071854538 0.0030116426524
79 0.43543511122 -15.956280655 -28.7244095097 0.00315057620919
80 0.481542180093 -15.0659912195 -29.1414187909 0.00233580576229
81 0.464413355894 -14.1940245439 -29.5974425492 0.00709740667086
82 0.698430362533 -13.241575361 -29.5180710914 0.00344384890332
83 0.853469964328 -12.316223531 -29.2217009789 0.00428351196261
84 1.28793636909 -11.5256818285 -28.8288669882 0.00470701237203
85 1.14260345093 -10.5648865469 -28.6754116069 0.00674755940249
86 1.00673142129 -9.62552108075 -28.4171225343 0.0145402764944
87 0.777541503445 -8.66942645637 -28.3978198214 0.00460743793994
88 0.769604585814 -7.76604517748 -28.7861146429 0.00475474050912
89 0.761211296859 -6.83932140692 -29.1145124675 0.00551301268885
90 0.765255723346 -5.93191550776 -29.4928569489 0.001399602087
91 0.728781805554 -4.99129163744 -29.7763241159 0.00706566582171
92 0.986390866894 -4.06360268606 -29.9743023868 0.00992223888793
93 1.17822055563 -3.14150128353 -30.2549000064 0.00351996841691
94 1.39716993527 -2.18674286923 -30.3331403009 0.00303341740456
95 1.58030234944 -1.22282423833 -30.2799800323 0.00480145548253
96 1.91333870169 -0.300779340688 -30.214918087 0.00457091576358
97 2.29146774293 0.59820542584 -30.0966771631 0.00427073423384
98 2.83363533181 1.41104625339 -29.9951598097 0.00363181565633
99 3.25406071137 2.2855177189 -29.8423061463 0.00364376458477
100 3.38624395352 3.24481077624 -29.678111996 0.00414547349389
101 3.33004195776 4.22422354321 -29.6324907653 0.00405770970019
102 3.39828723092 5.20269038146 -29.6800954332 0.0029453827061
103 3.43621706052 6.18097451206 -29.6044547961 0.0048094727157
104 3.36377204699 7.14469749031 -29.431242809 0.00116482250795
105 3.13291743411 8.09812630642 -29.4715583208 0.00103052382667
106 2.92310317651 9.04714597752 -29.6103120805 0.00446084544471
107 2.59399304226 9.96764955484 -29.7001756894 0.00405728842961
108 2.26108875644 10.8909545983 -29.7149729963 0.00186680302468
109 1.84488906104 11.7676386898 -29.5677586476 0.00387970479141
110 1.21848003966 12.4987949307 -29.3771485123 0.00488304804638
111 0.689142106261 12.9737680568 -28.7007119614 0.00792625002272
112 0.0960791905176 13.4661044785 -28.0933902668 0.00296597419442
113 -0.549415682362 14.1272063607 -27.7633311226 0.00251582551327
114 -1.20325751671 14.8385110787 -27.592949708 0.00425860879225
115 -1.95967021764 15.3498363574 -27.2341302523 0.00790219466741
116 -2.75974885453 15.662075056 -26.7603718043 0.00369483339117
117 -3.7002315278 15.9392764882 -26.7404052203 0.0022712921791
118 -4.64039031666 16.1699141888 -26.5836744424 0.00318976044816
119 -5.58185321943 16.4131893634 -26.4573173086 0.00491878727781
120 -6.55295687788 16.4668541234 -26.33343902 0.00154043750913
121 -7.50777012939 16.2714048247 -26.2270285537 0.00828108112167
122 -8.4150841243 15.910248643 -26.1425407079 0.00601981620104
123 -9.19438712215 15.3342106233 -25.9963436418 0.00773667234255
124 -9.76614555048 14.629299503 -26.3656613635 0.00352097554265
125 -10.2331479082 13.8819165794 -26.7938986685 0.00394897891762
126 -10.7722940575 13.3047355088 -27.373683716 0.00895170071412
127 -11.2575957878 12.6533553228 -27.9211075538 0.00188753795035
128 -12.136089492 12.5514224769 -28.3420136215 0.00438715501752
129 -13.0262275253 12.3960136148 -28.7195765784 0.00467166981232
130 -13.9918016508 12.5452730034 -28.6555739318 0.00366388777595
131 -14.8522062347 12.2249246158 -28.315463825 0.00538233977214
132 -15.7450558094 11.8679071146 -28.1321447086 0.0051627038324
133 -16.6050085035 11.4279361442 -27.9744439625 0.00643096983198
134 -17.4579364315 10.9579916159 -28.0707025304 0.00345911544802
135 -18.2759272856 10.4212171106 -28.0835826523 0.0021961866909
136 -18.9694571111 9.74555799775 -28.224278529 0.0017093541964
137 -19.5230935533 8.94553762537 -28.3274586291 0.00423332544324
138 -19.7522472649 7.99917219864 -28.421447949 0.00480509339872
139 -19.8017804247 7.02264685475 -28.4463284364 0.00644933595852
140 -19.8580943294 6.05041609035 -28.5352425609 0.0062344428491
141 -19.9431889246 5.10105241208 -28.7530601827 0.00164719841821
142 -19.9988054336 4.13266698193 -28.8755026973 0.00214317856951
143 -19.714152472 3.20690934117 -29.0084575819 0.00273350954326
144 -19.20370845 2.37738469803 -29.0915067812 0.00970452933945
145 -18.5599920995 1.74648500828 -29.4692357138 0.00357043923173
146 -18.071397763 1.50957466978 -30.2818982316 0.00364772145237
147 -17.5808804472 1.34571815088 -31.111123774 0.00552270088725
148 -17.2210363915 1.21276129256 -32.0098240879 0.00342051053047
149 -17.9668891415 1.15693309628 -31.3814328011 0.00469908726318
150 -18.532291125 0.919766120879 -30.6210299042 0.00452408096226
151 -19.2885629294 0.688246206688 -30.0482256681 0.00463974067135
152 -20.1140151103 0.565348090614 -29.5414488727 0.00614275035075
153 -20.6207619323 0.231778916574 -28.7765269517 0.00618439016636
154 -20.866192461 0.177949207689 -27.8331936692 0.00496247278137
155 -21.0840065812 0.216180078065 -26.8825146044 0.00563501388736
156 -21.0900130609 0.356207143222 -25.9167510841 0.00924693895591
157 -20.9408784156 0.443337097228 -24.9566090883 0.00235909148101
158 -20.6194000864 0.626754904637 -24.0541338832 0.00318863813062
159 -20.3893487313 0.503818365639 -23.1143189927 0.00213151332551
160 -20.1271600965 0.237958269911 -22.2134001978 0.00316080775742
161 -19.843991437 -0.0218014043902 -21.317191475 0.00413827475211
162 -19.7005176004 -0.204470624815 -20.3702574576 0.0039984824156
163 -19.4112646459 -0.574118175076 -19.5159157848 0.00886623573064
164 -19.4313311412 -0.923149631561 -18.6062889534 0.00582523239887
165 -19.6028159093 -1.33305558278 -17.7392717246 0.0150213148058
166 -19.8613105486 -1.73111703236 -16.8891483308 0.00283674741486
167 -20.033671857 -1.83819642151 -15.9369115578 0.00722190882073
168 -20.0084362767 -1.86646146693 -14.9643047784 0.00437960266982
169 -19.7769088316 -1.6719567902 -14.0393553579 0.00419114272174
170 -19.4120680194 -1.33291449423 -13.2036358196 0.00308365676323
171 -19.1484384998 -0.838511293166 -12.4085017906 0.00487882776611
172 -19.5433156263 0.0181389431088 -12.6439844432 0.00339092184312
173 -19.8653032511 0.853610403344 -13.0225869969 0.00272221686871
174 -20.2738973312 1.69239096829 -13.2950412487 0.00365476726964
175 -20.6867328508 2.54273613332 -13.5206068405 0.00655584654847
176 -21.2503929115 3.31157298541 -13.7076800238 0.00363043173279
177 -21.8331318582 3.98246990215 -14.100018862 0.00275530260276
178 -22.2540944532 4.82119456356 -14.3502536601 0.00347219490065
179 -22.812840371 5.44393144554 -14.8433623306 0.0065483974632
180 -23.3673905708 6.12784666588 -15.2522956666 0.00270449370356
181 -23.8943256516 6.8362193555 -15.6557680467 0.00313484729309
182 -24.4695579955 7.3237710182 -16.2669690516 0.00390033137115
183 -25.1432418946 7.7289561321 -16.835943289 0.0144595617681
184 -25.8029236749 7.89004281779 -17.5283471637 0.0148411025915
185 -26.4011118067 8.05608465003 -18.2725108617 0.00504117211465
186 -27.0409196834 7.89947921463 -18.9829626067 0.00566090740601
187 -27.7834160781 7.77780536481 -19.5927145073 0.00621013708155
188 -28.7159969968 7.79039429863 -19.8516835728 0.00296301305655
189 -29.1789736265 7.42418468244 -20.6189679045 0.00415008694187
190 -29.6191122468 7.09143047942 -21.4141682634 0.00299350962607
191 -30.1912759554 6.44703553854 -21.8539129584 0.00985993019988
192 -30.7186156782 5.77955886514 -22.3136096671 0.00717261775963
193 -31.1276931187 5.19599795724 -22.9666675694 0.00309827631818
194 -31.6181238684 4.85193303649 -23.7251441811 0.00415248555834
195 -32.2145929882 4.63921413895 -24.4549680252 0.00203952268871
196 -32.6309569224 4.28214689948 -25.2503867475 0.00533836019888
197 -32.8309899735 3.61772265134 -25.9221344387 0.00909960741548
198 -32.7839135462 3.0019924617 -26.6640314431 0.00653706323334
199 -32.448471068 2.51445075656 -27.4261167606 0.0090154370604
200 -32.010713044 2.06927675057 -28.1609716102 0.0210620011877
201 -31.7344777687 1.81959930895 -29.049087241 0.00315423893727
202 -31.4410479934 1.62097753426 -29.9443161163 0.00446431152313
203 -31.2718507664 1.49204814158 -30.8830545883 0.00260319510741
204 -31.0649934523 1.35305195541 -31.8125661601 0.00592708944705
205 -30.9923033671 1.0358825455 -32.7177405358 0.00410669016211
206 -30.869499401 1.07918557663 -33.6705252483 0.00756000706503
207 -30.9697067774 0.977723195403 -34.6209603921 0.00280082908952
208 -30.9999156185 0.854592697563 -35.5734233208 0.00362422870295
209 -30.7197585949 0.560708412926 -36.4438669164 0.00495004333533
210 -30.4985011625 0.510736602989 -37.3768644712 0.0105108204515
211 -30.5906835723 0.306235955386 -38.3096061181 0.00113762264
212 -30.9383725083 0.376005993304 -39.200835214 0.00409695550547
213 -30.8667559824 0.352086211637 -40.1567961597 0.0107490343247
214 -30.5806055354 0.418871946088 -41.0685925832 0.00924896804472
215 -30.2182710397 0.633010157364 -41.9281858696 0.00473005531867
216 -29.8851273673 0.786337944366 -42.8118145755 0.0048241342143
217 -29.6857531811 1.20013964186 -43.6504821623 0.00647919539757
218 -29.6511304011 1.92995207405 -44.2660306321 0.00495274073112
219 -29.7973517999 2.54383402715 -44.9828245384 0.0048212537546
220 -30.4060363269 3.27826355368 -45.0049988543 0.0129628877187
221 -31.3441017795 3.39831164174 -45.1213511985 0.00333669657279
222 -32.1861685457 3.10379247018 -45.4554053324 0.00390736861647
223 -33.0402205943 2.83720786489 -45.7812154438 0.00531026552373
224 -33.7739126447 2.28049393534 -46.0204642286 0.00452285523483
225 -34.3083659643 1.49507696138 -46.0644622198 0.00453312629004
226 -34.9887535339 0.851899534674 -46.2286011844 0.0043198885729
227 -35.2979456963 -0.0438067799421 -46.2971697396 0.0165279200086
228 -35.5633334049 -0.927334904844 -46.5161548226 0.00429850164423
229 -35.5808344253 -1.87277196954 -46.4546043967 0.00667611619274
230 -36.1735816719 -2.54926256088 -46.1587465328 0.00770148748404
231 -36.3889633507 -3.16341561445 -45.4719051664 0.0026021524915
232 -36.2151688711 -3.6040954709 -44.6529863816 0.00489029082525
233 -35.6928239327 -3.90785250218 -43.9260323733 0.00551676654597
234 -35.1138575522 -4.57919235064 -43.6011689019 0.00286032949184
235 -34.8349348487 -5.39174868067 -43.2103569229 0.00251506719851
236 -34.4688286637 -6.24878741245 -43.0642746595 0.00481642097141
237 -33.9722554693 -7.04932131827 -43.0979656315 0.00408528800034
238 -33.2780631392 -7.66817767711 -43.2483762836 0.00281509018124
239 -32.4557565165 -7.98728080035 -43.5783470914 0.00454390346765
240 -31.6205629748 -8.27913833415 -43.8991178277 0.00376750388612
241 -30.6895623905 -8.29946398877 -43.7678746994 0.00450716415731
242 -29.789977754 -8.08433612582 -43.9339790991 0.0127341476879
243 -29.2199894225 -7.49158435326 -44.3850058093 0.00478088998253
244 -28.7738778367 -6.81050383514 -44.8490414337 0.00559826091053
245 -28.8755064047 -5.97737351557 -45.2636870427 0.00816874235198
246 -29.7908131848 -6.16498240449 -45.2833182943 0.0249437526877
247 -30.6907559399 -6.3981121107 -45.2635787838 0.00299050770812
248 -31.1537669105 -7.12583022699 -44.917423192 0.0116565075761
249 -31.2822134835 -7.92067353995 -45.3770092359 0.0111644674198
250 -31.1870956379 -8.59692885244 -46.0007088121 0.0128992130938
251 -31.4486594019 -9.00293016779 -46.7862794829 0.00402598758853
252 -31.8597525468 -9.46138550688 -47.4711585161 0.00606993522637
253 -32.4180056356 -9.6828602994 -48.1674372011 0.00318320384392
254 -33.1090345499 -9.79423309636 -48.7622283896 0.00369493857017
255 -33.7418215384 -9.68044690616 -49.4170214654 0.00477506417333
256 -33.6077732025 -9.91086888278 -50.294268037 0.0040120781439
257 -33.3730901238 -10.6672474457 -50.7526138356 0.00296376388565
258 -32.7729357559 -11.3209692486 -50.5339297661 0.0031409252636
259 -32.3424708231 -11.9532416722 -50.0347613032 0.00432976751964
260 -31.6739793233 -12.0608917019 -49.4233648265 0.00825951551197
261 -30.8378908357 -12.4036677903 -49.3217470654 0.00517321191029
262 -29.9354434594 -12.3061562779 -49.3199201995 0.00598507743224
263 -29.0299877924 -12.3249049609 -49.3041279083 0.0013780956483
264 -28.2110454619 -12.5763026715 -49.0108790609 0.00353056909314
265 -27.5810129838 -12.4750823589 -48.3694513831 0.00800881906448
266 -27.1298758074 -11.8531469339 -47.8973801552 0.00356190229224
267 -26.4261572538 -11.3147035208 -47.7385262245 0.00354487703309
268 -26.283427738 -10.6005332964 -47.2109232024 0.00459679003598
269 -26.8658831033 -9.92325392817 -47.1271718538 0.00543334270593
270 -27.3799925892 -9.22774749427 -47.3581769224 0.00566920839975
271 -28.0726612258 -8.67116322729 -47.4459597012 0.00359935313091
272 -28.7827121692 -8.19711412174 -47.7027755852 0.00967548357737
273 -29.3225684786 -7.49751713952 -47.6219994642 0.00732905363966
274 -30.0041049247 -6.98928016961 -47.3791589015 0.00477075740875
275 -30.5858298029 -6.35787730097 -47.5809645576 0.00649860852378
276 -31.187233466 -5.7326214426 -47.7208938925 0.00927259722783
277 -31.1170012086 -4.89140249254 -47.4940667066 0.00308995151729
278 -31.3227887991 -4.047317327 -47.5727424088 0.00703235222081
279 -32.1314659588 -3.78946654382 -47.7569036254 0.00539817810007
280 -32.9537950655 -3.66566144961 -47.9966850816 0.00994358957449
281 -33.6843497271 -3.63148479054 -48.4485970312 0.00379314088954
282 -34.4842528894 -3.51343244058 -48.7327275098 0.00709418981402
283 -35.3255702296 -3.37984170806 -48.7109501947 0.00581735889503
284 -36.1550380807 -3.49594617406 -48.577701107 0.00549079929514
285 -35.9555252811 -3.19046867599 -47.8152429403 0.0117563339845
286 -35.4484357861 -3.84302809203 -47.6972724554 0.0103321489959
287 -34.9090136403 -4.46794706716 -47.6736571212 0.00663824872523
288 -34.1755893657 -4.25025302497 -47.3787265934 0.00790014335583
289 -33.5719094302 -3.89980928038 -46.9631595436 0.00254497003257
290 -32.9498216 -3.55228539513 -46.5786818495 0.00339224591549
291 -32.6366055763 -3.18384935143 -45.9329108649 0.0103476770462
292 -32.0752300601 -2.62643137844 -45.9366860938 0.00710962280762
293 -32.0407344937 -1.97621905354 -46.3709276281 0.00975455741542
294 -32.6151179469 -2.12168752322 -46.8617559809 0.00819262404079
295 -32.8014090551 -1.39095163172 -46.921876147 0.00539377030289
296 -32.8406310923 -0.82384096037 -47.4089274453 0.00288943047765
297 -33.2663934232 -0.524922344723 -47.9407453376 0.00748745324163
298 -33.8490447411 -0.904313551125 -47.7172975073 0.0065103499222
299 -33.9505164402 -1.55850066061 -47.4385308273 0.00617557356609
300 -34.1233117632 -0.874195829338 -47.4423310007 0.00984687095762
301 -34.571712725 -0.361124189503 -47.3790952565 0.0039926127903
302 -34.8502878559 -0.418181318027 -46.7656941576 0.00707926479329
303 -35.0939424319 -0.779418132807 -46.2728391286 0.00310645815065
304 -35.643884206 -0.519660513355 -46.0466362005 0.0027535675868
305 -35.5394330881 -0.643055805049 -45.4248868635 0.00563719936397
306 -36.138023865 -0.732196777068 -45.269645082 0.00876874238021
307 -35.8136068104 -0.24237081253 -45.1643416392 0.0105052308391
308 -35.282473142 -0.271479914547 -44.9910792781 0.00824878217777
309 -35.7607384221 -0.31732318659 -45.206550984 0.0154274226581
310 -35.8582507623 -0.649348682331 -45.5029781804 0.00546248333716
311 -36.24326926 -0.682867652299 -45.6865448515 0.0160230258716
312 -36.0027522982 -0.523342947714 -45.52801912 0.00564647841626
313 -35.7303035613 -0.616236776129 -45.4698210016 0.00966523228132
314 -35.7580597396 -0.781903148551 -45.6377915781 0.0079016088995
315 -35.8982861229 -0.898702967626 -45.5686795601 0.00837652658916
316 -35.8321207574 -0.915311079763 -45.431619845 0.00952331567513
317 -35.9133040855 -0.988047666493 -45.4256356555 0.00463211245242
318 -35.8809591925 -1.0141256768 -45.3449653336 0.0124462041803
319 -35.9050450188 -1.0175281748 -45.3064237749 0.00710112728939
320 -35.912714361 -0.993532834667 -45.3027032605 0.0155052800124
