43 1.92979897003 2.52351128796 2.6938876953 0.00628493999482
42 1.92775218299 2.5176250634 2.69221450397 0.00950628914213
41 1.91382523544 2.51229637799 2.71374396559 0.00783875453091
40 1.95454457441 2.48565364636 2.71923972653 0.0053394453496
39 1.93616709102 2.45617699507 2.77731977712 0.0115053656647
38 2.00318223569 2.5311154294 2.82788249771 0.00948546776261
37 1.85448116745 2.51692626954 2.87520973348 0.00885763642389
36 1.90933463391 2.71030473934 2.89048573386 0.00974352752739
35 1.71526653459 2.81936432697 3.01423259148 0.00849463022795
34 1.5860349359 3.09004450508 3.07219106243 0.0016927919289
33 1.45522476607 3.17023718846 3.13740822524 0.0132131875714
32 1.06515710147 3.01746366291 2.65382084719 0.0124451305023
31 1.6872918571 2.82863090201 2.48405797245 0.00427576087785
30 1.38879394554 2.37749923666 2.90047100776 0.00255582170737
29 1.45516148383 2.17666250781 3.55656999585 0.00599163952513
28 1.44388529599 1.48119667041 3.64467579484 0.00917526543269
27 0.881599457217 1.03395164334 3.60606441037 0.00661904918833
26 1.01393357604 0.730271766945 2.95224318819 0.0108758541456
25 0.71779685831 0.150858572729 2.57831483964 0.0284157991607
24 0.225670482844 0.714196520865 2.32281461913 0.00762599892615
23 -0.0549263808569 1.02473791763 1.63728584141 0.00630704466726
22 0.103807488398 1.63400754665 2.14600737486 0.0043968346881
21 0.510455485059 1.91539235126 2.79300304583 0.0333666491601
20 1.18435548737 2.29424627151 3.12869254317 0.00578922377645
19 1.91464478853 2.57397105633 3.45433134552 0.0125381640083
18 2.35924231024 3.11342843328 3.94848113926 0.00345063397092
17 2.59417828959 3.77096024885 4.44766423654 0.00361444741329
16 2.60591469075 4.25251167966 5.16146566304 0.0056095218785
15 2.82507554885 4.42648053795 5.97980850044 0.00468128997982
14 3.11779645294 3.66513195632 6.27215756687 0.00703608307283
13 3.36576201471 2.83094522765 6.28143665326 0.00454339648429
12 3.49824690078 2.35918206331 5.5580350729 0.0101754672898
11 3.68631453023 2.00446757403 4.77594835578 0.00512763792952
10 3.88053074554 1.2927929485 4.29442096112 0.00364555366302
9 3.96295024743 0.747742864902 3.60449992098 0.0261756639715
8 4.15193891953 0.0692412968865 3.05382247083 0.00358990675412
7 4.24766389583 -0.588349705213 2.45348139285 0.00377367191574
6 4.00262289281 -0.256250527798 1.65660133885 0.00542452504529
5 4.13410241924 0.469337480453 1.14262916621 0.00441510661677
4 3.8585799435 1.12945562741 0.595610643361 0.00698547180478
3 3.13462418278 1.21178279497 0.0623472694403 0.00899527843897
2 2.40439651636 0.993680278158 -0.427322340951 0.00195077746693
1 1.6275732293 0.540935402248 -0.539994321341 0.0044989135096
0 0.804596004833 0.196844973303 -0.372414897574 0.00132674163279
0 -0.468633325091 -0.501438688465 -0.715314972504 0.00335724923659
1 -0.836969678428 -1.04205033163 -1.46014324714 0.00396793527514
2 -1.12467774586 -1.51798132562 -2.28075153614 0.00490834246637
3 -1.46225591682 -1.99975042131 -3.07859076486 0.00409850659649
4 -1.68998203976 -2.4095050523 -3.95199364858 0.00308205615792
5 -2.01994300997 -3.08492154702 -4.59804659871 0.00576255542883
6 -2.3279272789 -3.78354646591 -5.2300524322 0.00174664785177
7 -2.5693869201 -4.52420425877 -5.84279601451 0.00654181823646
8 -2.6767557273 -5.23379147643 -6.52633629018 0.00330856538323
9 -2.82346487662 -5.99434747467 -7.14458304262 0.00493106559701
10 -2.80387303852 -6.75890810821 -7.77481902769 0.00490398397225
11 -2.85713097388 -7.53597817938 -8.38750558483 0.00971928512827
12 -2.90260985821 -8.20100631613 -9.12074594897 0.00745524260688
13 -2.83927073444 -8.76025142311 -9.93630644823 0.00937870908582
14 -2.93552401319 -9.28334159088 -10.7723053639 0.00775778868023
15 -3.09863658203 -9.69331309506 -11.659444258 0.00279932109232
16 -3.24823888721 -10.1212468965 -12.5404354556 0.00382878944301
17 -3.29225707573 -10.4921089119 -13.4581186422 0.00816548413901
18 -3.28951133975 -10.9380883673 -14.342751125 0.00337211581471
19 -3.27029852181 -11.2618767202 -15.2788343296 0.00568366589896
20 -3.30853461073 -11.3445743282 -16.2652954065 0.00977086296927
21 -3.24783629451 -11.3860907696 -17.2531480941 0.0289799952763
22 -3.10571235908 -11.5274780736 -18.223000918 0.00530909039467
23 -3.00813203138 -11.5829227041 -19.206938826 0.00492941449132
24 -2.8529041744 -11.5922134247 -20.1849296335 0.0089234888777
25 -2.7541883288 -11.6973951256 -21.1645717931 0.0069504162176
26 -2.60492336257 -11.7548086748 -22.1417190472 0.0157954817114
27 -2.47915867787 -11.7778762782 -23.1234465589 0.00325728241937
28 -2.42255359059 -11.8821932455 -24.106298747 0.00349888513231
29 -2.41172540359 -12.3351976305 -24.9864294665 0.00331200131485
30 -2.50391471445 -12.7729383144 -25.8694870979 0.00295588379371
31 -2.59173011627 -13.1821793901 -26.7665242348 0.0035999899
32 -2.88648695657 -13.7427875035 -27.5271573779 0.00411478748069
33 -2.90429387113 -14.2122857858 -28.3983479278 0.00299754818124
34 -2.91348212957 -14.6453467694 -29.2883214337 0.00332369299413
35 -2.90132927109 -15.1087610094 -30.1627995831 0.011461707839
36 -2.930929565 -15.545027515 -31.0506157889 0.00287214867904
37 -3.24314820851 -16.1622755243 -31.7582838909 0.00503594464759
38 -3.4619459641 -16.6826251562 -32.5710579618 0.00829302020728
39 -3.56934962488 -17.1872856557 -33.415387 0.00499374362954
40 -3.66032293309 -17.8021181468 -34.1852448887 0.00415411777126
41 -3.878718242 -18.2703863475 -35.0290297731 0.00447111359619
42 -4.13543021811 -18.7078520539 -35.8784941149 0.00680921614436
43 -4.26302406615 -19.3249994824 -36.6410818053 0.00393886714068
44 -4.16942563655 -19.9389618819 -37.4110896701 0.00157627956986
45 -3.96534280917 -20.5957653121 -38.1220894183 0.00466473656626
46 -3.5721376156 -21.2178679347 -38.7830181891 0.00369635516322
47 -3.11335181132 -21.6832974818 -39.5255226861 0.0116645666011
48 -2.80944343798 -22.4789397054 -40.0281978204 0.00433974736107
49 -2.42089117477 -23.2023057341 -40.579372599 0.00332205747565
50 -1.85149430634 -23.8377070751 -41.0793653152 0.0044920797599
51 -1.80632375517 -23.8879515928 -41.1234977073 0.000279601480113
52 -1.32977294142 -24.491539484 -41.7444647338 0.0124169029779
53 -0.768924687935 -25.0156153366 -42.3670031381 0.0076830080118
54 -0.301135742342 -25.8348699602 -42.6610634421 0.00146055530252
55 -0.570804980836 -26.502989492 -43.3374429565 0.00309716209271
56 -0.69876666077 -27.148672052 -44.0745201351 0.00526612450815
57 -0.738312213086 -27.6812548058 -44.9059657041 0.0039333605396
58 -0.62106333738 -28.1728503409 -45.7550968967 0.00305687569784
59 -0.471514619371 -28.6473507873 -46.6088291247 0.00474764587159
60 -0.25674943831 -29.2556222794 -47.3572160857 0.013931864756
61 0.026663335634 -29.7200450825 -48.1817954918 0.00410812092245
62 0.416914163397 -30.1869500235 -48.9599493394 0.00510910576879
63 0.843699118848 -30.7992844171 -49.6068855619 0.00138607818834
64 1.27060505092 -31.5152992115 -50.1366116998 0.00470383042396
65 1.48698901967 -32.4646737404 -50.3014951104 0.00441394041894
66 1.64956202503 -33.436624247 -50.2375374502 0.00318240857269
67 2.0883275995 -34.3194270582 -50.2947886214 0.00326967719844
68 2.57234431631 -35.1783937111 -50.2403733863 0.00219842377132
69 3.06646558576 -36.0140813352 -50.420618092 0.00811246657702
70 3.70976176577 -36.7438949611 -50.5890392146 0.00402334700835
71 4.38814154666 -37.4485936416 -50.7229174287 0.00426249732692
72 5.09190652923 -38.1407552444 -50.738393118 0.00318210645369
73 5.80454768611 -38.7952040045 -50.5424562324 0.00652526316725
74 6.57051342603 -39.4050558326 -50.4169177092 0.00407790662995
75 7.35587857939 -39.9492557498 -50.1692274289 0.0137006213643
76 8.25348015917 -40.3335220282 -50.0257229591 0.00503871604578
77 9.19872241733 -40.5889164725 -49.9028267818 0.00760338960237
78 10.0037919497 -41.0956366089 -50.1650107605 0.0017496112242
79 10.8561469717 -41.3645013933 -50.5831596343 0.00496316232791
80 11.7428566837 -41.6140766477 -50.936646668 0.00468727636212
81 12.6575802958 -41.7334031929 -51.2865234316 0.00255343792377
82 13.5933373328 -41.8173034499 -51.5875382746 0.00454483689629
83 14.0101103459 -41.4555751681 -52.4053955475 0.00127690358633
84 14.4929698229 -41.1290460282 -53.2013938669 0.00159462727454
85 15.0233772809 -40.8973559051 -54.0003530686 0.00422030741833
86 15.5036245628 -40.6847160274 -54.8354645346 0.0142737415776
87 15.8252583154 -40.2932431356 -55.6817459539 0.0128985928169
88 16.0156711638 -39.8567689361 -56.5453353246 0.00489596874687
89 16.2273345691 -39.4874702436 -57.434861452 0.00410979560262
90 16.3306667753 -39.0382395312 -58.3065403936 0.00377203151613
91 16.2820514414 -38.7196109156 -59.0539477846 0.00300721521668
92 16.221660214 -38.3510267771 -59.96632667 0.00487357511719
93 16.0600120564 -38.1276033973 -60.9127830559 0.0024766552829
94 15.896679707 -37.8668603008 -61.8493099965 0.00726794117682
95 15.9290433211 -37.5617388898 -62.7860006187 0.00211403804519
96 15.7634380027 -37.1637594215 -63.6723500397 0.00202760269227
97 15.6434560484 -36.8537747425 -64.6002076572 0.00143138447495
98 15.3342669198 -36.414285406 -65.4263587674 0.00606221730934
99 14.9817366093 -35.9278705732 -66.2074992218 0.00652655966151
100 14.6214524082 -35.4778451296 -67.0065908645 0.00155389803216
101 14.2084360912 -35.1043121008 -67.8194437338 0.00821037205679
102 13.6832714864 -34.907562922 -68.6294299859 0.0034474717168
103 13.0872749844 -34.7485679703 -69.397514739 0.0032549621422
104 12.4148630322 -34.6513636629 -70.1107579136 0.00381341119411
105 11.8832153666 -34.6208639797 -70.9394289331 0.00365858004072
106 11.3964068642 -34.6374660931 -71.795539971 0.00413606295282
107 10.8947336597 -35.0413905487 -72.5406102689 0.00363127548595
108 10.2497629872 -35.3750858611 -73.2057764557 0.00519899846964
109 9.63362308715 -35.753828744 -73.8740174058 0.00193571297321
110 9.05022262607 -36.2809234783 -74.4667420622 0.0035209773818
111 8.71714046356 -36.897805127 -75.1580980989 0.0147833525717
112 8.41950908915 -37.5570002355 -75.8258041369 0.00666687447714
113 8.29483714226 -38.3563030901 -76.3863661698 0.0033809624918
114 8.22726405215 -39.1073656547 -77.0187651066 0.00793110949507
115 8.39381883016 -39.8052680812 -77.6922176527 0.00453522612127
116 8.73206181646 -40.3549405998 -78.4349796427 0.00640033723504
117 9.1934168802 -41.0156602238 -78.9993297783 0.00274306939152
118 9.65800651309 -41.5623286938 -79.6725148841 0.00732801374435
119 10.0399459309 -42.0905741058 -80.4092214704 0.00529015529721
120 10.4161791025 -42.6575497115 -81.1194558287 0.00569394370052
121 10.7215650534 -43.2161565596 -81.8691019159 0.0135104991323
122 10.9949977921 -43.5912576435 -82.7359443363 0.00415116900805
123 11.2068625387 -43.9608993217 -83.6220734585 0.00435788747423
124 11.3822679475 -44.5787446913 -84.3663497323 0.00287705885893
125 11.6560019386 -45.2077878083 -85.0703936805 0.00486818537623
126 11.7530647169 -45.8494398786 -85.8086396378 0.00722831501942
127 11.95284751 -46.4904629745 -86.5262912019 0.00345866709275
128 12.3831765817 -47.0375231929 -87.2200014225 0.00251732740453
129 12.7700790005 -47.6390845864 -87.8938016452 0.00300236759725
130 13.3917413265 -48.062123045 -88.5262566148 0.00443521433926
131 14.1062020722 -48.4245805879 -89.0949144916 0.00519950531925
132 14.8462282689 -48.7610829401 -89.6463736735 0.00433345978807
133 15.5663501907 -48.9115065866 -90.297275711 0.00275288115519
134 16.3043821505 -48.9941859977 -90.9401055552 0.00418199760177
135 17.0708460534 -48.9790103394 -91.5539991796 0.0046946844327
136 17.8547049684 -48.9469943402 -92.1446685532 0.00265150248658
137 18.4148937456 -48.9152986973 -92.9506522797 0.00501209957288
138 18.9209775496 -48.7315966133 -93.7718488048 0.00492721229157
139 19.4354450019 -48.4557291466 -94.561285713 0.00876510673165
140 19.9403113267 -48.0798368552 -95.3145409623 0.00347624182477
141 20.4468338751 -47.630161194 -96.0249028542 0.00261461529963
142 20.7375260731 -47.3064668158 -96.9047694543 0.00174777760437
143 20.9224757175 -47.0790008508 -97.8415126644 0.00926354891686
144 21.3016528881 -46.9092977641 -98.7305543267 0.0109206282551
145 21.7059378347 -46.626932873 -99.5786428346 0.00451787278197
146 21.4718476101 -46.1640915719 -100.411220619 0.00274205067342
147 20.978831921 -45.8523670717 -101.199760721 0.00526738775693
148 20.5445957839 -45.5894529926 -102.03890118 0.00373958087041
149 20.0443622024 -45.083149636 -102.713380414 0.00423175421903
150 19.5242340861 -44.7189176154 -103.460487575 0.00272723379367
151 19.3122464252 -44.7800208012 -104.415895496 0.00663824062006
152 19.0722593473 -44.7538059873 -105.366090578 0.00543375057179
153 18.7202546906 -44.8768756959 -106.272610841 0.00565325232902
154 18.4198319672 -45.0353950952 -107.191952226 0.0037512459865
155 18.388152059 -45.2472008072 -108.148282531 0.00350005645934
156 18.2732704682 -45.3650888928 -109.114292826 0.00628401901043
157 18.4002220146 -45.5090810355 -110.075072294 0.00335745856853
158 18.4428670028 -45.7896476122 -111.012734073 0.00754227482659
159 18.3428122417 -46.0665775842 -111.946892286 0.00724917525483
160 18.3657397952 -46.2922980908 -112.89953245 0.00921796743532
161 18.348681684 -46.3560734078 -113.876356025 0.00723508758803
162 18.5026480937 -46.5642572493 -114.820315255 0.003581443094
163 18.6647732515 -46.7316111866 -115.770908004 0.0046012598244
164 18.6427959154 -46.8789387127 -116.738120393 0.00647820424901
165 18.7343712741 -47.2707432673 -117.629930304 0.00651897217103
166 18.8124439332 -47.7473431468 -118.480550688 0.00227320752984
167 18.8698763811 -48.1378136773 -119.375514582 0.0081260062099
168 18.9465234425 -48.6219334252 -120.221649233 0.0037462126334
169 19.1418166045 -49.1867749311 -120.995403087 0.00525476172157
170 19.4384829496 -49.6933690987 -121.777022551 0.00554182210159
171 19.8766493362 -50.1633366887 -122.513454188 0.00328145776245
172 20.2328935339 -50.6169917367 -123.302340296 0.00604661257959
173 20.7321269968 -50.8651759718 -124.104755956 0.00591539223729
174 21.4560300869 -50.9953096827 -124.747545842 0.00538875198243
175 22.0963249236 -50.4162282298 -125.203979814 0.007335247606
176 22.6881214063 -49.9662920783 -125.836959654 0.0189206705788
177 22.9072197306 -49.2882242076 -126.50354551 0.00328245471654
178 23.0794460265 -48.8259027533 -127.345396169 0.00397130227158
179 23.2439596832 -48.3428038833 -128.176890105 0.0023778650117
180 23.5345099966 -47.9316681034 -129.012487154 0.00516915352662
181 23.450722946 -47.4929969584 -129.879615065 0.00319818853378
182 23.2421731109 -47.0689378712 -130.732727707 0.00349118843583
183 22.841546653 -46.6740694793 -131.529202905 0.00555278736636
184 22.3361052963 -46.3707198465 -132.305657536 0.00515096148727
185 21.5671683255 -46.1046424725 -132.842004313 0.00691009833696
186 20.8888675031 -45.9080007868 -133.513275528 0.00412501691684
187 20.2585323143 -45.6350978407 -134.204133129 0.01137269465
188 19.6162719857 -45.650400359 -134.935941725 0.00460983009724
189 19.3198567777 -46.0918198015 -135.751616905 0.0074944997774
190 19.1844231898 -46.4655840268 -136.640170263 0.00911506923192
191 19.1041508868 -46.6486795121 -137.592529143 0.002476645935
192 18.9220484478 -46.899222413 -138.514901643 0.00735374112808
193 18.7749957913 -47.2280272877 -139.418415148 0.00149248557182
194 18.554808477 -47.3082987147 -140.362393631 0.00307006561196
195 18.4314825095 -47.4021346705 -141.322488516 0.00229998062679
196 18.3589023706 -47.9962280173 -142.088695638 0.00335465411943
197 18.2553753188 -48.5641296028 -142.870871569 0.00431024328373
198 18.3790742493 -49.3020120834 -143.491091874 0.00381010683449
199 18.2157744611 -49.7886344047 -144.316279408 0.00323505479001
200 17.9260439456 -50.2167375827 -145.139020362 0.00573354702878
201 17.6702416024 -50.7604073556 -145.902245828 0.000812313813393
202 17.4451789257 -51.2287165735 -146.722962192 0.00525531277076
203 17.1771117821 -51.7818839553 -147.474702551 0.00556488171787
204 17.3098551235 -52.4031378658 -148.208774502 0.00318371694757
205 17.3323262761 -52.9863869912 -148.984355542 0.00569243858437
206 17.4199632885 -53.669211069 -149.668183494 0.00355533615904
207 17.5556474243 -54.3143203764 -150.379997999 0.00697519946802
208 17.8520065558 -55.0154189825 -150.980894599 0.0055234167811
209 18.1502142208 -55.5821131799 -151.708915723 0.00298095797401
210 18.3760718138 -56.296819381 -152.323585925 0.00728308383433
211 18.7798053967 -56.997052988 -152.857897661 0.0038195883775
212 18.9777041512 -57.256424856 -153.770351466 0.00248320539596
213 19.3299063838 -57.4040146534 -154.660794172 0.00608259665192
214 19.4367154318 -57.5347505093 -155.614587644 0.00479737734378
215 19.6653168013 -57.6031528213 -156.553074554 0.0042817467236
216 19.5709649816 -57.7904779521 -157.498202927 0.00470558048433
217 19.7273902436 -57.9645545453 -158.437339894 0.0036934181239
218 20.2104009636 -57.9938162204 -159.27519444 0.00340660120011
219 20.591631925 -57.9734886726 -160.164088819 0.00662435954137
220 21.1703942456 -57.4243901797 -160.710101729 0.00569947405098
221 21.7114515537 -56.7177075777 -161.086456012 0.0159551586192
222 22.2067736888 -55.9557963251 -161.412081418 0.00284963115384
223 22.7917698398 -55.2800809622 -161.776447454 0.00232264854069
224 23.1510361013 -54.4343593087 -162.071274881 0.00589703991038
225 23.052186708 -53.5370776575 -162.411375323 0.00284763605717
226 22.8346921225 -52.6822344519 -162.801483089 0.0107832659386
227 22.3808105353 -51.8902704184 -163.110677027 0.00562202152526
228 21.7718862845 -51.1955555277 -163.383891522 0.00282352966567
229 21.188977068 -50.4328858782 -163.462388454 0.00440697913179
230 20.7332634604 -49.7364836663 -163.946801777 0.00195637611687
231 20.2483551225 -49.2290192883 -164.606072101 0.0124387098557
232 19.5570753124 -48.5852637238 -164.787197196 0.00473791397026
233 18.9079853731 -47.9278375087 -165.053564865 0.00324879902314
234 18.3856616916 -47.1252649665 -164.969954931 0.00534304038335
235 17.8182062946 -46.3506137401 -165.002630657 0.00585103964194
236 17.009854492 -45.8591899769 -165.168173476 0.00399094293532
237 16.1585625301 -45.4306740947 -165.283923801 0.0110467607374
238 15.4227092525 -44.819382141 -165.353700799 0.0036515410829
239 14.5560417792 -44.4610839563 -165.553736525 0.00229586883936
240 13.6153098785 -44.2828711498 -165.602271022 0.00689108335982
241 12.6657125527 -44.3508058733 -165.494322923 0.00150150802607
242 11.7253281204 -44.3301108928 -165.676086449 0.00745778402352
243 11.1804274716 -43.5430201398 -165.666650161 0.00363043071216
244 10.5076190012 -42.8770160633 -165.526276792 0.00279959930439
245 9.67203375033 -42.5035875738 -165.247181204 0.00452702504157
246 8.98736685443 -42.0668106274 -164.741729689 0.00228809128484
247 8.26485581134 -41.6139634175 -164.308786973 0.00694864621285
248 7.42579426174 -41.3203457528 -163.958095205 0.00527267087911
249 6.57571550012 -40.88513742 -163.950622532 0.00548309025052
250 5.68556829491 -40.5657249485 -163.821270772 0.00394451313559
251 4.79593715504 -40.2404791699 -163.706588854 0.00557189619675
252 3.84308496014 -40.2540232853 -163.671952897 0.0123720339237
253 3.27702978117 -40.2099448147 -162.906814573 0.00367255871025
254 2.75706373042 -40.146527244 -162.111355467 0.0111400514846
255 2.40668657364 -39.7711554329 -161.310595826 0.00429023065878
256 1.89125142066 -39.2895159633 -160.673445873 0.00788657947448
257 1.65128443055 -38.9351360791 -159.825358404 0.00565311327199
258 1.51266313334 -38.4879026494 -159.16448635 0.00516330392664
259 2.06737133496 -38.3916954041 -158.495250722 0.00713121518616
260 2.64686008329 -38.2399658562 -157.863475706 0.00483133242077
261 2.64651848346 -37.6568599166 -157.220608373 0.00641630957118
262 2.55761635243 -36.9877436219 -156.68139424 0.00544447568253
263 2.31623592191 -36.6971645042 -155.907463835 0.00838438914676
264 1.78986916073 -36.0997392977 -155.59650838 0.00308560583857
265 2.39855032177 -35.5997267237 -155.269940951 0.00790278320427
266 1.87156698904 -36.1552436027 -154.907352758 0.0046131376219
267 1.1850102591 -35.8018172406 -154.567227831 0.00191737469698
268 0.945979976114 -35.7622812647 -154.414448987 0.00144174377458
269 0.280464425585 -36.0252361089 -153.998771254 0.00717832025639
270 0.543188709164 -36.5383478807 -153.413649197 0.00328000946205
271 1.01732045301 -36.8488721644 -152.823447598 0.012061070945
272 1.60041412943 -36.3533751438 -152.572651587 0.00621322493422
273 2.09041279306 -35.9527099781 -153.055239596 0.00833009402695
274 2.00701503558 -35.2019684047 -153.269863749 0.00804517320638
275 1.68995848309 -34.8896337541 -152.634766927 0.0034218005448
276 1.01508222288 -34.9724455617 -152.273463736 0.00569360085448
277 0.578827081732 -35.2755463296 -151.727055833 0.00447612711546
278 0.0221181564799 -34.8184872012 -151.951588482 0.00746541361409
279 0.179811831008 -34.1200727867 -152.14746295 0.0115657559882
280 0.375230141759 -33.7734889711 -152.750819063 0.0109762648092
281 0.860966296483 -34.2076922055 -152.495188238 0.00246230892614
282 1.38606426961 -34.4011358907 -152.083225828 0.00547931058609
283 1.68348977497 -34.6504649154 -152.645196466 0.0114489950215
284 1.69145750154 -34.7323590199 -152.628055293 0.000556027539323
285 1.6993785656 -35.3368442526 -152.406209127 0.0104291988808
286 1.72487714443 -35.8656133307 -152.096706401 0.0084198592644
287 1.48938311277 -35.4527052743 -151.755148375 0.00940354026511
288 1.12916672049 -35.6728287261 -151.401663533 0.0102375485464
289 0.664534386076 -35.6346207984 -151.602628797 0.0096396430197
290 0.446857417716 -35.351167012 -151.30885506 0.0104878284838
291 0.442713362401 -35.3116149339 -151.716455178 0.0115994464197
292 0.515734784806 -35.1464768546 -151.998267193 0.0152883791609
293 0.580989780691 -35.294326624 -152.178651319 0.0180593907528
294 0.573956316149 -35.1620651819 -152.245859996 0.0120488269545
295 0.553351043475 -35.1045776929 -152.172744944 0.00604441112072
296 0.606263275783 -35.0562858858 -152.164676996 0.012874257794
297 0.583299007331 -35.062405047 -152.183120638 0.0136393169241
298 0.585107146705 -35.0602262955 -152.184061017 0.00365697136214
