115 -8.91735740893 4.54769359473 -4.42703549577 0.00224003886965
114 -8.9169338785 4.54866907631 -4.42592143543 0.0129304370127
113 -8.9291873503 4.5575673054 -4.40650328918 0.00753073061107
112 -8.9144637284 4.52071914515 -4.42954884886 0.0134393404402
111 -8.91106177989 4.54515636702 -4.52126904621 0.00382349706822
110 -8.80763286898 4.53892877313 -4.48332220309 0.0108678294279
109 -8.86889452973 4.50188456389 -4.62753049356 0.00148776958205
108 -8.95941372296 4.52237605599 -4.79082434466 0.0123092619832
107 -9.30077358266 4.55186359208 -4.46495519987 0.0135257507466
106 -9.33844697258 4.03243183226 -4.35121253859 0.011424885067
105 -9.28707591384 3.5135475387 -4.10372856024 0.00734674767596
104 -9.33982629936 3.56422882358 -3.50472123961 0.00716800473159
103 -9.59517632682 3.92269580789 -3.06036552629 0.0156881797663
102 -9.66097137616 3.79779952525 -2.40620643283 0.0113201798481
101 -9.60754846034 4.0107302992 -1.74603990734 0.0081060921004
100 -8.96385795529 3.7269534577 -1.64060885632 0.00908494766672
99 -8.48020023602 3.2160176021 -1.83026144398 0.00604553809153
98 -7.9776698604 2.93394900825 -1.36633664174 0.0068558683054
97 -7.40196942495 2.45292450996 -1.34375573461 0.00568119683544
96 -7.51104535423 1.77183911705 -1.02528760987 0.0035699994969
95 -7.21619141064 1.22169811663 -0.582373807496 0.00797889059477
94 -7.09031398388 0.598277443408 -0.136556614355 0.00738107331075
93 -6.85617950432 0.384696512818 0.584077524608 0.00427990062281
92 -6.90018832737 -0.362029606347 0.842438596792 0.00741910349948
91 -6.72188735604 -1.0196040097 1.26757090486 0.00535407923463
90 -6.91357088849 -1.80450121079 1.24128884697 0.0156221238955
89 -7.050508791 -2.3303780003 1.8615340049 0.00512601758345
88 -6.35684173999 -2.71618638667 2.09886177377 0.00575342706187
87 -6.32687629528 -3.29118021337 2.70233219427 0.00465186233158
86 -6.59869683052 -3.66912751441 3.3993111159 0.00288379427288
85 -6.12078608852 -4.08620509501 3.9500649895 0.00136626544104
84 -5.90292861266 -4.17798182791 4.04833348018 0.0034773308588
83 -5.08640903201 -4.32744069129 4.33619487176 0.0100718152008
82 -4.30129502015 -4.49759430283 4.70389098905 0.00870928042153
81 -3.64955777419 -4.58397104566 5.30047822479 0.00324908682454
80 -2.8868563747 -4.41490381792 5.72451554459 0.00426123589661
79 -2.6585732844 -4.24662255188 6.56975378502 0.0149589817559
78 -2.70969427043 -3.90720091481 7.39891695107 0.00419184305846
77 -2.48509697486 -3.46804184986 8.15023892888 0.00482264832149
76 -1.89176704875 -3.79049832173 8.74550282014 0.00447068080153
75 -1.64146600749 -4.51514166691 9.21994785497 0.00610167143162
74 -1.79812330606 -5.10599060709 9.88597058447 0.011132563226
73 -2.01235925649 -5.59782697219 10.6182703971 0.00172518726275
72 -2.69550332811 -6.10330447819 10.2993225705 0.0116165724727
71 -3.52652916414 -6.39520665456 10.065999599 0.00615176241995
70 -4.36528982347 -6.68889971367 9.85692533727 0.00423060845793
69 -5.15655770228 -7.14495259592 9.81846306537 0.00215931365834
68 -5.79435213698 -7.33511308725 9.69783179292 0.00656402049058
67 -6.6591630719 -7.57596892722 9.40046009555 0.00611908800369
66 -7.31526440307 -8.16842823801 9.06224042435 0.00693126332425
65 -8.00194692469 -8.80667065685 8.92635862059 0.00104010394803
64 -8.74150983749 -9.357073791 9.14486513298 0.00282218471547
63 -9.5966011951 -9.74737373774 9.2662156107 0.00330347963205
62 -10.5092430952 -9.80857456667 9.51604846826 0.00498840975362
61 -11.4194188377 -9.64615068419 9.72905818887 0.00400991479813
60 -12.2745092909 -9.23559807383 9.76454824683 0.0119085149787
59 -12.9791415468 -8.78822557131 10.2197828205 0.00534477758697
58 -13.5942071463 -8.07260020762 10.33925131 0.00441575325903
57 -14.154552068 -7.47146240292 10.8194473664 0.00488941217337
56 -14.8496019203 -6.90671658538 11.1430201868 0.00411902743625
55 -15.7878324268 -6.75653400779 11.075458376 0.00353121444594
54 -16.7374877259 -6.70399702416 11.1344624005 0.00319571964442
53 -17.6380485524 -6.88040969637 11.392668625 0.00408309691808
52 -18.4884721007 -6.74114485492 11.8014694594 0.00924051342342
51 -19.2633473498 -6.36436636535 12.2126464841 0.00497442407298
50 -19.9529623641 -5.70664929721 12.2756107915 0.00318864114713
49 -20.4010192184 -4.86294268527 12.2855024882 0.00469644829041
48 -21.0814645857 -4.19452576857 12.2242950809 0.00708327044818
47 -21.723413255 -3.48575562538 12.2067051701 0.0055914066466
46 -22.2231551661 -2.6738610027 12.2892330973 0.00322854800086
45 -22.8114031208 -1.93043981172 12.4217958201 0.00199625881274
44 -23.2361933499 -1.08632289844 12.5755641146 0.00525286303817
43 -23.5346052282 -0.178206322391 12.6366963796 0.00322321681471
42 -23.4280037382 0.736277401719 12.9020893927 0.00727847797205
41 -22.9700642567 1.55006235524 13.1194685776 0.00077985327975
40 -22.2973913736 2.16418421025 13.4190585679 0.00350393824146
39 -22.3686504652 3.01923971877 13.8478539729 0.00632621493676
38 -22.1133382669 3.89225327615 14.1537612888 0.00380258249892
37 -22.0532270124 4.85006372691 14.1726113746 0.0040512977802
36 -21.844955183 5.76219950349 13.9565817763 0.00548592785787
35 -21.5043864316 6.46214853782 13.3933030578 0.0046197001674
34 -21.1635757904 7.21806102448 12.9072917125 0.00834727698898
33 -20.6417910327 7.91331819677 12.495926983 0.0213692719592
32 -20.1290695356 8.64204580395 12.1301465233 0.00466973537681
31 -19.2871711002 9.01470179451 11.8462402473 0.00564058353063
30 -18.5167878681 9.30414182337 11.3443089587 0.00448999773722
29 -17.6197420064 9.20921186877 11.003862796 0.00276136892503
28 -16.8171549535 8.8067459778 10.6519570367 0.00358182876784
27 -16.1812750156 8.09268000726 10.5252814496 0.0036334906938
26 -15.8147886107 7.23115112743 10.2924115977 0.00364730162413
25 -15.3703719492 6.37526581672 10.2591082989 0.00611418434396
24 -15.2028017189 5.66180790127 9.63042430127 0.0049377633184
23 -14.3297526671 6.05887060962 9.51811266889 0.00466504517683
22 -13.8092473014 6.87157374329 9.47802621465 0.00877921238154
21 -12.9571842309 7.32262931332 9.5455915641 0.00659265021134
20 -12.5048913641 8.12402325705 9.24884598152 0.00565287555999
19 -11.7577000298 8.5403825732 8.79722847792 0.00395282206163
18 -10.9844660517 8.91166023688 8.34968553748 0.00326588116082
17 -10.0800751223 8.90376063818 8.00572570042 0.00315290474722
16 -9.29072519802 8.91458135184 7.44568068133 0.00384376850661
15 -8.58453944229 8.71828521822 6.81314026663 0.00247166166445
14 -7.91631590077 8.7889000786 6.11587549346 0.0032548188995
13 -7.17212237874 8.6063410433 5.52365361263 0.00284748024677
12 -6.42125053638 8.29686736023 4.99591193585 0.00458885962908
11 -5.77461417589 7.68330047307 4.61668232451 0.00348483454248
10 -5.18885343617 7.04348646428 4.18501587218 0.00349333686578
9 -4.40717254789 6.63462988701 3.78383428058 0.00297435957983
8 -3.5753760877 6.24009085105 3.48083034768 0.00513549994139
7 -2.83101125943 6.01029818873 2.90357336812 0.00214044724415
6 -2.18634698559 5.41488975942 2.49120769338 0.00206837768408
5 -1.60103212083 4.73971519936 2.11455805552 0.00687687623345
4 -0.940921747035 4.09000553214 1.82638040394 0.00937070393356
3 -0.38786831056 3.43295977576 1.37434797692 0.00483479125723
2 -0.0132038851035 2.72871211683 0.821071009649 0.00616895764488
1 0.203234334643 1.87882296766 0.404271271078 0.00545652001411
0 0.124617667609 0.958395824202 0.104411493641 0.0202589529458
0 0.0156886175246 0.182884963791 -0.969007985366 0.00413573234371
1 0.117588206877 0.507240709006 -1.89471101601 0.00552476168953
2 0.176249580431 0.889928479476 -2.80160406656 0.00487401897993
3 0.0951525896232 1.17969559632 -3.74059097062 0.00468152787419
4 0.158279970688 1.47391562299 -4.67950277291 0.00385100341092
5 0.246116480008 1.99105775711 -5.51422114469 0.00406801940912
6 0.126751652058 2.64184459132 -6.24493160745 0.00158835969483
7 -0.0643383968383 3.36186916001 -6.89041965407 0.00509127750798
8 -0.436236400611 3.85772089495 -7.65681680128 0.00216162031252
9 -0.916720266685 4.31206322917 -8.38767957764 0.00157772546323
10 -1.46051072181 4.81322389406 -9.03920184828 0.00576554009704
11 -1.96026517898 5.35452633447 -9.69373978054 0.00923225192702
12 -2.42746727062 5.73427220774 -10.4738118249 0.0038129234775
13 -2.84112840269 6.07705519431 -11.2998286072 0.00429036309539
14 -3.34404184751 6.37491595082 -12.0929989774 0.00313820559529
15 -3.93646136348 6.57880085034 -12.8533346441 0.00496365965596
16 -4.45490867225 6.8295163864 -13.6526297754 0.00787270284463
17 -4.8679122302 7.03199396939 -14.5237019627 0.00422482298979
18 -5.22218900843 7.05258541486 -15.4425664119 0.00736365007126
19 -5.21683237528 7.35299122893 -16.3805223924 0.00445545907399
20 -5.29195966996 7.68540719001 -17.3044993585 0.00681606226393
21 -5.46696342834 8.15427688704 -18.1525098132 0.0040147668501
22 -5.62031180908 8.5216136134 -19.0530945846 0.00216586378283
23 -5.96622647658 8.82235110445 -19.9244764847 0.00277521576697
24 -6.33381104691 9.00764304774 -20.8188395786 0.0112108735186
25 -6.57607222801 9.15660017278 -21.7612476867 0.0027115464291
26 -7.04446199908 9.29747909994 -22.6154130648 0.00479589517071
27 -7.42570425956 9.44653003305 -23.5104822688 0.00201767001011
28 -7.84296721746 9.4074491972 -24.4009887414 0.00213999884049
29 -8.35234260552 9.41415318052 -25.2430159695 0.0045482908646
30 -8.61534662496 9.80723375137 -26.1059745634 0.00438603407056
31 -8.97398594734 10.0905934466 -26.9773653569 0.00748922702897
32 -9.31642685396 10.339751872 -27.8654221004 0.00533242415471
33 -9.54413909971 10.4732452125 -28.8131508065 0.00515127653317
34 -9.58480191435 10.6982009634 -29.7699319833 0.003331788622
35 -9.90551092031 10.8788615647 -30.6820882019 0.0039904001555
36 -9.98976382351 10.9647943984 -31.6582863233 0.00545969896373
37 -10.1190132252 10.9071260197 -32.6315345556 0.00553489432428
38 -10.3373466445 10.8823780983 -33.5900441789 0.00226689267084
39 -10.1715582159 10.6977719471 -34.5415511101 0.00556024516549
40 -10.0775379565 10.643941016 -35.518799273 0.0044650960804
41 -10.204064988 10.6200215906 -36.4934781467 0.00310149489684
42 -10.2246218586 10.4842438253 -37.4669270132 0.00615298091625
43 -10.028651599 10.2811230385 -38.4084823843 0.00361040866513
44 -9.88433956075 10.1225546921 -39.3677004288 0.00219341705071
45 -9.68523073002 9.876984998 -40.2982931284 0.00301038908062
46 -9.74312161966 9.29828522592 -41.0904081828 0.00111303503967
47 -9.88115223966 8.81543037054 -41.9350959725 0.00982554011407
48 -9.94216470921 8.13425399911 -42.6403996124 0.00519143125243
49 -9.68943081978 7.55624837283 -43.3934230862 0.00202499868004
50 -9.25799705528 7.14562974634 -44.1745827907 0.00623476656474
51 -8.90135987877 6.9155582168 -45.0604056399 0.00505319074708
52 -8.0739903565 6.40529688998 -45.1990247401 0.00934214725353
53 -7.78029401897 6.26715928362 -45.2452947477 0.00116959264718
54 -6.91989472614 5.79664246376 -45.2316762081 0.00135198529886
55 -6.02896864785 5.41970685588 -45.0704839221 0.00385052741537
56 -5.06539524821 5.238113344 -45.0833651559 0.00230680893123
57 -4.08754979919 5.18790502389 -45.1363424753 0.00392149239744
58 -3.14705597806 5.24517895629 -45.4075658697 0.00255082008539
59 -2.2378897448 5.36660187768 -45.7539098607 0.00308325503431
60 -1.35607379231 5.51911840577 -46.1542849037 0.00613855971449
61 -0.599785919495 5.72959764789 -46.7414112441 0.00608467762722
62 0.257204764946 6.03889483397 -47.1025905633 0.00126258928673
63 1.19178197326 6.17095002571 -47.3663546574 0.00410689141777
64 2.09844797705 6.52183024626 -47.4890082828 0.00862140870661
65 2.87681385631 7.07582596808 -47.7058708625 0.00479179972569
66 3.70957625186 7.5727668817 -47.8440290783 0.00777087672228
67 3.53587019052 8.10113126738 -48.6503998897 0.0033522888198
68 2.99111168978 8.38339998988 -49.4138910907 0.00277537362411
69 2.51162900123 8.79151001914 -50.1640513956 0.0044200859075
70 2.44502580904 8.86433081714 -50.2384924856 0.000292867669876
71 1.89616372254 9.45875870772 -50.7891781181 0.0026904290338
72 1.33593671763 10.1814747654 -51.1375958732 0.00421943040712
73 0.5977402449 10.7840119998 -51.3596217471 0.0080787740402
74 -0.30046683957 11.1635391858 -51.4369343815 0.00562549548669
75 -1.1040115157 11.6294650293 -51.7431498496 0.00724653501426
76 -1.93362552078 12.0511517506 -52.0432133485 0.00313274466959
77 -2.7541005761 12.4323453764 -52.4139994218 0.0367444981062
78 -3.63003779267 12.8029052205 -52.6355332733 0.00611118868526
79 -4.54253329473 13.0232871084 -52.9039896209 0.00451381158068
80 -5.32279187553 13.400339015 -53.3535744453 0.057155700746
81 -5.92104033206 13.4610924411 -54.1203062161 0.00692576126019
82 -6.46325425357 13.4102139391 -54.9280364645 0.00478283152364
83 -6.86649899205 13.4220175755 -55.8146178416 0.00469662064249
84 -7.52728393661 13.0476117028 -56.4239013235 0.0054829887887
85 -7.93443970306 12.23231827 -56.7658208616 0.00189845494324
86 -8.38732677534 11.3962508573 -56.5583195301 0.0029678071316
87 -8.8521768245 10.6569611692 -56.128864088 0.00210619460635
88 -9.19550815753 9.92930818251 -55.5814611706 0.00431194744136
89 -9.36810819701 9.07238346152 -55.1543280733 0.00382708366279
90 -9.42965640387 8.19668324659 -54.7352825182 0.0305776477463
91 -9.61080643602 7.24755729335 -54.6360556087 0.00592716719277
92 -9.53345180155 6.28885350294 -54.5023080627 0.00304337383329
93 -9.3910913765 5.33973419095 -54.6493544087 0.00645970641501
94 -8.79861109337 4.58900086105 -54.4835103891 0.00856103988415
95 -8.18023655977 3.89718324571 -54.19995785 0.00411922113538
96 -7.71812504677 3.09739459021 -53.9036249956 0.00176356180944
97 -7.23401579636 2.36276308923 -53.4951027111 0.00706447420921
98 -6.72090652082 1.65943963521 -53.0680987355 0.00470048989545
99 -6.05964944143 1.02690620895 -52.7481298619 0.00402815390199
100 -5.94214749247 0.154644600052 -53.1540386831 0.0034029947466
101 -5.70611360313 -0.643718661811 -53.6500840548 0.0037145797726
102 -5.18981717326 -1.35739030157 -54.0535806823 0.00396101798964
103 -4.47487104148 -1.91692205272 -54.3912542686 0.00635278806483
104 -3.79337056818 -2.52457452188 -54.7135909393 0.00455048181817
105 -2.99889872666 -3.07565549266 -54.7597094065 0.00162397711764
106 -2.22342657283 -3.54843873666 -54.7417184305 0.00799287338431
107 -1.38095015184 -3.84348827203 -55.0652347011 0.00483623277403
108 -0.559823108315 -3.41083823114 -55.2623955931 0.00713200640279
109 -0.352084822464 -3.24520819913 -55.3940200905 0.000951323182043
110 -0.0345290052974 -2.48331066181 -55.8462929271 0.00386568027234
111 -0.026104396265 -1.6917078919 -56.3544114346 0.00270611427065
112 -0.695896749039 -1.99521817154 -56.9405316084 0.00635214884332
113 -1.41925383466 -2.35921791565 -57.4164198964 0.00347603153452
114 -2.33111879974 -2.49809736619 -57.5896821059 0.00608259620534
115 -3.07786678576 -2.85512668204 -57.6734349687 0.0040209462486
116 -3.96262871921 -2.89051857632 -57.3869463827 0.00510810238182
117 -3.5191629947 -3.32754671101 -56.695978673 0.00520146195397
118 -2.73806690453 -3.64712821733 -56.3084248142 0.00308715316579
119 -2.02247034422 -3.93804324422 -55.7938418169 0.00258611691284
120 -1.2592526469 -3.98295440475 -55.268476358 0.00485479158666
121 -0.516937238693 -3.84082431243 -54.7323757992 0.00473755950037
122 0.329638699474 -3.85369699449 -55.1059275779 0.00660375380928
123 1.14316306928 -3.98921050502 -55.5225169692 0.00548803469216
124 1.8586607041 -4.12788626501 -56.0886935172 0.0101896331269
125 2.06420929157 -3.99750128953 -56.9769803275 0.00584147532126
126 2.37152685628 -4.02808531672 -57.8430949424 0.00562137409303
127 2.44607157793 -4.4341526791 -58.6630008682 0.0039363807392
128 2.54186739226 -4.90842366179 -59.4417938947 0.00191641316214
129 2.65945448186 -5.56052304863 -60.0743468749 0.00458466826903
130 2.83540413865 -6.09748942866 -60.7939884314 0.00978032075414
131 3.72608100519 -6.23523016489 -60.6577544481 0.00518699832155
132 4.58883080897 -6.38007830953 -60.4071228191 0.00810108963697
133 5.4024060755 -6.03262006337 -60.6093501821 0.0110929432014
134 6.13676491108 -5.50636713673 -60.6347408663 0.00673836969612
135 5.59976614801 -4.79401539031 -60.5046231221 0.00209535755047
136 4.9536140454 -4.234910487 -60.7900727242 0.00903323780482
137 4.52557128234 -3.77263001547 -61.430144884 0.00278912146274
138 3.84080964251 -3.54096261009 -61.9610082738 0.00373811873548
139 3.87034038079 -3.97577261551 -61.1781722756 0.00870091815169
140 3.70108418624 -4.704618129 -60.6927283113 0.00457407953657
141 3.18346580629 -5.24959906731 -60.2160855459 0.0095474765721
142 3.14461149115 -5.41654980388 -59.8270783585 0.00309914134205
143 2.47469103038 -5.67098988168 -59.3106250058 0.00344068582879
144 1.8194990786 -5.40345770442 -58.7847102441 0.00714798174271
145 1.048858598 -5.004158815 -58.6536552885 0.0131100583027
146 0.427031330979 -4.66942476514 -58.1431919232 0.00687939227758
147 0.357023572122 -4.03738800043 -57.5528463655 0.00515229691782
148 0.0669613855691 -3.23417319805 -57.4214354221 0.00520800725121
149 -0.493551069683 -2.6379444142 -57.6890374506 0.00342309010229
150 -1.09318706619 -3.15840928684 -57.3615461813 0.00832610604406
151 -1.28805376656 -3.82033917924 -56.8588309761 0.00854519582762
152 -0.674232552332 -4.38257529415 -56.7007758506 0.0110096688968
153 -0.106407414961 -4.98943373883 -56.8150624207 0.00549270472416
154 0.476248683248 -5.58409725609 -56.7587270441 0.00420385859372
155 1.29283397957 -5.73736801575 -56.7672718694 0.00727808018737
156 2.04354409737 -5.99280198946 -56.9933466214 0.00616553136094
157 2.36370679887 -6.71053285835 -56.7635390185 0.00542857690628
158 2.7521326009 -7.33865801539 -56.4221026705 0.00581414907114
159 3.55002890743 -7.4613458922 -56.432677672 0.00117140720216
160 3.98334853657 -7.94053784243 -56.9157179083 0.00913659709423
161 3.42450312679 -7.39455369044 -57.0517481496 0.00559865730957
162 2.7179456438 -7.62726472974 -56.7971498666 0.00739645881362
163 2.10736232384 -7.16385149942 -56.6737762958 0.00398548566604
164 1.55917463272 -6.99486459826 -56.1578511576 0.0044703703546
165 1.15708861004 -7.39607429065 -55.6453673952 0.00247330633896
166 1.38516320369 -7.82338692747 -55.0576872713 0.00269632684103
167 1.40327917064 -8.37631946393 -54.5406631449 0.0100448547999
168 1.18615843562 -9.01701140893 -54.2397336735 0.00409287260037
169 1.31403525327 -9.04717239511 -53.5169980909 0.00863363861989
170 1.85825788758 -9.10275799627 -53.0523415732 0.00988956393323
171 1.63657979879 -9.34755543588 -53.667363138 0.00610914598302
172 2.13032822828 -9.54560476708 -54.096970465 0.00943938901286
173 2.54730799166 -9.05455957939 -54.2410016561 0.00442816180617
174 2.76491758335 -8.47145308508 -54.4227308052 0.0118637055316
175 2.62598458836 -8.67005901689 -54.9875167993 0.00895785768188
176 2.92141221087 -8.51874300151 -55.4686538448 0.00986616213916
177 2.53441405955 -8.38736980267 -55.8328947 0.00887985630054
178 2.07714082717 -8.46377058041 -56.0456697707 0.00854110240426
179 1.71372631273 -8.17592906188 -55.9661544419 0.0101053903842
180 1.65313184344 -8.36467864226 -56.3364926363 0.00758422903222
181 1.41216297488 -8.09462663242 -56.4305844876 0.0189174888495
182 1.31664096297 -8.30461391497 -56.3203327835 0.0153158869277
183 1.31777963098 -8.13865853305 -56.2686670803 0.00371209243631
184 1.23250702154 -8.00873683475 -56.2642011423 0.0114778218839
185 1.15184864273 -8.07221228451 -56.2750439187 0.0128565860709
186 1.12583010314 -8.1071651667 -56.2416880744 0.00729133093368
187 1.10389977844 -8.08438729223 -56.235947287 0.00730363602013
188 1.1113117936 -8.09638619835 -56.2388080992 0.01077985561
