44 -0.174533244749 -0.997607286987 1.27159789516 0.000439375247876
43 -0.174777953676 -0.997498172587 1.2716691936 0.0100369955303
42 -0.178849909484 -0.991922649457 1.25978481531 0.00674408611338
41 -0.162820654668 -1.00773894751 1.24013779711 0.00970350260713
40 -0.211940163832 -0.994776596116 1.20765918842 0.00802563505356
39 -0.233626706608 -0.937076029751 1.14162236467 0.0175045751904
38 -0.0667204451048 -0.929940193196 1.11630154609 0.012609782499
37 -0.119593645408 -0.727644629747 1.00865011308 0.00440303868962
36 -0.212230519162 -0.556565351313 0.836300642562 0.00976505794816
35 -0.43398621062 -0.614426923956 0.613862685813 0.00964684542554
34 -0.23458352613 -0.863093916528 0.824858355835 0.0157008956619
33 0.0122418763377 -0.632120457699 1.14708475869 0.00821729839351
32 0.270990266133 -0.731996965518 1.5700283498 0.0112126604002
31 0.29054318719 -0.940036808056 2.08180324401 0.00994960725212
30 0.113927023857 -1.43264710192 2.35118008017 0.0111874861088
29 0.154302698632 -2.02161444981 2.55512498672 0.0123643131227
28 -0.0625567997851 -2.62378379642 2.3974625745 0.0124080803206
27 0.594260065523 -2.45491005423 2.27476113961 0.00973963285789
26 0.205729630591 -2.45734039423 2.87018257098 0.0186518615631
25 -0.0506109512039 -3.06453268076 3.2159748474 0.00661723701159
24 0.277029651955 -3.05052425297 3.89709493188 0.0077535819425
23 0.797092043837 -3.48978445398 4.24992248286 0.0060486134239
22 0.770361796652 -4.03723746112 3.70087277451 0.00694846985565
21 0.538089348708 -4.43588054208 3.06538341069 0.00708749517201
20 -0.0624480259391 -4.49887243703 2.55021320747 0.0107544731257
19 -0.256316725481 -4.06874580657 1.89311266253 0.0016255429545
18 -0.458936256381 -3.42066405061 1.45138687875 0.0046957516635
17 -0.578503970313 -2.62265726415 1.56147013094 0.00561112063696
16 -0.985710452039 -1.9196939588 1.67186014761 0.00811952491216
15 -0.996524752085 -1.09541486732 1.7416012953 0.00186636382347
14 -1.79649387063 -1.21998086452 1.56335214874 0.00480999952548
13 -2.49380769339 -0.826995726101 1.3320907452 0.00460240550689
12 -2.54219888013 -0.40192143689 0.611548413129 0.00459462974894
11 -2.85344953133 0.357955488081 0.431997905652 0.0179485545099
10 -2.583469801 1.14420056108 0.625727929493 0.00281857797676
9 -1.98432149591 1.62229059494 1.00604760851 0.00502965265557
8 -1.15419255535 1.7254658122 1.20010069752 0.0084070606376
7 -0.640117642795 1.04483578936 1.3370697381 0.0146342686607
6 -0.68869382141 0.176451127937 1.4020463739 0.00536247802689
5 -0.380621014285 -0.636534567884 1.30308765098 0.00379793779912
4 -0.462528763925 -1.50593709608 1.38356472963 0.0056859003858
3 0.137060570444 -1.80519944974 0.812666328392 0.00370064322948
2 0.884176730927 -2.0352375032 0.404594732384 0.00240153044029
1 0.412655990394 -1.3911213163 0.027339092005 0.00441362006264
0 0.38710773412 -0.653237996041 -0.460808012802 0.00712784791711
0 -0.0920717002008 0.297890831323 0.941446867705 0.00184922055236
1 -0.226439733258 0.560667041628 1.88823742246 0.0043760637757
2 -0.918906070053 0.897584529194 2.51297598033 0.00341505532624
3 -1.67779875743 1.07676319885 3.1255534854 0.00229327784857
4 -2.46394278616 1.16078687635 3.72401672584 0.00312087748655
5 -3.2084170118 1.1260939379 4.3780623745 0.00372272367311
6 -3.90996114073 1.07227696781 5.07672607895 0.00308379699246
7 -4.64592808508 0.83705689393 5.69813359183 0.00205274219633
8 -5.42301891771 0.57259037983 6.25424709939 0.00645326769055
9 -6.19726611539 0.143675950028 6.70093971634 0.00217233490663
10 -6.95887501819 -0.256718481945 7.19346503114 0.00700534590492
11 -7.54147895339 -0.885769965746 7.69118238294 0.00792541976422
12 -8.10909732637 -1.36010852995 8.35119696411 0.0023673821449
13 -8.58903552481 -1.9080789527 9.02363169987 0.00592733639466
14 -8.9941105429 -2.55456308812 9.65660875616 0.00286093612744
15 -9.36199674711 -3.1728722403 10.3385340016 0.00381985707017
16 -9.7292150589 -3.91445052075 10.8842267668 0.00371061270426
17 -10.0298409706 -4.72101765993 11.3757299121 0.00368951068365
18 -10.2034873286 -5.5017399629 11.9612227625 0.00251545841409
19 -10.3030289924 -6.30911122481 12.5275131471 0.006902967897
20 -10.2570625585 -7.02953045824 13.2066841997 0.00597937230121
21 -10.1098527254 -7.8138054979 13.794489865 0.0033251602155
22 -9.93605981036 -8.59124981396 14.3840700598 0.00216916610676
23 -9.57324529415 -9.28777101072 14.9885762584 0.00357637889586
24 -9.07899772979 -9.93781783171 15.5500899414 0.00639863038614
25 -8.5651279623 -10.538460313 16.1477764485 0.00857669534431
26 -8.11819749001 -10.8483563693 16.9761850169 0.00710850393694
27 -7.62630764133 -11.2191330131 17.7523847054 0.00591592872171
28 -7.14059147696 -11.6134001252 18.5208000105 0.00780311718158
29 -6.56752341808 -12.1417229162 19.1324510548 0.00473126376073
30 -5.7649216505 -12.4638924868 19.6157451565 0.00228250936015
31 -4.94379249854 -12.764603687 20.0813812802 0.00702922877388
32 -4.08653246271 -12.9592899574 20.5381017461 0.0230559571414
33 -3.18108373902 -12.9611335171 20.9395847679 0.00323656739537
34 -2.26001876995 -12.7733033808 21.2515437912 0.00387697054921
35 -1.37391627853 -12.7242593004 21.6912571841 0.00243005067128
36 -0.462369802157 -12.627375341 22.0661874816 0.000716022472716
37 0.403765458541 -12.3519111409 22.4596324631 0.00291710179822
38 1.1923993362 -11.8861189431 22.8363480343 0.0149142307205
39 1.78756779009 -11.1852194317 23.2039059436 0.00440564112327
40 2.53718392667 -10.9114967325 23.790195309 0.0030343979158
41 3.2469385449 -10.60294255 24.4079256457 0.00816181221329
42 3.98421879096 -10.3240391899 25.0071257605 0.00564723838077
43 4.81292151781 -10.0924767815 25.4969312888 0.00369136300343
44 5.64095132383 -9.87079417814 25.9923544198 0.00457218253421
45 6.4312857496 -9.52324765 26.4768387816 0.00193578416356
46 7.20524894277 -9.03394709294 26.8531959823 0.00618395033269
47 7.86451111459 -8.46838943826 27.3280886243 0.00320433692535
48 8.55029143405 -7.90012788451 27.7602028618 0.00380855115634
49 9.14775473788 -7.21594110661 28.1536364664 0.0245686246678
50 9.77901064917 -6.50730227887 28.4342886825 0.00216246657973
51 10.4965857304 -5.8628454198 28.6559462453 0.00451763410734
52 11.1759883341 -5.16791966072 28.8424324299 0.00449159193086
53 11.8241492603 -4.45959339482 29.0819678896 0.00101245290118
54 12.4154687539 -3.73517570197 29.4056577766 0.00444597040622
55 12.9147121238 -2.96654813878 29.778640701 0.00471420923027
56 13.2341193193 -2.16507948567 30.2631259649 0.00568823508016
57 13.6447626721 -1.43630081543 30.7915831507 0.00357752395765
58 13.9039840123 -0.642086598206 31.3216564868 0.00269940145344
59 14.1788011806 0.106637966744 31.9071565769 0.00466956797383
60 14.3075984186 1.07540141738 32.0608824648 0.00393208568443
61 14.2754544261 2.05287800604 32.2097337877 0.00347402654588
62 14.1754970687 3.03053525538 32.3227730601 0.00358026364171
63 14.0413662213 4.00349904453 32.4405337469 0.006091031111
64 13.8063427147 4.96428947328 32.4338735528 0.00364522579328
65 13.6138748486 5.93443382628 32.4235602838 0.00448574649488
66 13.1919716399 6.79366332548 32.1745803463 0.00585932329687
67 12.6106382638 7.50488936333 31.8079831472 0.00740238014016
68 11.9276006788 8.21263750041 31.9106897095 0.00467725866072
69 11.3193259681 8.8964758171 32.2852854411 0.00277081993586
70 10.5259765294 9.42726048943 32.5436218547 0.00339450226923
71 9.77829275634 10.0381556942 32.7571054165 0.00324827873357
72 8.95716650709 10.5699202197 32.9009952391 0.0032819914749
73 8.20045228266 11.1638462499 33.1297068363 0.00364410283291
74 7.486385577 11.7786347771 33.4293059345 0.0061832142154
75 6.52078202349 11.9905484608 33.4166309395 0.00561916720833
76 5.53715202355 12.0698600602 33.3572309678 0.00379903070172
77 4.56177316786 12.0383364793 33.1993687886 0.00387938124598
78 3.61135969049 11.8721806811 32.984161799 0.00469079048189
79 2.71086020738 11.9495891208 33.3844927459 0.00412338713547
80 1.95383873174 12.1586274709 33.984802372 0.00814463861448
81 1.15276822322 12.3870200647 34.5168496724 0.00663337334266
82 0.382221228796 12.6161895065 35.0918022834 0.0062502118253
83 -0.450941406639 12.7982569493 35.5911609326 0.0045804200453
84 -1.34709279125 12.9107281011 35.9921565596 0.0076799794448
85 -2.29096352999 12.8858563504 36.2834093176 0.00500475646923
86 -3.1205091415 12.7965438986 36.8127362459 0.00579121624576
87 -3.96751477085 12.6167729111 37.2885777769 0.00512683373969
88 -3.90402076305 13.4675259684 37.7868198976 0.00378786160115
89 -3.79093322087 14.2966548476 38.3119308005 0.00549003864948
90 -3.74259469806 15.2208814725 38.6572801664 0.00589107119943
91 -3.73223741321 16.1181918439 39.0700913713 0.00313335102121
92 -3.84130658199 17.0654595472 39.3276947338 0.00542326685648
93 -4.08035501864 17.9652549536 39.6573758742 0.00933720163917
94 -4.39834449877 18.8643300086 39.9138491651 0.00573313962793
95 -4.80874744412 19.730580491 40.1510691781 0.00654029553018
96 -5.35105309564 20.5419157985 40.3012846207 0.00434769716642
97 -5.84943080472 21.382308846 40.4433402448 0.00298043930205
98 -6.42368029773 22.1840682689 40.4898252715 0.00263913165752
99 -6.89854655905 23.0489115776 40.5248361712 0.0061507018026
100 -7.40433930851 23.8841428001 40.6700947262 0.00260479963012
101 -7.89875538525 24.6833368457 40.9723305794 0.00469490405319
102 -8.38845279773 25.4940588649 41.2503776397 0.00110633063788
103 -9.24050551529 25.9843066786 41.3397613933 0.00285959934332
104 -10.1675914893 26.3023681172 41.4564089693 0.00524913895306
105 -11.0987311743 26.6279565881 41.4894743929 0.00402123801991
106 -12.0461525687 26.9018681483 41.5267171972 0.00433192270197
107 -13.0269518615 26.9625696804 41.4358106478 0.00727383178489
108 -14.0136980909 26.959299561 41.4288297511 0.00557116672538
109 -14.9642634809 26.697403132 41.3911337536 0.00880088534752
110 -15.9210431781 26.4693443623 41.4680812125 0.00882409370977
111 -16.8880645661 26.2746997323 41.4577118874 0.00532671276212
112 -17.811600704 25.9294750049 41.4874447671 0.00441597738876
113 -18.6753405756 25.4532527732 41.481943571 0.0175670025836
114 -19.4963705247 24.9529477177 41.2628250138 0.00261006877155
115 -20.1456944874 24.2163393141 41.1728056968 0.00514196189724
116 -20.682073548 23.3910109241 41.1153430269 0.00461303701775
117 -21.2668109003 22.5976718921 41.1424719972 0.00388418596133
118 -21.7752531722 21.7551383999 41.2021027405 0.00511270161785
119 -22.1829952494 20.8779389699 41.3920230156 0.00507577783038
120 -22.4220726816 19.9642599793 41.6743532881 0.00380745472501
121 -22.7930018232 19.0979680006 41.9633503726 0.00240093609764
122 -23.2366503635 18.2785351242 42.284621611 0.00281766185907
123 -23.5291574137 17.453131269 42.7369769535 0.00632746976344
124 -23.6825574097 16.6921564848 43.3442321624 0.00376674360642
125 -23.695527832 15.877035721 43.8979839305 0.00404812663619
126 -23.6590515135 14.9586963423 44.2534315759 0.00671459529262
127 -23.45680158 14.0578116868 44.5974034648 0.0042515261872
128 -23.122784978 13.1623076799 44.836485923 0.00556178136671
129 -22.6667046402 12.3284799482 45.0957382501 0.00967849266932
130 -22.0510082136 11.606457067 45.35991962 0.00455728038291
131 -21.4191902391 10.8840691943 45.5812767747 0.00311465535387
132 -20.7974922729 10.1315389535 45.7120901118 0.00235205509037
133 -20.2397949121 9.33051830899 45.8431899819 0.00405245564779
134 -19.6300075877 8.56061045865 45.7716832047 0.00506679186713
135 -19.0535594894 7.76508436969 45.705393856 0.00479643191052
136 -18.4087225263 7.09633746688 45.3791892664 0.00282809243885
137 -17.6507694027 6.53864083789 45.0896656437 0.00435449199042
138 -16.8118238606 6.03814787889 44.9678461704 0.00617385642331
139 -16.0756428286 5.79329020773 44.3618520927 0.0052746002479
140 -15.3420589593 5.46079304727 43.79594916 0.00390607571311
141 -14.5912966569 5.22148746924 43.2061030766 0.00341793796648
142 -13.8207562912 5.17325077248 42.5956373845 0.0035717548708
143 -13.1427901655 5.08370599323 41.8878098223 0.00394650168921
144 -12.4741689369 5.24179643596 41.1831878117 0.00601630207804
145 -11.9844252315 5.33816826326 40.3350614198 0.00562039464016
146 -11.6942688001 5.39889973742 39.885085749 0.00127947575386
147 -11.2445835783 5.5842158575 39.0299726408 0.0038697901955
148 -10.9424498456 5.83378600147 38.1276890625 0.00374951213875
149 -10.8580181592 6.03827357224 37.1692182389 0.00360370754333
150 -10.8643800247 6.27417956817 36.2143444558 0.00226722401871
151 -11.0318971105 6.40835492595 35.254482933 0.00196436533351
152 -11.2595615198 6.7138447827 34.347777045 0.00432892250399
153 -11.6361215926 6.90929397875 33.4605940538 0.00371415690483
154 -11.7192735703 6.90369327345 32.4807428437 0.00940706565858
155 -11.7592185191 7.11903585777 31.6588107396 0.00140187499296
156 -12.486977607 6.49077317194 31.4595735873 0.00460558871925
157 -13.1112522936 5.73324314813 31.4754544277 0.00599587606809
158 -13.6972250942 4.94870332418 31.5440240085 0.00512742610485
159 -13.8875957232 4.11270808809 32.0218933289 0.00486853811828
160 -13.9012817792 3.27707198598 32.5365040973 0.00385617831075
161 -13.95289279 2.41861268523 33.0092487185 0.0093918703336
162 -14.0962158858 1.49678183051 33.3130368 0.0118329621077
163 -13.8534666428 0.59188154951 33.6033559654 0.00316512258725
164 -13.4697121209 -0.153558873513 34.1123519013 0.00324143420045
165 -13.0749417805 -0.95143409853 34.5238950657 0.00430947893168
166 -12.5707904457 -1.73390228357 34.8323433901 0.00274914567575
167 -12.0196074728 -2.47267494582 35.1667969743 0.028829772983
168 -11.2188252058 -2.96414799933 35.4446861085 0.001114539108
169 -10.3549182794 -3.30755597243 35.754061369 0.00292780879368
170 -9.45814031481 -3.57943224563 36.0398806997 0.00399841607426
171 -8.47923309222 -3.59257688651 36.0062807393 0.00261469751971
172 -7.50665880634 -3.70880285978 36.0104526936 0.00501403882114
173 -6.55942528047 -3.95715290081 36.0259223947 0.00495233682145
174 -5.58914024749 -3.84699087597 35.9529464593 0.00427136616249
175 -4.70534505567 -3.45465252595 35.7990649734 0.00394532132557
176 -3.87892480522 -2.93509306473 35.8736864471 0.00325738916253
177 -3.10935053007 -2.33016839906 35.862525299 0.00463776399498
178 -2.39307696845 -1.66729324862 35.7876521613 0.00426275853189
179 -1.78578810155 -0.899964142889 35.7725520973 0.0177285519198
180 -1.1949351746 -0.203754538943 35.4216784106 0.00330710228782
181 -0.629584653487 0.563628944633 35.2021675371 0.0037524258862
182 -0.244538605632 1.45624588017 35.0953229806 0.00216967868235
183 -0.0272962734168 2.40573303166 35.0081840925 0.00505710619189
184 0.0600888829236 3.35382575824 35.230749423 0.00332194978749
185 -0.121042462552 4.24472024186 35.5904938535 0.00401796048397
186 -0.489326204401 5.05893131018 35.9868892994 0.00356558600604
187 -0.69171377123 5.9327967988 36.3753267283 0.00518891450561
188 -1.14064892903 6.5192552191 37.0155598555 0.0036618622668
189 -1.88920668475 6.95406539408 37.4689869721 0.00373404738552
190 -2.67824983846 7.44178266894 37.775943847 0.0177367267573
191 -3.57597394718 7.77685096262 37.9639412676 0.0049396201971
192 -4.40569372159 8.11367401116 38.3530607732 0.00181527743622
193 -5.205485335 8.21198680088 38.9043980166 0.00287180745207
194 -6.03933435459 8.38959322842 39.3800106286 0.0049706325879
195 -6.91304473882 8.34779046887 39.8131173137 0.00418338702314
196 -7.80427186819 8.16810218805 40.1677966362 0.00366928383186
197 -8.72893263678 7.85663963269 40.1717294916 0.00540182938566
198 -9.57942458528 7.38952186961 40.0710852536 0.00349157751647
199 -10.3663444807 6.8161044793 40.0130326616 0.00796727878731
200 -11.0681863448 6.1489930135 39.8978920646 0.00242720839716
201 -11.7056893826 5.51033429309 39.5284106861 0.00373958693086
202 -12.2808573997 4.88543731801 39.0495444779 0.00918326469546
203 -12.8323345245 4.09925217753 38.8834625631 0.006433568714
204 -13.2791782984 3.24610505756 38.7358365076 0.00639428371219
205 -13.5245254038 2.30745306842 38.6488088178 0.00239695837868
206 -13.5988379463 1.38248379436 38.3527728781 0.0100437308665
207 -13.9449532205 0.498668478218 38.1359693399 0.00485434353869
208 -13.9907475428 -0.466541702666 38.25342556 0.00486584524396
209 -13.9603690645 -1.42914980545 38.1133864051 0.0140311383737
210 -13.8315894785 -2.36208635244 37.8702687249 0.00480992269513
211 -13.4445856879 -3.23552002152 37.688652854 0.00373618829097
212 -12.943894775 -4.05620050578 37.5433454593 0.00518149392612
213 -12.5947530738 -4.96295907472 37.5708744892 0.00314004421368
214 -12.1910027139 -5.8235967405 37.3685636093 0.00459275260084
215 -11.7687658462 -6.6981526868 37.4014076457 0.00804663191291
216 -11.1792612044 -7.46430435119 37.4963580572 0.00618651139682
217 -10.4967574191 -8.10807771828 37.7468968237 0.00665908176021
218 -9.54722593828 -8.20031067269 37.5672297524 0.00248132952136
219 -8.58632816485 -8.24159918678 37.4363581302 0.00590038760409
220 -7.67505148433 -8.00839611276 37.1979357929 0.0101185918723
221 -6.7776134622 -7.83409846586 36.8739305754 0.00402181893015
222 -5.9489868548 -7.4032493509 36.6130101152 0.00609579775954
223 -5.48368051799 -6.55361784994 36.6489266701 0.00509517604547
224 -5.16993509935 -5.68115205745 36.9310991306 0.00424801151011
225 -4.94103012725 -4.74761698843 37.0530774692 0.0040983729472
226 -4.91995700984 -3.80428129605 37.272303434 0.0113863287953
227 -4.85029605808 -2.83877552211 37.2828507417 0.00339990635669
228 -5.03526413587 -1.90912746095 37.0869139269 0.00389389182738
229 -5.44789760152 -1.1388470889 36.6709988241 0.00424123527823
230 -5.82823984278 -0.379265614643 36.2078016051 0.00256377919262
231 -6.00554483038 0.444190491415 35.7319911414 0.00683664587378
232 -6.59012309822 1.15143912113 35.4268905692 0.00134201048313
233 -7.12971405825 1.78858745463 34.9391256308 0.00263875871458
234 -7.88958322419 2.36572065898 34.7841552443 0.00427146705391
235 -8.6745893104 2.87131282499 34.5347474921 0.00514249187537
236 -9.39326115495 3.45254879175 34.2533735467 0.00444362861177
237 -9.93651355637 4.23035879604 34.4345323459 0.0115652113658
238 -10.6025547882 4.90317898698 34.6223310695 0.00288203682786
239 -11.496183043 5.22056026369 34.4436907629 0.00466762342536
240 -12.3918747486 5.5401095979 34.2816311432 0.00290967348295
241 -13.3277781326 5.43599008056 34.4903037908 0.00496128462913
242 -14.1716171966 5.34412888831 34.9478802923 0.00206001014216
243 -14.6440098932 5.45431914017 35.7814893193 0.00433673141172
244 -15.1017862782 5.56855063358 36.6223586954 0.00676170725831
245 -15.4206279095 5.60203762574 37.5312963855 0.00520759867644
246 -15.7154573622 5.35553649665 38.4147716691 0.00247263628636
247 -16.0659048207 4.94618125944 39.2131001886 0.00491019628675
248 -16.6637080367 5.08343939265 39.9552202572 0.00579812319814
249 -17.2802657206 4.9955507608 40.6888958607 0.00563562199576
250 -17.990659648 4.9571451528 41.3362620831 0.00507013305755
251 -18.9022679843 5.04523881868 41.6283003723 0.00507642093529
252 -19.7790576749 4.72590324806 41.8575805993 0.00338254230524
253 -20.621610801 4.51762035616 42.2695109267 0.00771178098841
254 -21.2326339637 4.0226646541 42.8205726283 0.00463141920242
255 -21.5370971599 3.24569421655 43.2947209757 0.0157463266592
256 -21.773574033 2.39739367297 43.6730056171 0.00372402335406
257 -22.0399933131 1.55631354098 44.0466842867 0.00229113351316
258 -21.6697078539 1.32856404786 44.9007869264 0.00787190206911
259 -21.4907201621 1.15052301434 45.8247041033 0.0103809918576
260 -21.1429728185 0.857360917001 46.6664475888 0.00479705775539
261 -20.731923952 0.67631199857 47.5107467046 0.00587736695098
262 -20.2797607707 0.899127376794 48.3227627877 0.00243238979756
263 -19.7971069073 1.47806384811 48.909662732 0.00389581157007
264 -18.9914753945 1.35670339907 49.4076128239 0.00213347362417
265 -18.2126198899 1.34224833168 49.9595112536 0.0031767665889
266 -17.2725467493 1.20788486304 50.0522354497 0.00563056500614
267 -16.5714516632 1.82745884064 49.867959195 0.00829069180002
268 -15.9927363835 2.58412431076 49.8839529867 0.00849830316753
269 -15.619519414 3.43868633448 50.0750185137 0.0121278596133
270 -15.6388836186 4.33313026682 50.3963739986 0.00383983917691
271 -15.8108099949 5.21638579669 50.7015685507 0.00430225970658
272 -15.5628000926 5.73162088982 49.9428083926 0.00442037865401
273 -15.5815307393 6.38104535719 49.2503690498 0.00447146492705
274 -15.6628275097 6.74254994973 48.376437344 0.0141487447871
275 -16.095843314 6.57463173298 47.5506143979 0.00390391679766
276 -16.1919730753 6.0277443382 46.7836245785 0.00300328477704
277 -16.358358657 5.8057131622 45.8784768859 0.00508626075178
278 -16.7539323388 5.85721358325 45.0207102944 0.0141227755727
279 -16.9527618842 6.03160115829 44.1143240233 0.00607023812899
280 -17.1784155735 5.71454470149 43.2550842874 0.00652862164477
281 -17.2883750011 5.71519132244 42.3190618742 0.00558197741003
282 -17.4386567808 5.90560337426 41.4092485327 0.006755596392
283 -17.2835603275 6.14172722182 40.5121205494 0.00392082499756
284 -16.8601612994 6.38540351313 39.7092714058 0.00297736546508
285 -16.8266920536 6.54032304299 38.7831934005 0.00477815290983
286 -16.4788412675 6.77102844783 37.9424778787 0.00342348270124
287 -16.1169141742 7.53030430449 38.3565582361 0.00677901960196
288 -15.5867151097 8.13135023742 38.8409040354 0.00284463850774
289 -16.1345109198 8.64407009593 39.400586488 0.00497003051774
290 -16.2259299127 9.09194479094 40.2168900177 0.00483750277208
291 -15.8711461286 9.64009710619 40.8854132829 0.0046369328874
292 -15.2632792066 9.06967748284 41.3052600838 0.00542722038181
293 -15.0984984007 8.1811748906 41.0762828217 0.0030622918194
294 -15.0419672527 7.25758857398 41.1842057229 0.00578094583727
295 -14.6116135382 6.46190605974 41.4022266679 0.00266174166474
296 -14.3142401491 5.72905691426 41.8918988432 0.0096821378426
297 -13.9420844969 4.88943888915 42.0249252196 0.0110677640948
298 -13.5086620098 4.57218658193 42.779570266 0.00687239627265
299 -13.2579752686 3.69980362831 42.9529673842 0.00424170222055
300 -13.0277413401 2.91039630808 43.3728774727 0.00475437801334
301 -12.9057190238 2.1030929852 43.8016302729 0.00297975624377
302 -13.1886144687 1.22994951738 43.7221029072 0.00562223294044
303 -13.0289397563 0.351810234041 43.9449813755 0.00640510168815
304 -12.7771167511 -0.474776525711 43.6338937251 0.00466001711894
305 -12.7776880166 -1.38636842672 43.5338787324 0.00543887856336
306 -12.5368620566 -2.23410286714 43.782498301 0.00170847079482
307 -12.4503986468 -2.82490569882 44.476841533 0.00140006802545
308 -11.9777328348 -3.50321425878 44.8687793327 0.00546437946723
309 -11.5171188288 -4.26699614195 44.6725075866 0.00545585943339
310 -10.8371152794 -4.82444663063 44.9134863992 0.00778190068302
311 -10.1428800019 -5.34127168189 45.192712948 0.00331073186089
312 -9.70653780907 -6.10048360525 45.4342386879 0.00356180227379
313 -9.00188204192 -6.4226238698 45.9066947177 0.00687289372281
314 -8.179955035 -6.47523622067 46.2821354777 0.00807636226049
315 -7.61144940576 -5.9743339938 46.7725788387 0.00401241615809
316 -7.39954968391 -5.34527287658 47.3823776404 0.00717131094017
317 -7.37613947594 -4.91240977432 48.17016579 0.00482019056603
318 -7.45264825045 -4.70441442174 49.0399839244 0.00628141609664
319 -8.00785673676 -4.2651265456 49.586656407 0.00390630671759
320 -8.06899237578 -3.91821857326 50.4078190723 0.0011821297542
321 -8.4011824585 -3.86446562596 51.2350626401 0.0106419378325
322 -8.57195808926 -3.62512786344 52.0736769646 0.00588386731288
323 -8.7254087348 -3.53024486692 52.9412756644 0.00434638495401
324 -8.50017427816 -3.1573072642 53.710349054 0.00169876345717
325 -8.20526379355 -3.39098595844 54.5093843192 0.00497096019046
326 -7.42196717003 -3.66056278535 54.8059240517 0.0031388584171
327 -6.63401557032 -3.34190843406 55.0270984453 0.00496439913391
328 -6.20858252186 -2.98267071356 55.7039839281 0.00530829783058
329 -5.8869143524 -2.44295999124 56.3108831269 0.00400705493775
330 -5.75272424853 -2.99364224686 56.9729116251 0.00394224024607
331 -6.13687238854 -3.72273422007 57.2475052389 0.00474074148883
332 -6.19618543685 -4.17869422901 57.982316232 0.00299247742934
333 -5.35958888564 -4.36606979945 58.0897964226 0.0175012502931
334 -4.55545779985 -4.64562599313 58.0389756087 0.0114657648612
335 -4.05056817678 -4.49662498805 58.7007532957 0.00336702893481
336 -3.43271270916 -4.12171047679 59.1338537947 0.00313826522207
337 -2.72125270367 -3.69184974841 59.2530516738 0.0160877385763
338 -2.27949727371 -3.68951260651 59.9525734004 0.00556049219234
339 -1.96644349269 -3.08713160993 60.4153646718 0.00486514817275
340 -1.86180500231 -2.45927746541 60.9276575795 0.00818610652062
341 -1.5254630992 -2.38841151327 61.660493237 0.010049913332
342 -1.25529389246 -2.30543708836 62.4041862549 0.0169095467528
343 -0.585346624976 -2.45669154477 62.7581286609 0.00392069184128
344 -0.437732986888 -1.94607607319 63.3118310863 0.00701180806787
345 0.268840817779 -2.03417402225 63.5667433764 0.00675720526929
346 0.767757554592 -1.56774885138 63.8656346914 0.00952387011667
347 1.00856496617 -1.23774470441 63.2607748918 0.00576806313837
348 0.762837714453 -0.630990343088 62.9650489227 0.00867568067781
349 0.971017556337 0.014319870305 63.1415342407 0.0124734531757
350 0.936574196729 -0.564013303477 62.8001041872 0.00465230793791
351 0.36190655082 -0.708699120744 62.5080317281 0.00881755042509
352 0.164518900265 -1.19015740711 62.8751426731 0.00904345920518
353 -0.278027499891 -1.60428494958 62.9339361448 0.00689668699425
354 -0.154549229447 -1.76237223329 62.3823078239 0.0102406580237
355 -0.631390517914 -1.9795075613 62.2215911917 0.0154054253747
356 -0.751109107323 -2.338181185 62.5197585754 0.0119273300221
357 -0.796442524955 -2.58086786711 62.8623672714 0.0125910208325
358 -1.13942794182 -2.60530669604 62.8528630515 0.00814951423819
359 -1.42792186975 -2.61244638053 62.8058209104 0.0125179376314
360 -1.47148661969 -2.81752318437 62.7365196725 0.00862053481774
361 -1.62468757128 -2.87148073965 62.6693834938 0.00991458313851
362 -1.63636272295 -2.9504763721 62.5694311526 0.0168521971667
363 -1.64604612946 -3.01033025536 62.5665739513 0.00573955841748
364 -1.63185993258 -3.03668400731 62.5950280316 0.0074106308939
365 -1.63821265291 -3.02534962447 62.5779252278 0.00838324961826
366 -1.64052111988 -3.020531736 62.5780236268 0.00550460319998
