55 10.3630799304 2.0702140664 2.730948106 0.00490594018635
54 10.3651883966 2.07116856458 2.73483209803 0.00534523561302
53 10.3718883 2.06434697115 2.72561789792 0.00512081714819
52 10.3846820107 2.05895387156 2.74656392765 0.00701829011674
51 10.4040999637 2.01939190965 2.75493928253 0.00722459772621
50 10.4727096199 2.02066894479 2.74093513659 0.00651832374469
49 10.5143075788 1.94022107196 2.76940092826 0.00829685036144
48 10.5280527501 1.93197832567 2.63992426383 0.00939437960598
47 10.5044494909 2.07895326407 2.54627840368 0.00284191175508
46 10.5430370593 2.20622150274 2.40999278399 0.0116375331377
45 10.2948515374 2.25554302604 2.40135133954 0.00815343337583
44 10.251702174 2.49518317621 2.57975161786 0.0162867412088
43 10.1008686847 2.57064548556 2.95011465977 0.0154635582106
42 10.3252152703 2.75625074852 3.3374721949 0.00677217482266
41 10.5445947214 2.98267919404 3.74512261647 0.00543989062571
40 10.4867784674 3.00813660981 4.28002776218 0.00777126814689
39 10.0628719457 3.36424348475 4.15420247565 0.00972461226785
38 9.69454369163 3.48792723213 4.61455952858 0.00878320388079
37 9.59433228354 3.38065194046 5.22759553352 0.00692848320421
36 9.11203241824 3.25736075187 5.64450158327 0.00685009214615
35 8.90792751307 3.82883450943 5.3678496904 0.0093730096112
34 9.56119828216 3.77589115665 5.15492702456 0.00438548952532
33 9.620210745 3.74217950241 4.45808260178 0.00991631794958
32 9.42935605019 3.35271633424 3.88374579567 0.0115875194923
31 9.91026170614 3.27992937834 3.32535507618 0.00252735958462
30 10.0423048406 3.07278936142 2.62170242192 0.00888796567123
29 9.54338678424 3.61479522699 2.44230783309 0.00700684339715
28 9.18142196642 3.84146897843 1.80199888178 0.00583288350557
27 9.12845853948 4.60505411936 1.66964676225 0.00870317196482
26 8.47981021911 4.63380582723 1.22207856726 0.00754585707125
25 7.90452350373 4.35346651352 1.69834214945 0.00331570891403
24 7.43845555656 4.6141901026 2.30005205715 0.00292957731245
23 6.862762723 4.40419771491 2.82586113517 0.0121442527838
22 6.77612670055 5.06398581431 3.30428780759 0.00870035688424
21 6.86519202852 5.2250778658 4.11214875123 0.00983264673342
20 6.77963741592 5.01820038211 4.91855640916 0.00993178516705
19 6.32091995379 4.69314985608 5.54822400848 0.00366989820007
18 5.98202091757 5.08019667626 6.22106138259 0.00466385920715
17 6.33284546955 5.37454981416 6.93768028155 0.0163791810717
16 6.43717223558 5.37035142723 7.7930470203 0.0133136060469
15 6.38011691245 4.50555075876 7.74162592734 0.00495363539825
14 6.09156805681 3.77587532169 7.36301176711 0.013543690111
13 6.17230189018 3.00525582236 7.77666234786 0.00694505994947
12 5.58089990723 3.32596661961 7.20633093658 0.00574060203759
11 5.79291544468 3.15901932517 6.36315482955 0.00502086521876
10 6.09417117629 3.03551962612 5.5375375364 0.00403373712322
9 5.70475735436 2.62376935333 4.8527424318 0.00564360122292
8 5.63241617277 2.24593739876 4.04845233645 0.0162464380655
7 4.91197203312 2.09886097109 3.53412326859 0.00494068258302
6 4.6804433851 1.6044732133 2.81918101054 0.00465533335749
5 4.4044592698 0.913156199735 2.31184616891 0.0111381062987
4 3.6318938834 0.687159823919 1.89927200753 0.00918197113185
3 2.76576671491 0.730636116176 1.63238703419 0.00690925810586
2 2.14557553563 0.74213493263 0.966518956644 0.00316103325654
1 1.55867289161 0.640387688614 0.277203749056 0.00570656606814
0 0.764519755335 0.477915546612 -0.141353196943 0.00188945749225
0 -0.70687470171 0.688548995651 0.0927807981937 0.00280046663776
1 -1.41049044688 1.38183768095 0.0114365813688 0.00316237571744
2 -2.11675749912 2.07709652753 0.0213419780527 0.00357765929624
3 -2.79048540376 2.80208964206 -0.0308463660503 0.00576224884406
4 -3.48348308573 3.48728063325 -0.210971480802 0.00447255655374
5 -4.21875346602 4.13110217516 -0.375243314868 0.00210479088777
6 -4.81336992414 4.92377782253 -0.362085166297 0.00587518309956
7 -5.19336293051 5.82551564161 -0.205636998505 0.00299764420675
8 -5.58942662901 6.72987813712 -0.120687349137 0.00469238215456
9 -5.80341494582 7.69710303847 -0.144585185017 0.00540918358927
10 -6.11885629217 8.62556209203 -0.28697846769 0.0044011041395
11 -6.55708542953 9.50978086751 -0.375640424578 0.00552069946775
12 -7.07544346307 10.3541044294 -0.38509607524 0.00511187424676
13 -7.65302319748 11.1590848806 -0.385992489425 0.00304391923288
14 -8.18787744413 11.9925450671 -0.357292601028 0.00213636550406
15 -8.87972396153 12.6651510421 -0.581975875029 0.00454842727248
16 -9.69247760161 13.1951890264 -0.781861559613 0.00220641270514
17 -10.4132435177 13.8327150462 -1.0174300664 0.00312236827006
18 -11.1880915822 14.3861678426 -1.29073558099 0.012529863185
19 -11.9842677118 14.8305395136 -1.67786614529 0.0035469323902
20 -12.8067869218 15.3060143437 -1.95812030428 0.00460146555664
21 -13.6445992424 15.7704970523 -2.20993057743 0.00512882320407
22 -14.5455023192 16.1084819437 -2.44475217981 0.00943579434777
23 -15.4344662135 16.5235336109 -2.58010223274 0.00472504963463
24 -16.2884545942 17.0183671965 -2.66140872639 0.00363290837784
25 -16.9747832199 17.7074917947 -2.84790271328 0.00989308105251
26 -17.7323645261 18.3441226095 -2.88430014321 0.0408100430616
27 -18.5229573664 18.9397642579 -2.87638896143 0.00283173893369
28 -19.4023223593 19.3941656946 -2.88520655618 0.00304754146538
29 -20.3577443364 19.641773086 -2.81003117017 0.00206785302333
30 -21.3363094309 19.7596709046 -2.71910034868 0.00743223651284
31 -22.3224769185 19.7132299701 -2.64876078709 0.00423047128768
32 -23.2697504434 19.5984409323 -2.38593565783 0.0112612652229
33 -24.2421558662 19.4736112336 -2.25097718021 0.00320140030493
34 -25.1836738992 19.1759748636 -2.18567630206 0.00513196668332
35 -26.0747960994 18.7476787336 -2.14468175185 0.00880802985108
36 -26.917256093 18.2343402786 -2.22088696792 0.00492381414336
37 -27.7213900653 17.6589348248 -2.25624176952 0.00336557024648
38 -28.4803371708 17.0318420062 -2.35457428306 0.00401066819581
39 -29.0414852959 16.2316447123 -2.50834389137 0.0050162620818
40 -29.459347372 15.339104083 -2.42166293793 0.00644189683057
41 -29.817380728 14.417119789 -2.40197493106 0.00337764081199
42 -30.3314829683 13.5720107502 -2.40957462578 0.00420734273333
43 -30.8096124591 12.713323028 -2.29758195849 0.00273627274096
44 -31.2410677009 11.8240833778 -2.25835169408 0.00232099285376
45 -31.6578459188 10.9317001192 -2.1669899015 0.00496758994245
46 -31.832952907 9.95993854588 -2.10936345743 0.00370529437802
47 -31.9782638099 8.98396751483 -2.1771837847 0.00198905215179
48 -32.081970081 8.00951050943 -2.31090021918 0.0040763238472
49 -32.2390032867 7.04292688168 -2.44939598844 0.003478639642
50 -32.3113679294 6.0718322768 -2.62202405506 0.00215213135607
51 -32.3344035707 5.11220649884 -2.85996999678 0.00363173545139
52 -32.3201838578 4.15031019621 -3.08912561771 0.0028511211665
53 -32.1070283649 3.2507241128 -3.44018129782 0.00687629012727
54 -31.9070571131 2.41523385413 -3.92988363181 0.00850307815979
55 -31.5697142119 1.5450395093 -4.25635632564 0.00283092125545
56 -31.2263270134 0.655767431339 -4.51871598017 0.00277624201094
57 -30.7801421454 -0.22646680651 -4.52594019592 0.00339196460452
58 -30.2574675178 -1.05587444283 -4.65362281571 0.00596749863983
59 -29.6254954236 -1.81251802684 -4.72701063587 0.00509253379044
60 -29.0951234561 -2.64061730063 -4.82770554619 0.00417420159689
61 -28.5181082333 -3.39646395811 -5.09765121618 0.0034904596751
62 -27.8960345719 -4.13237690575 -5.31787056867 0.00406387274233
63 -27.1850489423 -4.81733707254 -5.27025948206 0.00560411046038
64 -26.4029818452 -5.41280330041 -5.16722861925 0.00460474315949
65 -25.5926755365 -5.97858277284 -5.16267460064 0.00561692084149
66 -24.6272019909 -6.18375750963 -5.21135494995 0.00746260631421
67 -23.6926694877 -6.15037792681 -4.89194728653 0.00474457429929
68 -22.7872303899 -5.98845971204 -4.53089542467 0.00527179036694
69 -21.9297187844 -5.91286395091 -4.04583500939 0.00543094038065
70 -21.2600367338 -5.85347904765 -3.32173296585 0.00304759020615
71 -20.8085090758 -5.66463863 -2.46335825529 0.00369649608099
72 -20.4833473394 -6.03369139955 -1.60642576475 0.003307574448
73 -20.2183758061 -6.46764387868 -0.759278022529 0.00231421718319
74 -19.8015515628 -6.86344949915 0.0442757558044 0.00903991334998
75 -19.3146588532 -7.30678999204 0.78064770754 0.0046904021298
76 -18.7321717344 -7.5695073186 1.53394199718 0.00292607847639
77 -18.0142804159 -7.81505199993 2.16637157744 0.00325461757644
78 -17.3956057514 -8.00772872675 2.91184868113 0.0039415029075
79 -16.7531051582 -8.0845799627 3.65804972516 0.0315174036479
80 -16.032669453 -8.02677759242 4.33063788365 0.00775430558833
81 -15.3067069063 -7.77597476638 4.95080091635 0.00400239366068
82 -14.6712199394 -7.45502283301 5.63462159657 0.00298587961451
83 -14.3050011897 -6.56749348481 5.40574874911 0.00402062381724
84 -14.1064955738 -5.60071075804 5.40248816149 0.00407762746558
85 -14.0968035251 -4.63789209875 5.18594955464 0.00300219209053
86 -14.0999067992 -3.7395284306 4.77739856645 0.00590262800206
87 -14.1157755732 -2.84178868927 4.367955839 0.00425922934298
88 -14.2463009741 -1.9270234907 4.02173432207 0.00298222302812
89 -14.2496652748 -0.98801309918 3.71864933978 0.00792930133981
90 -14.2176541563 -0.00232200339187 3.74610259147 0.00391078823271
91 -14.3866769226 0.967704179434 3.80729760203 0.00367289257593
92 -14.5764208129 1.93199333467 3.8928132392 0.00463910168293
93 -14.7822991599 2.88890513717 4.01522135131 0.00555900433778
94 -15.1152564787 3.81230512492 4.11202323309 0.00497511750718
95 -15.3944931182 4.7420773265 3.93788235272 0.00753801415814
96 -15.7987380296 5.62268814561 3.75435663168 0.00698607588482
97 -16.1649709252 6.51417285864 3.54576135972 0.00351091356873
98 -16.6291370117 7.3832299368 3.50631822375 0.00658374901784
99 -17.2028448672 8.16351532037 3.69101124856 0.00228181139532
100 -17.7859425296 8.94253077589 3.84963328169 0.0209485118307
101 -18.4028867945 9.71115330563 3.84585033178 0.00469680240971
102 -19.0680733815 10.4068878048 3.63423789764 0.0018175427809
103 -19.7564977328 11.0687615344 3.39082834818 0.00173531494679
104 -20.5208289891 11.6877883335 3.3293636145 0.0037956252633
105 -21.3068467666 12.2756296403 3.4170118995 0.00738377344429
106 -21.9897553274 12.9791265428 3.5148444279 0.00547073483146
107 -22.8195909639 13.504988403 3.5891246315 0.00598563172595
108 -22.8670726614 13.5209151371 3.59442137885 7.58912585691e-05
109 -23.770127884 13.8863707622 3.73701496574 0.00288399586208
110 -24.6314888187 14.2637114418 4.02858115798 0.00375714222412
111 -25.4448329266 14.7999878482 4.17021694371 0.00152677667486
112 -26.2593754306 15.3335752343 4.31491253473 0.0296539056976
113 -26.9749809052 16.0030501745 4.22641714975 0.00299836840114
114 -27.6534969451 16.648364345 3.92434704766 0.00839371600224
115 -28.4546793986 17.1330201927 3.62271698742 0.00312794766628
116 -29.19990017 17.5869251329 3.16847598183 0.00601831457083
117 -29.967468569 18.0559443834 2.77056128378 0.00287541774922
118 -30.8050352379 18.3748691724 2.36541311995 0.00671730107162
119 -31.6787859264 18.5260536054 1.94015537679 0.00469044274852
120 -32.5571414312 18.4353283502 1.50745105085 0.00312351777477
121 -33.4728046357 18.4653600718 1.15040527101 0.00774473465375
122 -34.3791752935 18.394503266 0.776223614759 0.00322728893153
123 -34.9751683451 17.7327039639 0.359988350346 0.00766833329242
124 -35.8736439846 17.5062861381 0.0319888990291 0.00274662261157
125 -36.7684365565 17.1945297175 -0.229032880782 0.00560458990836
126 -37.6750961494 16.9746664541 -0.53791018981 0.00447646738752
127 -38.5038652834 16.5982695666 -0.908171161829 0.00898699052054
128 -39.2512905232 16.1871698893 -1.39569847379 0.00582355037324
129 -40.0124460264 15.6867642407 -1.76349090718 0.00612693304856
130 -40.625069757 14.9999230593 -2.10658930333 0.00470700437502
131 -41.2489781089 14.4052290476 -2.57746403679 0.0016558839603
132 -41.7124731056 13.9727995804 -3.32777325676 0.00231663491349
133 -42.1294757638 13.3863138276 -3.99617674624 0.00586850334316
134 -42.5028984609 12.8920426794 -4.75822054697 0.00442962789788
135 -42.8146445181 12.3427820946 -5.51014577525 0.00173133562413
136 -43.2356153766 11.8705733606 -6.26114047022 0.00503179899064
137 -43.2858110674 11.7866390856 -6.43495614239 0.000456628843816
138 -43.2637241049 11.6463669902 -7.40317223999 0.00380602852944
139 -42.7438500389 11.8762340372 -8.1994507351 0.00589508911804
140 -42.2834820893 12.0509077679 -9.04469865698 0.00516360780548
141 -41.8356972677 12.2914435214 -9.88029231022 0.00253890609478
142 -41.5190428067 12.7329481341 -10.6934431029 0.00572215368263
143 -41.1083213366 13.1801745934 -11.4598088546 0.0131026400947
144 -40.9251170127 13.6560869008 -12.2936353792 0.00353257043812
145 -40.7145435005 13.9682605833 -13.1955266571 0.00524851977336
146 -40.5426902388 13.9318918676 -14.1568341435 0.00594265328118
147 -39.7577964577 13.9066391022 -14.7377292034 0.00674486666199
148 -38.9235508608 13.8236646022 -15.238517182 0.00150787101432
149 -38.0355375388 13.650597923 -15.605845143 0.00580083424812
150 -37.1342739124 13.5476306548 -15.9666676955 0.0027311124554
151 -36.1747104327 13.481397039 -16.132983432 0.00505107685957
152 -35.2512634538 13.5643506323 -16.4377702886 0.00540565514866
153 -34.3439752976 13.5817625206 -16.7965534774 0.003760074247
154 -33.3908274982 13.4265519182 -16.9353904907 0.00534632864007
155 -32.4929822929 13.3531754588 -17.3096681302 0.00310059101843
156 -31.5681057179 13.5522243698 -17.5469312067 0.00196591840787
157 -30.7290168031 13.9106865315 -17.8914051099 0.0037154403001
158 -29.8654114936 14.2319183344 -18.2107033928 0.00460684302039
159 -29.1189947433 14.6526395874 -18.6760908367 0.00391188484419
160 -28.6208561436 15.1739451386 -19.3323948476 0.00149344029151
161 -28.4915616624 15.7247876646 -20.1264713252 0.00434734606329
162 -28.554256201 16.0319612715 -21.0496711039 0.00381003758951
163 -28.9383762144 16.3183298386 -21.898577488 0.00332705527232
164 -29.3155389606 16.6635921261 -22.7283188523 0.016564970647
165 -29.7394455008 17.0114246165 -23.533291373 0.00499351152324
166 -30.0585487773 17.6093751716 -24.2324123789 0.00340649544843
167 -30.1381942233 18.0094333735 -25.1165809753 0.00561807312647
168 -30.3313604964 18.234387192 -26.0438685377 0.00636880228538
169 -30.4749880094 18.4833297188 -26.9737515968 0.00471382064558
170 -30.6762675941 18.5010122209 -27.9256552707 0.0138306425069
171 -31.1657545342 18.3501174615 -28.7522407654 0.00371664487685
172 -31.433368469 18.1320914723 -29.6612419289 0.00450884461276
173 -31.8154339625 17.9951049641 -30.5445724375 0.00545012866037
174 -32.249011058 18.3188039803 -31.3518227822 0.00321684212854
175 -32.5682430781 18.6126928321 -32.2212861113 0.003306507153
176 -32.9320401504 19.0469775965 -33.0105120053 0.00603158708712
177 -33.2179473853 19.4506196666 -33.8463956422 0.00406572839708
178 -33.5199269439 19.7495228175 -34.7196291073 0.0121605142691
179 -34.228316577 19.9426299826 -35.3540544946 0.00443202019148
180 -35.1071432128 20.2479842676 -35.6284229684 0.00390122760946
181 -35.6722193616 20.8245528647 -36.1659727464 0.00192178688345
182 -36.5416927931 21.1780196693 -36.4096141054 0.00806974731276
183 -37.4207862697 21.3586311633 -36.0433471933 0.00172537764334
184 -38.2480846669 21.6724525121 -35.6477155089 0.00315234425989
185 -39.0370097659 22.207889319 -35.4748233154 0.0412159235803
186 -39.8834803381 22.5764046371 -35.1877872561 0.00548298134692
187 -40.7853935517 22.6495642821 -34.8481875277 0.00338792906531
188 -41.6390554647 22.8870713859 -34.4626585984 0.00694128809718
189 -42.529075538 22.9009276107 -34.0876318666 0.00664179517849
190 -43.3093391834 22.3659833393 -33.8950258617 0.00410488932766
191 -43.9320200963 21.6419485445 -33.7550060995 0.00348508072837
192 -44.2569078334 20.7334612865 -33.7698013995 0.00716273293194
193 -44.3158450601 19.7879274959 -33.9508325704 0.00478226188603
194 -43.9788812955 18.9190370134 -34.1982231917 0.00309371562025
195 -43.759068646 17.9816768245 -34.2461280571 0.00240924434176
196 -43.3325598991 17.1313625361 -34.4011506096 0.00442284139802
197 -42.8529281164 16.3162893494 -34.5856195452 0.00461584893251
198 -42.1477309592 15.7302731201 -34.8808573175 0.0024699822154
199 -41.3850245271 15.2080541401 -35.1512413647 0.00440449299975
200 -40.7405410778 14.610914546 -35.5450973595 0.00688427989721
201 -39.9496049403 14.1318576164 -35.8114559436 0.00488683787316
202 -39.0000702681 13.9822001843 -35.8467905297 0.00545184676696
203 -38.0449337859 14.0078784677 -35.7392410858 0.00513107660704
204 -37.186203248 14.240211429 -36.1033022929 0.00545543724118
205 -36.4463096154 14.7338241416 -36.466693594 0.00228157693212
206 -35.7892632351 15.4198661063 -36.6091970303 0.00928551636602
207 -35.0891861004 16.0698072869 -36.5157064206 0.00475554811087
208 -34.3435395198 16.359146531 -35.9854190278 0.0121223882053
209 -33.637631831 16.7076225314 -35.4383311452 0.00208348707818
210 -33.2323603552 17.2239187646 -34.7396425977 0.00503117309472
211 -33.1654547994 17.7099587702 -33.9164087687 0.00592815725304
212 -33.2031402486 17.7718810799 -33.7742853576 0.00107992703464
213 -33.4753447425 18.1835561333 -32.9548124391 0.00284153167707
214 -33.6104622995 18.6134916331 -32.1112655754 0.00609580666099
215 -34.0468933947 19.4156456104 -31.8306267466 0.0164632232829
216 -34.7015383965 20.094760834 -31.6899177052 0.00559415794086
217 -35.4265738557 20.6900799578 -31.5213473414 0.00442291784395
218 -36.1403876557 21.3155436211 -31.6042130437 0.00643706766396
219 -37.0624457019 21.4913053469 -31.7631682167 0.00321013070095
220 -37.6896511383 21.4340090165 -32.4771603244 0.00335338996205
221 -38.5046814559 21.4841111583 -32.9655902931 0.00434190475376
222 -39.1852139264 20.9701330337 -33.3863699487 0.00360668457109
223 -39.9695655385 20.4506404841 -33.5215137406 0.00781681167619
224 -40.7361065394 19.9110754097 -33.3700008704 0.00306567942659
225 -41.4803748267 19.3816797246 -33.111396901 0.00459418856162
226 -42.1128818162 18.8298509873 -32.6690380346 0.00393150275375
227 -42.6221683697 18.2110222311 -32.1619331555 0.00507165188778
228 -43.1704859464 17.4987595224 -31.861820851 0.00586292637064
229 -42.78334344 16.6456983556 -31.7241549701 0.00465511135158
230 -42.1238344658 16.0020764657 -31.5090353469 0.00333242672041
231 -41.3137026633 15.5419007245 -31.6720066798 0.00637603177614
232 -40.6850376678 14.9539366328 -32.0623325643 0.00424796126039
233 -40.1438386941 14.4190412512 -32.6222231458 0.00249415781487
234 -39.6686660928 13.6712527295 -32.9485823097 0.00632012781729
235 -39.0875274063 12.9468886398 -33.1137381724 0.00447287343252
236 -38.5388955795 12.1804252798 -33.1132977869 0.00193206940502
237 -38.4924727036 11.5471123502 -32.4164627661 0.00218468224577
238 -37.9899238365 10.94396105 -31.8954114566 0.00222707080103
239 -37.1793633903 10.4706939658 -31.9712979789 0.00351331496197
240 -36.5540023201 9.7762326458 -32.0828043077 0.0163728241947
241 -36.1241940151 8.95840003369 -32.2486378727 0.00400999181982
242 -35.5484876138 8.21951020753 -32.199297943 0.00617946799716
243 -35.3919227173 7.36596040029 -31.8455933827 0.00249057522223
244 -34.9715484897 6.53458782225 -31.9418557438 0.00360129238249
245 -34.4553268872 5.76981809739 -31.7847228438 0.00821427029971
246 -33.6595037462 5.28007982123 -31.7968320474 0.00496970070259
247 -33.0109434802 4.63948078276 -31.5949805722 0.00503675464791
248 -32.1257077757 4.40436537281 -31.4186961713 0.00682746835547
249 -31.3913828793 4.24834554875 -30.8667983636 0.00340340488206
250 -30.6013166683 4.02338357181 -30.4287356552 0.00537772988673
251 -29.8723388705 4.03951875146 -29.8513498251 0.00282686836674
252 -29.5682948633 3.94554962868 -28.977487446 0.00667447586917
253 -29.1682960869 4.19253426955 -28.1767883546 0.00468020751324
254 -28.9407673004 4.56797671759 -27.3597011851 0.0152027043347
255 -29.2529667111 4.83811211853 -26.5328033494 0.0045887358204
256 -29.6956474904 5.22193827524 -25.8196742103 0.0043931249801
257 -30.5182417728 5.63635788429 -25.8381694236 0.00364438749531
258 -31.4368499385 5.6585240374 -25.7853963281 0.0059595968729
259 -32.1717035128 5.10803091931 -25.7490283057 0.00245832559993
260 -33.0041777185 4.87763146823 -25.4370151314 0.00228414762291
261 -33.7699593942 4.43707725011 -25.1884769838 0.00477647937378
262 -34.4756650058 4.0783096808 -24.7263029634 0.00401698320419
263 -35.0890787236 3.57724968352 -24.2669403572 0.0172056774996
264 -35.6650024282 2.93684676467 -23.9715287304 0.00329799893345
265 -35.5543418242 2.05857657357 -23.7628610048 0.00931999709794
266 -35.8882490161 1.21817391227 -23.6998226571 0.0145033275689
267 -36.0849983777 0.459773285616 -24.146605474 0.0105351571248
268 -36.352738915 -0.274066692836 -24.5898695058 0.0137299277498
269 -36.4531452675 -0.672274546188 -25.3834757866 0.00124123028016
270 -36.8213900161 -1.31038559457 -25.887157353 0.0048596064366
271 -37.0907121739 -1.63913668768 -26.6703341801 0.00969184844733
272 -37.4270231167 -1.84589227404 -27.4645570145 0.00572360019599
273 -37.646494278 -1.81470087986 -28.3208533783 0.0267838229665
274 -37.9874548707 -2.50026598001 -28.733906829 0.00539630336244
275 -37.8162724418 -2.95815899021 -28.0171636599 0.00374962545668
276 -37.720922233 -3.13050738049 -27.1740970619 0.00616157848053
277 -37.5523848133 -2.55563456777 -26.5551157166 0.00544831030568
278 -37.4938218728 -2.37190234636 -25.7184559296 0.00453790420567
279 -37.4108038197 -1.68276043424 -26.2171739718 0.0032054721756
280 -37.1525369874 -1.8256268037 -27.0178514376 0.0064752381152
281 -37.2067644301 -1.7228585145 -27.8588100491 0.00206382089712
282 -37.5932756475 -1.29415558462 -28.4783623681 0.00555221509408
283 -38.3871555918 -1.23307396308 -28.2046754945 0.00476337799468
284 -38.8195942161 -1.29936554781 -27.4885546425 0.0059799060583
285 -38.6935595546 -1.46812055325 -26.6809438478 0.0146441063783
286 -39.3724236308 -1.77701673802 -26.3392557321 0.0112709191292
287 -38.8013391032 -2.34470179677 -26.2624187892 0.00589848938608
288 -39.3944874401 -2.72329924982 -26.6490806618 0.0102114263417
289 -39.1661622804 -3.22875409007 -27.2095137048 0.00460045240611
290 -38.5026804141 -3.55572898274 -27.4631150733 0.00848261787683
291 -37.8269851757 -3.82271523405 -27.7192069005 0.00594100758663
292 -37.5134708842 -4.10645970459 -27.992854614 0.00566524433071
293 -36.9593506843 -4.21664603427 -28.0758411625 0.0122673618637
294 -36.4809082965 -4.0162956966 -28.1400918651 0.0105127344512
295 -36.1875445252 -3.64344318827 -28.1636121178 0.00375988586657
296 -35.9071084825 -3.60475686977 -27.8046843069 0.00924133584842
297 -35.5798870431 -3.42546539673 -27.9735408811 0.00926834386336
298 -35.6408126919 -3.40400693885 -27.6289698665 0.0103773207354
299 -35.8194595981 -3.32565710611 -27.8363712548 0.00457501786592
300 -36.014944979 -3.49172053896 -27.811989593 0.00983087902918
301 -36.2027606274 -3.4184329427 -27.8425367125 0.0058626194016
302 -36.118170452 -3.30401470819 -27.9421724542 0.0114783996355
303 -36.0472205793 -3.37697856894 -27.8807157273 0.00533466669229
304 -36.023414169 -3.2873607964 -27.8533154045 0.00822967522064
305 -36.017308888 -3.3460798615 -27.8815181693 0.00662349736871
306 -36.0539560396 -3.32582936846 -27.8898359219 0.011666313411
307 -36.0414702555 -3.32691242794 -27.8928993591 0.0100632179726
