144 37.0048343132 -30.7644710182 -51.7238989413 0.0109764408077
143 36.9945292045 -30.7594518766 -51.73329052 0.00886582161923
142 36.9976589214 -30.736134957 -51.7049057905 0.00662795964064
141 37.0252102644 -30.6845979833 -51.6994943266 0.00668517994283
140 37.0785901727 -30.6214803251 -51.6885941509 0.0160508779727
139 37.0007508313 -30.6180339111 -51.8203683066 0.00961632299582
138 36.9506561401 -30.5326516656 -51.6446282238 0.0138898929656
137 36.9787377173 -30.8061364179 -51.5979457848 0.00780766147859
136 36.7982954391 -30.5529044737 -51.4952789372 0.0187214487656
135 36.3600784005 -30.5564291206 -51.454974948 0.0130171203992
134 36.3645006118 -30.0557636987 -51.4099334578 0.00873039906161
133 35.9911433255 -30.4331420941 -51.3114612181 0.0192010784226
132 35.4619228931 -30.2407027567 -51.5439610745 0.00994608920154
131 34.9064456306 -29.9432640192 -51.4372333432 0.00626940903866
130 35.1440035037 -29.8309789709 -50.8346323315 0.00644153767658
129 34.5677176429 -29.7166205951 -51.1626564638 0.00565803645416
128 34.058679278 -29.3028887499 -50.9616981384 0.0119008188336
127 34.5342446391 -28.7969965712 -51.1168708423 0.00839456434878
126 35.1848806399 -29.003388944 -50.8650056747 0.00247207522147
125 35.8388847973 -28.7350616907 -50.6752259049 0.00370753116895
124 36.4137944714 -29.0558430629 -50.340312537 0.00641213321542
123 36.8744301121 -28.4785438122 -50.2153356357 0.0105065926009
122 36.591241886 -27.8282099805 -50.5031525849 0.00396662241501
121 36.4812228906 -27.2248420309 -50.9713265415 0.00371821246721
120 36.6359607707 -26.7769310307 -51.5420015558 0.00560762247757
119 36.5891936259 -26.3124597463 -52.2227322887 0.00788999725161
118 36.0053015039 -26.4897366716 -52.7883434651 0.00908443157657
117 35.6222789088 -26.8580558616 -53.4385270329 0.00431962153198
116 35.1302637772 -26.6188000443 -54.0799146085 0.0100305885901
115 34.8815072784 -26.5161593857 -54.8871169446 0.00506521793931
114 34.390757642 -26.6446875736 -55.5741072009 0.00698758035773
113 33.811444033 -26.5233147026 -56.1958488781 0.00476202527439
112 32.9778746893 -26.3116875785 -56.2295069887 0.00193091945134
111 32.1269415206 -26.2578190399 -56.3554870766 0.00519000746929
110 31.4821130409 -25.798676645 -56.0062193054 0.00197655690745
109 31.1835747476 -25.4399971416 -55.2753331988 0.005285495938
108 30.8977664988 -24.7011621532 -54.9171502045 0.0033868890135
107 30.2890406206 -24.218902817 -54.5220728554 0.00447797007318
106 29.7854813642 -24.0778578049 -53.8213493688 0.00593620652764
105 29.6133734215 -23.6663577645 -53.0656061212 0.00494348170845
104 29.461337663 -22.9009305961 -52.6604418278 0.00936843175725
103 28.9949868664 -22.2360622116 -52.3121005043 0.00516221691021
102 28.578559801 -22.0033096211 -51.5646115326 0.00498492669604
101 27.7198860622 -21.9138680686 -51.772785678 0.00848735706412
100 27.0717416813 -21.7494932212 -52.3633569513 0.00429551452191
99 26.676004515 -21.6612701075 -53.1604754499 0.00232912052971
98 26.2157584476 -21.3986536406 -53.8817951664 0.0063484904657
97 26.2825876701 -20.6060981192 -54.2963567612 0.0077700396359
96 26.7510902662 -19.8715676706 -54.5205206052 0.00356052800714
95 26.7360170158 -19.3835905705 -54.3627984607 0.00822697018133
94 26.7508227991 -18.5216193376 -54.0391214087 0.00139662118443
93 26.6148849906 -17.614236741 -53.9581520565 0.0149842828301
92 26.5148531049 -16.8251993319 -53.4862102467 0.00463378030909
91 26.5534193322 -15.9887214331 -53.0913892519 0.00664537696744
90 26.2428361947 -15.4331140762 -52.416695927 0.00173926082271
89 25.4751721344 -15.3418605225 -51.9038622212 0.00571579532616
88 24.7014787501 -15.2396137631 -51.4001209207 0.00193441106577
87 23.875402227 -15.1111653892 -50.9945967095 0.00266710789863
86 23.3662054127 -14.8150741733 -50.2747713929 0.00276172765413
85 22.9165293448 -14.3183470017 -49.6290497679 0.0130686783022
84 22.5693327043 -13.6858085806 -49.0376419547 0.00259424675055
83 22.472603664 -13.1017433228 -48.315723741 0.00423432968879
82 22.2978500315 -12.5771879815 -47.5624098103 0.00422256549351
81 21.721951414 -12.1821375561 -46.9407242742 0.00273065035705
80 21.3242615145 -12.2051986251 -46.0939190091 0.00239566713621
79 20.7062564368 -11.8621659957 -45.4805149113 0.00637756587337
78 19.9534680288 -11.3283377054 -45.3206853267 0.00459563005646
77 19.531127707 -10.7940889593 -44.6760128995 0.00251967689097
76 18.7932794881 -10.2729946636 -44.4239617462 0.00562037195825
75 18.0881905603 -9.75374003044 -44.085573087 0.004809147031
74 17.4197613409 -9.09536842431 -44.0382392281 0.00323681881636
73 16.8635465406 -8.34455138229 -43.9365215068 0.00221783262922
72 16.0222043923 -7.99076020824 -44.1626548458 0.00302943556291
71 15.4169325715 -7.51466300529 -44.7034371597 0.00545966615457
70 14.9235363586 -6.71585602618 -44.7736582919 0.0044068030484
69 14.3926856556 -6.0201164692 -45.1229820975 0.00487332208415
68 13.8669861704 -5.29176955516 -44.8361517804 0.0088964660565
67 13.6193449243 -4.63752269065 -44.2016080153 0.00545263518063
66 13.6271058903 -4.08881232263 -43.4318170445 0.00338395020133
65 13.6480059264 -3.73087814775 -42.5564270895 0.00221808023623
64 13.443044638 -3.18075714032 -41.8145440169 0.0039060865634
63 13.572601488 -2.61952107424 -41.0633892987 0.00554688184566
62 13.6763049809 -1.68144833403 -41.1385422053 0.00231234651317
61 13.7081756044 -1.09912836392 -40.3917185329 0.00572306013902
60 13.7691054024 -0.988335825466 -39.4516464917 0.00472469709214
59 13.463103049 -1.63003868581 -38.823503492 0.00359710132238
58 12.9332779244 -2.03686105843 -38.149213039 0.00409910300072
57 12.459447097 -2.39807120538 -37.4096514555 0.00307536509324
56 12.3730968802 -3.05932060009 -36.733074192 0.00472924600754
55 12.3373425135 -3.82702932441 -36.1739759453 0.00386475366387
54 11.4582221894 -3.49909216057 -36.0216304495 0.0039567419746
53 10.5709210173 -3.22266260423 -35.819779098 0.00531117700854
52 9.87998660072 -2.56838166233 -35.8238837042 0.00515777673495
51 9.51343653402 -1.69040050458 -35.860296406 0.00325673599332
50 9.20598869291 -0.789843215681 -35.8195846217 0.00443541848705
49 9.08105944069 0.138720182314 -35.9935471869 0.00296569346484
48 9.08592797409 1.05984473625 -35.7481361857 0.0046026123703
47 8.99217309771 1.9222903016 -35.3517220719 0.0041311035375
46 9.30329292105 2.46735173851 -34.6325755474 0.00141550370994
45 9.41361870869 2.86542405254 -33.7717501785 0.00688507740262
44 9.25208964349 3.2476040002 -32.9110793058 0.00469888700327
43 8.84134856221 3.62661602489 -32.1357175768 0.00888969841063
42 8.38309593505 4.20957117763 -31.531623428 0.00421933389698
41 7.9494470479 4.87728751754 -31.0010841734 0.00396659768722
40 7.84460151846 5.65769811079 -30.4569990924 0.0160907373764
39 8.2619188572 5.45077480082 -29.618972933 0.0102111433933
38 8.34525077792 5.23744790629 -28.6869717819 0.00675528580656
37 8.05842856609 4.81776680669 -27.8724580175 0.00450708905714
36 7.96256733718 4.18673068428 -27.1548825056 0.00367385795789
35 7.90822862884 3.44668953613 -26.5449202757 0.00508599425542
34 7.7083374693 2.75569456192 -25.9077192283 0.0153171392266
33 7.25032650816 2.3120520657 -25.1871803641 0.00296524104304
32 6.49522083352 2.24059087375 -24.5950031685 0.00427120069205
31 6.40475531856 2.16888655379 -23.6390092694 0.00355666315229
30 6.5236636031 2.26003373977 -22.6875539579 0.0131039121372
29 6.44487481852 2.16634663185 -21.7312863963 0.00905890270773
28 6.50841018728 1.78155643 -20.8490667845 0.00457459927518
27 6.52766361061 1.33950198179 -19.9916614357 0.0122386020325
26 6.43544741441 0.680712464299 -19.2919376784 0.0291146857011
25 6.24460088303 0.0421793020157 -18.5910056602 0.00309261543019
24 6.22451176058 -0.364924576742 -17.7135316394 0.00339096687616
23 6.10632858239 -0.610939162629 -16.7850522901 0.00263781748768
22 5.9935082117 -1.05549274248 -15.9327956428 0.00775760312801
21 5.9156824171 -1.37381673482 -15.0216200982 0.00642324432237
20 5.82585996082 -1.82474873015 -14.1691103174 0.0126229680988
19 5.85082329077 -2.39482596408 -13.3857052557 0.00565302673189
18 5.97707726669 -2.27295573473 -12.4320773662 0.00530838317506
17 6.02819648424 -1.9359874511 -11.5240777339 0.00488969968624
16 6.18867922772 -1.78781506997 -10.5788520003 0.00835923239652
15 6.41875007094 -1.88281441665 -9.64078279817 0.00837369138643
14 6.34646967662 -2.11288134956 -8.7002783489 0.00336416567196
13 6.15403607863 -2.49289553539 -7.82767059485 0.00529061678247
12 6.07182044079 -2.73547459127 -6.89072356199 0.00589909748324
11 6.14803358183 -3.10824694915 -5.99677229415 0.00505993552804
10 6.29989555608 -3.49608685953 -5.11879319021 0.0250755099105
9 6.29035190531 -3.8341445639 -4.20659104284 0.00337978553275
8 5.66459883413 -4.23519654146 -3.57894153704 0.00321356019966
7 4.91334041446 -4.26887064463 -2.96162655593 0.00441494832513
6 4.06888220835 -4.22649462811 -2.48005434951 0.00380070388062
5 3.2384446364 -4.04589887463 -2.00584870224 0.00382151935039
4 2.44715730211 -3.77017177317 -1.51060096781 0.00614182560271
3 1.89109273447 -3.08951334032 -1.09186257259 0.004936181907
2 1.26803378729 -2.51510586992 -0.612147242492 0.00348933642307
1 0.774053529917 -1.77368647478 -0.218762177519 0.00391568158777
0 0.404559405923 -0.877131987409 -0.127654047075 0.0091599005126
0 -0.969385256583 -0.12376464151 0.124828875157 0.00329229606173
1 -1.90917692435 -0.372452332589 0.284384290025 0.003049359516
2 -2.79247852575 -0.790295758144 0.40927672931 0.0046379531353
3 -3.49410103521 -1.47845159248 0.475841838468 0.00677973374324
4 -3.92079260907 -2.35574041379 0.611330367337 0.00188750534324
5 -4.39721924767 -3.15861611151 0.925095709918 0.00198858930593
6 -4.81250521852 -3.96452570993 1.30986914679 0.00605761244683
7 -5.491548914 -4.66427391157 1.44769423151 0.00839883110555
8 -6.02284774079 -5.49323930455 1.44865112014 0.00634744861932
9 -6.31110742722 -6.43267143558 1.38839067302 0.00156325292878
10 -6.14180122235 -7.37956444806 1.17873202082 0.00419639350584
11 -6.0082899581 -8.29178502259 0.833539792172 0.00351879389112
12 -5.64699811422 -9.14335734751 0.496935855535 0.00308190742642
13 -5.31447735437 -9.96006688894 0.059484184238 0.00282159152261
14 -4.97018349638 -10.7258715668 -0.454225835038 0.00303816086575
15 -4.53503144681 -11.4612734271 -0.942696954507 0.00772466926069
16 -4.15932047624 -12.2057608003 -1.46529966972 0.00380744643912
17 -3.84209427872 -12.9963919462 -1.95790149169 0.0148065410008
18 -3.54333575432 -13.8372276198 -2.37211125351 0.0045260266232
19 -3.08537006653 -14.6786035165 -2.59562053138 0.00435813291596
20 -2.69848284787 -15.5175226023 -2.93328184712 0.0034227934587
21 -2.37871533939 -16.3911943447 -3.25234020137 0.00979594956613
22 -2.11792454155 -17.2792958652 -3.58439892745 0.00577946890326
23 -1.88451660362 -18.1665200594 -3.93816130791 0.00217954615201
24 -1.74552155818 -19.0553899381 -4.33479954419 0.00543497135508
25 -1.33642533237 -19.8855539676 -4.66641372264 0.00200244600646
26 -1.38049365754 -20.7722428679 -5.08867524813 0.00499795543177
27 -1.4196186345 -21.6133900295 -5.59588430368 0.00379498204517
28 -1.40070911293 -22.4916880874 -6.03676227273 0.00531956811648
29 -1.35065302921 -23.3143350541 -6.57223778833 0.00447638125285
30 -1.13866761602 -24.1675270314 -7.01142305394 0.00351023188074
31 -0.945673974147 -25.1201532354 -7.15555749994 0.000702513066129
32 -0.683184012298 -26.0663331264 -7.11920814646 0.00283182783344
33 -0.298812124409 -26.9605675536 -6.98512077911 0.00761440402636
34 0.0484921118039 -27.8746295099 -6.89058578394 0.00127634907072
35 0.49101117352 -28.7449714474 -6.78242694372 0.00643648757153
36 0.963750566078 -29.5024342412 -6.37301576643 0.00983940046064
37 1.32250804985 -30.3402891273 -6.00734297767 0.00359243109918
38 1.80009188797 -31.1590776945 -5.75096134703 0.00289935712726
39 2.54236326792 -31.694794109 -5.39572977474 0.00279102881924
40 2.95135175403 -32.0125820115 -5.02061086233 0.00281016396023
41 3.53713269541 -32.6188932604 -4.51758086824 0.00789538982093
42 3.91342665301 -32.558972981 -3.61280339678 0.00398876356795
43 4.33016965021 -32.3284546068 -2.75444910872 0.00589557793021
44 4.46289035654 -32.0230154076 -1.83114281264 0.00540018628088
45 4.59601900154 -31.6646299231 -0.927274300865 0.00263178013716
46 4.83920959975 -31.0853740534 -0.173494035389 0.0028959994324
47 5.1779542946 -30.5040943597 0.540692243764 0.00322400990554
48 5.40810907995 -29.7738791235 1.15410705396 0.00475122263793
49 5.41125941741 -29.0117815228 1.77172120373 0.0130956444039
50 5.47483706162 -28.1754049207 2.27965016874 0.00625039106128
51 5.32687358001 -27.2807141709 2.65223391647 0.00133626056327
52 4.88615173439 -26.495332752 3.03961908209 0.00496661645263
53 4.39550122109 -25.7168750456 3.37744912871 0.00251700736553
54 3.86933289431 -25.0221681457 3.82614691307 0.00544308806808
55 3.27998190063 -24.3152776302 4.16296382244 0.00304646882368
56 2.8131736307 -23.5367413221 4.5321670297 0.0035039447949
57 2.01522977757 -23.1056371639 4.9031137004 0.00839537714438
58 1.10000875648 -22.905343776 5.18939836706 0.00368024402506
59 0.139249445967 -22.8856918433 5.37924472177 0.00637612207538
60 -0.799355071007 -22.7800635175 5.63817330921 0.00408620667181
61 -1.73335030763 -22.765925702 5.93216986871 0.00306361091529
62 -2.66963157669 -22.8813905222 6.19456878801 0.00359698067256
63 -3.59793441201 -23.1655730097 6.32135419301 0.0046568973464
64 -4.32303796901 -23.5822019994 6.83042421724 0.00281499669339
65 -5.00771148404 -24.1399509016 7.25284195742 0.00405660628611
66 -4.51255597306 -24.8732795072 7.67132427842 0.00427395344694
67 -3.96407164179 -25.5825903222 8.06359000215 0.0105029361931
68 -3.24561563131 -26.2206135587 8.24772969646 0.00733728001878
69 -2.4240987504 -26.7510003791 8.22490492398 0.00258246364205
70 -1.53963778301 -27.1666167797 8.26448226291 0.00681183753898
71 -0.609224716799 -27.1686263634 8.56544195298 0.00447083985179
72 0.345552238705 -27.2102658573 8.77188682061 0.0189613194591
73 1.28891137242 -27.0437562825 8.96466241797 0.00291988465308
74 2.22033864052 -26.7534028239 9.01707129096 0.00306041929492
75 3.09260500597 -26.3532107314 8.83420079743 0.00276072325529
76 3.98823592352 -25.9696307487 8.90464120251 0.00489039615577
77 4.27495678247 -25.6486394598 9.0479672597 0.00162102286026
78 4.87703318193 -24.9093860414 9.25982101918 0.0028968675804
79 5.4642773428 -24.1513030591 9.44458054201 0.00390299054133
80 6.01655029315 -23.3473354288 9.48971780865 0.00540914328659
81 6.26233818376 -22.4027035407 9.5074731275 0.00186174968719
82 6.61901370844 -21.5798835176 9.89322621797 0.00382477788051
83 6.98230951925 -20.730083936 10.2072673141 0.00424666074097
84 7.32610454765 -19.8387665212 10.4067538997 0.0121697479556
85 7.52791821839 -18.9006268226 10.5821838825 0.00283614351338
86 7.79950967488 -18.0025564378 10.848938271 0.00943944619
87 8.15211794967 -17.1541859631 11.1756807122 0.00521361643954
88 8.29558525631 -16.2800428728 11.5828655767 0.0343217599539
89 8.49207137469 -15.4512059085 12.0545102208 0.00457595160764
90 8.61096657255 -14.6382202268 12.5766561438 0.00665343762391
91 8.67885332583 -13.8248370817 13.1067549043 0.00286075993507
92 8.64795862086 -13.90310332 14.0765500267 0.00473833766123
93 8.98906030507 -14.3790006689 14.853769352 0.000844884727813
94 9.59387675317 -14.7820081918 15.5006400683 0.0055664269074
95 10.3936613763 -15.0333419327 15.9938161952 0.00310483858977
96 11.1078620384 -15.4176550799 16.530523813 0.00475019795892
97 11.945921032 -15.8840938779 16.6895402973 0.0310668409954
98 12.8949115718 -15.9877324029 16.8661105203 0.00254055143499
99 13.8555176257 -15.8959695178 16.971307785 0.00912455935956
100 14.7857743411 -15.6202839588 16.975770058 0.00382509888981
101 15.6141036146 -15.3390671538 16.5562379895 0.00293525246641
102 16.0822725606 -14.7189920361 15.9753496488 0.00241563264318
103 16.2563864628 -14.0268057702 15.3184353985 0.00330472664409
104 16.5545412212 -13.7770504902 14.4297557338 0.00510586540871
105 17.0569552047 -13.6621545567 13.6458412747 0.000981176249286
106 17.4653107408 -13.2476108382 12.8744587101 0.0038698360374
107 17.7471686118 -12.6587750865 12.1624812867 0.00173123813752
108 18.0929074122 -11.8474604428 11.7691499641 0.00876052889156
109 18.3098419578 -11.0198786983 11.3224595868 0.00615204369153
110 18.3544176084 -10.248892493 10.7441101961 0.00631839488982
111 18.2783063875 -9.53571739738 10.0992857729 0.00701050145758
112 18.0649463218 -8.6740999147 9.72366739186 0.0051929698641
113 17.2155609095 -8.29244536477 9.97088102288 0.00237163422067
114 16.2835016843 -8.05018688616 9.99145877523 0.00247241476456
115 15.3685850916 -7.8046925127 10.165293575 0.0106995992647
116 14.464519802 -7.49440688707 10.2770550202 0.00706419132586
117 13.5863887438 -7.10903103514 10.3511575433 0.00863105184107
118 12.912943613 -7.17835864053 11.033914796 0.00120822930637
119 12.4471590442 -7.48714346559 11.8163497388 0.00254930652961
120 11.9533819347 -7.70094118492 12.6129974109 0.00279490445619
121 11.5282495716 -7.77623978002 13.4717735981 0.00378949971649
122 11.0629875431 -7.85180198495 14.3091075345 0.00408611821467
123 10.6839963814 -8.25858824679 15.0923580038 0.00633830376231
124 10.1682735407 -8.55069235967 15.8475334204 0.00371143549681
125 9.6810038793 -8.70291278448 16.6602683045 0.00399387442389
126 9.31065969479 -8.81910301366 17.5377755365 0.00438494873312
127 8.62677549226 -8.8880342306 18.2064340655 0.0038652733742
128 7.83165942661 -8.90817820811 18.7413223463 0.00416182552106
129 7.16851480186 -9.05501694248 19.4173133712 0.00410737395877
130 6.86941190828 -9.63614818338 20.1176622445 0.00520752203686
131 6.59095436063 -10.0070521008 20.9555123131 0.00376129691331
132 6.132329466 -10.1079498938 21.7897468809 0.00369097629623
133 5.65215611786 -10.2235840107 22.6094228015 0.00501820112046
134 5.51685715825 -10.4019910145 23.5395233913 0.0056671652285
135 5.60834171816 -10.8291553663 24.3899296683 0.00487716941839
136 5.82747851382 -11.1032588004 25.2788094376 0.00777818625586
137 5.96601732217 -11.5346120024 26.1193258871 0.00361956812731
138 6.15515986858 -12.1901181876 26.7865615784 0.00758439278907
139 6.41007648617 -12.632007039 27.5923468984 0.01157648645
140 6.74295787149 -12.6742746184 28.483921444 0.0041344957909
141 7.23054849867 -12.9653262852 29.2480474369 0.00604250300356
142 7.79884997152 -13.3207926747 29.9230154819 0.00500736123324
143 8.52039901475 -13.9229879342 30.0640519222 0.00289445350019
144 9.41030198561 -14.1946683731 29.8721282555 0.00311361068602
145 10.1254247504 -14.8093713691 29.75987583 0.00687361229738
146 10.8688647922 -15.2338156437 29.3503077411 0.0045503936604
147 11.7020630767 -15.5280118883 29.0057349492 0.00397010633669
148 12.638325257 -15.5204308395 29.1533529727 0.00784499769218
149 13.5673427933 -15.6903620737 29.0853421207 0.00322298722074
150 14.3558056208 -15.2107287813 28.8752164917 0.0057576294514
151 15.1390441388 -14.6856517365 28.8028018877 0.00229824510537
152 15.8130370014 -14.1035519578 28.4851467395 0.00339646540346
153 15.8953406751 -13.4157095411 27.8418669319 0.00520660196365
154 16.0853514056 -12.5923142663 27.4200831581 0.00874404604185
155 16.3680759085 -12.1666035383 26.6267616167 0.0122048038248
156 16.8808913001 -11.9568260672 25.8650773714 0.00229293737071
157 17.3029713203 -12.3442961202 25.1179570978 0.00988611480804
158 17.9844162992 -12.7921730606 24.6509840364 0.00446606287438
159 18.7240322711 -12.9314683731 24.0893246192 0.00369015139359
160 19.3538161505 -12.9935542675 23.3960517241 0.00468169194753
161 20.0442828228 -13.4431197377 22.9485080457 0.00340700550418
162 20.8101685827 -13.5969315897 22.4308342451 0.00624587680864
163 21.7014594809 -13.7634901829 22.1991246057 0.0066516860703
164 22.6147484911 -13.8322190644 22.0125585871 0.00565392942133
165 23.5423291213 -13.8798695623 22.1074692912 0.00418185925971
166 24.2177211537 -13.6663487154 21.499813762 0.00485259315722
167 24.8917150652 -13.6993199002 20.85635088 0.00319537793208
168 24.8528187624 -13.9651169043 20.4586200008 0.002450976596
169 24.7177679097 -14.53683473 19.7369154489 0.00264955527927
170 24.6987616327 -15.2455100492 19.135199925 0.00992369028928
171 24.3466919844 -15.9816482549 18.6940028559 0.00349202418984
172 23.9058869703 -16.5848112128 18.1451368228 0.0108727288567
173 24.4042095619 -17.2042725868 17.6732028614 0.0422003738587
174 24.7847601346 -17.5411604464 16.9130752922 0.00719992953123
175 25.2367388771 -18.0599372156 16.314425714 0.00512206955182
176 25.9997000972 -18.2941428176 15.8766567771 0.0131763917742
177 26.6039176446 -17.8938095059 15.3325479452 0.00501855601625
178 27.1264437603 -17.4323201005 14.7559124758 0.00626908485862
179 26.9527797877 -16.5841405454 14.5021694246 0.00428333339046
180 26.4413178002 -15.9888654028 14.059830801 0.0094774505804
181 25.7274494675 -15.5531407904 13.7347215532 0.0035685818768
182 24.9330082505 -15.7123269538 13.3521292986 0.00354041575857
183 24.2512712617 -15.9916163248 12.8442368938 0.00738714098169
184 23.4084366488 -16.2437037671 12.6998399135 0.00215614053707
185 22.6821812067 -16.4604476251 12.2315034916 0.00329896686653
186 22.2308524623 -16.9755845723 11.6635720252 0.00452129276277
187 21.8262973984 -17.4801183863 11.0552232442 0.00489413152981
188 21.643872628 -18.1034104734 10.4529943102 0.00439108604625
189 21.5106947143 -18.5014739421 9.67488058763 0.00565506131643
190 21.2031375917 -18.6647157791 8.86501800724 0.00405328025929
191 21.1667751749 -19.5411441094 8.81850625595 0.0056512148419
192 21.1335761156 -20.3770259447 8.559648047 0.0140384386958
193 21.3205314064 -21.2080927275 8.39288639894 0.00568388799847
194 21.3057984261 -22.0653703623 8.50479749132 0.012507301204
195 21.3379545083 -22.8993776847 8.31041137753 0.00757857786803
196 20.7953246158 -22.9449875515 7.65423011244 0.0283279183532
197 20.1512320925 -22.457720747 7.46282070867 0.0086640663246
198 19.4004268023 -22.6117879854 7.16477244376 0.00517039178545
199 18.7018038315 -23.0048505502 7.32413556369 0.00438680197554
200 18.0270838134 -23.4231668116 7.1490256978 0.00438909525189
201 17.3033221732 -23.1257518325 6.94574806241 0.00432881549373
202 16.9187939083 -22.7242789278 7.52736443297 0.0125493798432
203 16.1521562867 -22.7492362493 7.69964604382 0.0076195064321
204 15.5376037154 -23.1988152283 7.84973613681 0.00571415270006
205 15.0346572014 -22.8214979188 8.29166785045 0.00482491669141
206 14.3895405379 -22.5542682358 8.59446741271 0.0116553764252
207 13.907127683 -23.020080965 8.91328832989 0.00564639579947
208 13.72118745 -23.3232037382 9.5550605927 0.0189802969686
209 13.8312866747 -23.3743939789 10.2411111939 0.0189671837302
210 14.2136839525 -23.8570115832 10.0358213476 0.00613329827156
211 14.7843584254 -24.0620748 9.85874610829 0.00622550559741
212 14.3350833768 -23.6826622182 10.0311204081 0.00655993684451
213 14.2547181873 -23.7857752055 10.6088276356 0.0063456431767
214 14.6154428782 -23.9547389645 11.0153912427 0.00810144761361
215 14.8060114176 -24.0049260882 11.51613905 0.0127884737776
216 15.0332788877 -24.3990909249 11.3601946182 0.0134445301661
217 14.8984186862 -24.6905810843 11.0992172817 0.0061500506373
218 14.5949313211 -24.5394082444 10.9367516725 0.0110093620235
219 14.7722105068 -24.477294017 10.7459153197 0.00609375397269
220 14.8587878606 -24.2535978193 10.6267458656 0.0116866195799
221 14.9818517451 -24.0950414229 10.6595682323 0.00510961475792
222 15.0470542446 -24.1431505997 10.816974898 0.0105467628336
223 15.0635580303 -24.0888373959 10.9296168456 0.0128287450356
224 15.0889396707 -24.0212118755 10.9454974488 0.0092462595879
225 15.0826264862 -24.0435071583 10.9108204172 0.00717820869213
226 15.0701543402 -24.0613154388 10.9056396775 0.009768744217
227 15.0673342343 -24.0601032453 10.9031501424 0.00447903243006
