49 6.26104317923 -0.499611169002 8.19421778348 0.0144683439151
48 6.25045603366 -0.519891065937 8.19494298659 0.00639230977077
47 6.24609911433 -0.520816540996 8.23460787355 0.00865925997361
46 6.25270242516 -0.482921326665 8.17649185788 0.0107476953993
45 6.26164705612 -0.524921855981 8.07341804628 0.00962742043509
44 6.18717218208 -0.406810234407 8.00299456155 0.0122109861363
43 6.2486180741 -0.455449008093 7.798277834 0.0112560103835
42 6.4216640522 -0.478393090582 7.5756298043 0.00955481858483
41 6.52805615417 -0.217773115945 7.37968762983 0.00953468070979
40 6.1637151975 -0.208240486533 7.20305029097 0.00998800671614
39 6.61049323651 -0.246593283011 7.11956640385 0.0112519930463
38 6.68350412488 -0.239755335162 7.62429318618 0.00363256581905
37 6.7451603875 0.281300269901 7.6330386559 0.0214154458334
36 6.50280471266 0.833994188952 7.60072705023 0.0117224826185
35 6.53691687948 1.4658654902 7.50501365184 0.00965414323994
34 6.17286517602 1.83630939907 7.92242506456 0.00695380740044
33 6.12890836062 2.51430528284 7.98855928808 0.0103284199854
32 5.7820938381 2.77064667812 8.54784147538 0.00525110555665
31 5.43167338031 3.36606200764 8.73548472995 0.00720887280705
30 4.99683843376 3.91341149088 8.52717006069 0.00498960086073
29 5.01694970393 4.56109878433 8.88129879145 0.0063648099155
28 5.11494725985 5.26888065088 9.10542306872 0.0112296307243
27 5.45924326103 5.39335660876 9.7797513505 0.00581562826349
26 6.1837645607 5.36714741108 10.0523358374 0.00998192970733
25 6.88129659148 5.64236427472 10.2933991593 0.00568239222963
24 7.4905319093 5.73264271042 10.7962221571 0.0126569588859
23 7.91604343157 5.95687414284 11.4505647281 0.0064673296274
22 8.18175950072 6.65754334554 11.7779836006 0.0239624779336
21 7.73632035258 6.18324820938 11.248029433 0.00441309252809
20 7.66025889146 5.67790765921 10.5776154719 0.00523729642772
19 6.89770191485 5.33857002505 10.4396369518 0.0239586229295
18 6.12431569533 5.13523808672 10.1172374006 0.0125487609979
17 5.38299383484 5.31589161619 9.69993309715 0.00421212788754
16 4.79110112098 5.73097200185 9.21213639328 0.0132415228385
15 4.26631943012 5.77641916498 8.50793423673 0.00998059917641
14 3.81637954129 5.73986066939 7.74753693688 0.0036127168283
13 3.11629160521 5.32647193086 7.39753227049 0.00602452815313
12 2.68716961793 5.16123140093 6.63717663589 0.00533525594835
11 2.17093785578 4.62226210536 6.15176164314 0.00552205414015
10 1.83983777 4.37329295087 5.36045133839 0.00212668387255
9 1.26044736057 4.42907803517 4.68220332522 0.00388809216801
8 0.854261580611 4.43939584639 3.88410061414 0.00320725930154
7 0.442882147619 4.69570773399 3.12968300113 0.00564420085387
6 0.207772353549 5.15840469077 2.39591729904 0.0038429414339
5 0.319453691343 4.7701655875 1.59131273489 0.00365459397349
4 0.388019214493 4.04350186161 1.06293517666 0.00227281327812
3 0.746961816768 3.29720664297 0.706350906083 0.00672438194105
2 0.898268811431 2.43666941019 0.475064244644 0.00328595089105
1 0.773129128065 1.58826523665 0.186060426592 0.00718278274426
0 0.415954289697 0.801919183306 -0.0918891648319 0.00270075009463
0 0.856882042108 -0.363740126458 0.340678898907 0.00159803009131
1 1.69264971237 -0.651653944113 0.789251829968 0.00432250986095
2 2.48301865643 -1.00034937607 1.27535964904 0.00525192549465
3 3.36153860049 -1.1720769593 1.70103324061 0.00379077462363
4 4.2753208886 -1.2990319343 2.06339225285 0.00536860226383
5 5.14287769755 -1.21196289763 2.53470758056 0.00605676952503
6 6.06691854808 -1.18801450436 2.89225195301 0.00425506068156
7 7.0405734947 -1.00332094959 2.89934335768 0.00493691097184
8 8.02544362493 -0.932491123264 2.98368557641 0.00354057659212
9 8.99947182869 -0.783194370785 3.08871434038 0.00393414147355
10 9.89718039959 -0.394612599101 3.24722067478 0.00729931184145
11 10.8039700282 -0.0133802329244 3.36675734407 0.00486109525426
12 11.7280547084 0.313688585144 3.51139853261 0.00417311319332
13 12.657062116 0.632898443372 3.64107906823 0.00751656403082
14 13.549719322 1.01153757894 3.84470080574 0.00523157783887
15 14.3535337596 1.42852652775 4.24673380969 0.00296603708452
16 15.2765829225 1.6171223947 4.55328814231 0.00297629617914
17 16.2045046366 1.74857731874 4.87454199961 0.00699198416149
18 17.1848018241 1.75317405188 5.01733768431 0.00442125591035
19 18.158244992 1.90538535116 5.12012778327 0.00300079620621
20 19.099431798 2.20908809972 5.063464706 0.00239460460605
21 20.0641224145 2.42769867624 5.1166078246 0.00453408619861
22 20.9863794216 2.77211854441 5.0070879549 0.00628075972587
23 21.9146897282 3.11656054703 4.98103436582 0.0118969695132
24 22.7685269018 3.60894112986 4.88395959582 0.0037196278152
25 23.5407829573 4.2167576944 4.76138685708 0.0028626962923
26 24.232400823 4.86265336884 4.46931410398 0.00412583659449
27 24.9480005101 5.48004311352 4.17349906196 0.00229548238895
28 25.5533716234 6.20238660445 3.86940856701 0.00303526506859
29 26.1373406568 6.9026983499 3.48309256903 0.00378357971354
30 27.0970249961 7.13873785216 3.5453853454 0.00429587467059
31 28.0346610749 7.42588008619 3.68291318611 0.00157849121765
32 28.9727112122 7.74111702436 3.64852372347 0.00643519594912
33 29.9218439627 8.02000776721 3.69046805281 0.00665343157031
34 30.8586793607 8.32110071093 3.58105602411 0.00872711191757
35 31.7867760264 8.66538877617 3.56540994441 0.00372258396358
36 32.6960851741 9.04841471131 3.48459211444 0.00447422922626
37 33.5697966241 9.51212324006 3.44445838378 0.00594278459306
38 34.3470784028 10.1250688062 3.43817303745 0.00174794002094
39 35.2373759418 10.5255390627 3.27421392327 0.00542152245458
40 36.0845159025 11.0182962149 3.13514743905 0.00455886127491
41 36.9341207066 11.4852132739 2.93543398021 0.00299088773592
42 37.6539189693 12.0406852561 2.54421143983 0.00575592687286
43 38.338513498 12.5831471282 2.07869741124 0.0130811734657
44 39.0232880677 13.1345357846 1.62431505019 0.00735964928157
45 39.3422467187 13.7045985206 0.880879191774 0.00842581091354
46 39.5384687503 14.3356793255 0.144343012773 0.00288724863313
47 39.5910431134 14.9736117748 -0.610301511825 0.00521054777512
48 39.6110368602 15.6023962755 -1.37407697494 0.00383421909241
49 39.6412566761 16.0980726173 -2.22993889095 0.00361769496828
50 39.6659327618 16.5489622012 -3.11036389692 0.0292214936905
51 39.7198438547 17.0873706021 -3.93843422517 0.00368558348136
52 39.6242949031 17.6480507099 -4.74770434542 0.0269248005467
53 39.35521619 18.1469495249 -5.55800747945 0.0111193863012
54 38.9923443607 18.5657699896 -6.37690587247 0.00650462942294
55 38.6862812898 18.9571786949 -7.23171549106 0.00297622294175
56 38.4509734178 19.430158236 -8.06743269542 0.00237079010572
57 38.4777920828 19.4292065836 -9.05578656139 0.00338757180015
58 38.536288198 19.4775886673 -10.041550627 0.0238603925395
59 38.5467152372 19.6375062535 -11.016903774 0.00317550803494
60 38.615060532 19.9782655068 -11.9421624374 0.00374518083133
61 38.7627108136 20.2601387566 -12.8778800277 0.00353090025719
62 38.7557121823 20.6860065145 -13.7696765943 0.00569916985229
63 38.7400407269 21.067652289 -14.68110799 0.00570688855563
64 38.6719221107 21.3618725668 -15.463965634 0.00241387943469
65 38.3210925553 21.8618779459 -16.2399728338 0.00882170914085
66 37.9899669513 22.3024626885 -17.0593247846 0.00391501095139
67 37.6762280799 22.7419135488 -17.8860412654 0.00335265711263
68 37.4142525182 23.219011156 -18.7098580465 0.00372500061467
69 37.0877802033 23.6194992242 -19.5512118141 0.00121091933844
70 36.814889007 24.0598645588 -20.3917057726 0.00268613105858
71 36.5201513251 24.1603164862 -21.3286534179 0.00511227394251
72 36.353954691 24.3155582875 -22.2893858888 0.00573314475182
73 36.3916715425 24.5499908697 -23.2476162498 0.00528074261934
74 36.3658977238 24.8479181421 -24.1883698461 0.00455443337511
75 36.2798907512 25.0618696438 -25.1481476048 0.00521222273697
76 36.1343390896 25.4321992325 -26.0513858453 0.00672033603355
77 36.069507614 25.8200673587 -26.9565687783 0.0051683449868
78 35.9981065928 26.2512942483 -27.841327621 0.00343038320687
79 35.7984131496 26.5188139468 -28.7699595048 0.00329307055753
80 35.5934091169 26.6200949669 -29.7298862573 0.0054915481537
81 35.2459893555 26.6327927099 -30.6533084276 0.00513310722079
82 34.7789490486 26.7551221005 -31.5137112791 0.00448632267958
83 34.4099045598 26.9088206418 -32.4156441686 0.00247536216143
84 34.1252104455 26.8953646358 -33.3601225103 0.00670564084307
85 33.9757269279 26.7558597995 -34.3251635256 0.00494957354274
86 33.7312793068 26.475190724 -35.238619986 0.00107423097004
87 33.4042178576 26.2934919241 -36.1512640019 0.00349857161273
88 33.0101919044 26.0550482765 -37.0234232612 0.00364396294659
89 32.6366592221 25.6785354929 -37.8548993872 0.00508655395012
90 32.2676370106 25.1601952547 -38.6082836263 0.00189863616253
91 32.0012124162 24.6601899061 -39.4154031305 0.00318413425083
92 31.6970492952 23.9886648886 -40.0702104052 0.00291740569298
93 31.3778024452 23.2474636913 -40.6366041462 0.00679474981074
94 31.0700022294 22.482908979 -41.177537075 0.0018909247189
95 30.7273088417 21.8195076405 -41.821243895 0.00399857940924
96 30.3304448151 21.2715760022 -42.5382534263 0.00342685582897
97 30.0075641207 20.8156119255 -43.3504421097 0.00701593583895
98 29.6686404325 20.288015847 -44.110925894 0.00255870784858
99 29.4745299546 19.7012535098 -44.8787308057 0.00370214506526
100 29.1526787535 19.147231905 -45.627624828 0.0053688669817
101 28.8890976232 18.6378770339 -46.4290828385 0.00422093375148
102 28.5443481492 18.0600720278 -47.1490505819 0.00372852011912
103 28.3136068257 17.4317443167 -47.8721808755 0.00830156438475
104 28.5017289862 16.6486054156 -48.4395467955 0.00433989134304
105 28.7784736437 15.9224945592 -49.0450757892 0.000968478980652
106 29.2454086605 15.1507508308 -48.6491769317 0.00659256599906
107 29.6764123568 14.3478470102 -48.2753862368 0.00426751400745
108 30.2093060412 13.6132328012 -47.8927982217 0.00352075724403
109 30.7920963621 12.8959372537 -47.5526183428 0.0146228141391
110 31.577361091 12.3717221063 -47.2734287015 0.00702384661671
111 32.1924602447 11.6399755217 -47.0381702925 0.00715620753272
112 32.7497592687 10.934498789 -46.6373141892 0.00550875145792
113 33.4582165077 10.3635025212 -46.2620524109 0.0169649187889
114 34.3874325028 10.0466511622 -46.1966512771 0.00167096439575
115 35.309011251 9.70235467117 -46.1822803104 0.00340089432872
116 35.9585249153 9.00352312711 -46.4225576793 0.00341538477345
117 36.573627164 8.29953362402 -46.7290126862 0.00351982553892
118 37.108118805 7.51867323442 -46.9979101841 0.00567182558494
119 37.3143893141 6.62204545367 -47.3458559112 0.00499096958414
120 37.665322262 5.72945693953 -47.5637225334 0.004935237292
121 38.004414603 4.84046809824 -47.8124755651 0.00381441652862
122 38.4947942828 4.03486787786 -48.0909861463 0.00404374428969
123 39.0083864407 3.22438633446 -48.3059461973 0.00262935972884
124 39.5333804746 2.45197274642 -48.6134420995 0.00292829941846
125 39.8643891748 1.5761662898 -48.913575084 0.0038140203242
126 40.3526058544 0.803590839557 -49.2759781842 0.005369638097
127 40.8395670977 0.571530514677 -50.0979847917 0.00353114225923
128 41.3544292183 0.354298719211 -50.9068480247 0.0184600129303
129 41.8382548846 0.110085471998 -51.7266680466 0.00398648708444
130 42.4193910343 -0.133202378617 -52.4807936691 0.00394771895042
131 42.916823953 -0.248543849497 -53.3203148955 0.00763285912338
132 43.4025921837 -0.259593383004 -54.1742210903 0.00723055073656
133 43.7607382898 -0.286275473551 -55.0885736206 0.00567459420491
134 43.9926254029 -0.741982990009 -55.9271831553 0.00368013681972
135 44.3756535974 -1.22692638006 -56.6904649861 0.0044001555288
136 44.9014707676 -1.59561806431 -57.4333374587 0.00305244721733
137 45.3416350166 -2.15612149017 -58.1087482616 0.00234991025351
138 46.0375505399 -2.53920952963 -58.6856855385 0.0047713601667
139 46.6778535289 -2.80655531029 -59.3801924353 0.00415709546185
140 47.2409987963 -3.0582393881 -60.1438736461 0.00425719686848
141 47.9127689546 -3.15355597569 -60.8531624964 0.00580296226017
142 48.5351852421 -3.19610495629 -61.6108101344 0.00392833826731
143 49.2879919096 -3.13518785188 -62.2373269268 0.00450134707466
144 50.1561677285 -2.99044247474 -62.670845225 0.00294321918475
145 50.9148335441 -2.69917669211 -63.2205272892 0.0046359519505
146 51.5997105529 -2.31328480374 -63.8073902187 0.00360886400981
147 52.3720323077 -1.89727709537 -64.2462173189 0.00165090768386
148 53.1550509224 -1.33350006083 -64.4221931713 0.00418676240899
149 53.9523024044 -0.762590957222 -64.4351608238 0.00648752574092
150 54.744481462 -0.186494892629 -64.4796283205 0.0123418032208
151 55.5728929143 0.336398125143 -64.4458979547 0.00455532685059
152 56.481426627 0.701149990842 -64.4919618271 0.00547197389561
153 57.4187424838 0.944727879465 -64.3421186045 0.00510140475239
154 58.3190444025 1.30345493894 -64.1976850998 0.00558385033294
155 59.1291079034 1.80479247297 -63.9690174223 0.00602530478611
156 60.0853479504 1.88206023374 -63.7711523076 0.0040434723116
157 60.9764835165 2.22136998715 -63.5474060173 0.00238900989448
158 61.824233843 2.61389523424 -63.253362308 0.00440996005602
159 62.6266315545 2.99131075362 -62.8377112423 0.00662515784451
160 63.4040856838 3.28279559642 -62.3186993471 0.00421204920318
161 64.0379926675 3.69477995795 -61.6965547552 0.00240955538492
162 64.6105503469 4.18519940027 -61.071916076 0.00439560578872
163 65.2636472223 4.67643888443 -60.533077373 0.00330388369688
164 65.8390938226 5.28479738785 -60.0263657373 0.00529188214835
165 66.4608626984 5.91704132999 -59.6124640041 0.00486937809129
166 67.3316417014 6.36049647381 -59.5640810158 0.0101538319414
167 67.9946469081 6.99018909815 -59.9114664418 0.00270534297292
168 68.799330699 7.43871570078 -60.2399619659 0.00359317372398
169 69.6581141112 7.8174681096 -60.5145674664 0.00359558943772
170 70.4119037731 8.26274102851 -60.9502072679 0.00262502965568
171 71.0669128307 8.72916198428 -61.5066259673 0.017253121364
172 71.6067611995 9.39564266142 -61.9750920705 0.0022156701709
173 72.2224281846 9.89596655694 -62.5457686167 0.00459757391464
174 72.606972173 10.4123145368 -63.2809148965 0.00116686424341
175 72.8026091808 10.9816928274 -64.0506117971 0.00291141121336
176 72.8215290482 11.652843352 -64.7604350799 0.00137757565253
177 72.8487547955 12.322181926 -65.4716390657 0.0049036357628
178 72.8259418657 12.9969271549 -66.1776517096 0.00338811364299
179 72.7607891788 13.5925375254 -66.9490939959 0.00747246131766
180 72.6225986808 14.2534627793 -67.6545356306 0.00464108241829
181 72.6563070917 14.8872119678 -68.3965168994 0.00445692166052
182 73.5016664808 15.2588037168 -68.71264876 0.00366276201144
183 74.3058899143 15.7849929745 -68.8820622834 0.00265282152917
184 75.0482656928 16.4148522888 -68.9477109023 0.00782409195264
185 75.7160708657 17.1253673247 -68.9189449371 0.0037212865802
186 76.3776210719 17.838932549 -68.8515118724 0.00549108781309
187 77.0878143263 18.5005643952 -68.7573638997 0.00625441575011
188 77.6549049444 19.2912077916 -68.6953685199 0.0032035430879
189 78.1838781288 20.1078247738 -68.7557751611 0.00154042121198
190 78.5692889209 21.0029722351 -68.7753152496 0.00460572882969
191 78.7448929133 21.9613557728 -68.7519503599 0.00745244913635
192 79.0430542048 22.878573703 -68.6135081015 0.00252048394612
193 79.1767296258 23.8421985537 -68.6655955942 0.0105956087311
194 79.2627415439 24.8097979207 -68.734277786 0.00162734726427
195 79.3355263097 25.7669766488 -68.5706589098 0.00565416677446
196 79.3234681349 26.7379236887 -68.5004894961 0.0055133630156
197 79.5226395505 27.6897367117 -68.4585479281 0.00156121718989
198 78.9924769218 28.5009469701 -68.3684069686 0.0033714004546
199 78.2700640413 29.1243780254 -68.1774266465 0.00499728938868
200 77.5585545724 29.7402782483 -67.9303104828 0.00415168793114
201 76.8360852905 30.3646873898 -67.7447351759 0.00772215009384
202 76.0971005829 30.993887675 -67.6844324398 0.0018629104585
203 75.364963964 31.5778957942 -67.4228124404 0.00470648816605
204 74.5646162192 32.0545330301 -67.1445827475 0.00486412985886
205 73.7291199802 32.548300689 -67.0915686196 0.00267239468312
206 72.8139735165 32.8731827169 -67.0541411481 0.00176881689749
207 71.8657329198 33.0820547167 -67.0153702448 0.00256603277423
208 70.9014226335 33.196647136 -66.9830601796 0.00233504269225
209 69.9648506178 33.4520866206 -67.0211580855 0.00229964355255
210 69.0074160817 33.3218712379 -67.1213529633 0.00530600072308
211 68.04912481 33.3004358542 -66.9650140529 0.0043179440445
212 67.1289338316 33.0347859042 -66.8052673043 0.00245895352294
213 66.3642570641 32.4472557652 -66.9178942671 0.00156405836576
214 65.4689632238 32.1139664549 -67.090665865 0.00536620719245
215 64.6095400022 31.8873985665 -67.4807616542 0.00460639109816
216 64.1587955878 31.6474452625 -68.3062758273 0.00175791953696
217 63.8384208857 31.4424532077 -69.1993126827 0.00388132281912
218 63.4646157922 31.2377046496 -70.0711657151 0.00330958937988
219 62.8686319601 31.3489328657 -70.8286043925 0.00569290441198
220 62.4334214119 31.3198091297 -71.6950146916 0.00385569454671
221 61.822886952 31.1745967343 -72.4342745408 0.00438384438308
222 60.9983640554 31.0551585791 -72.929757281 0.00590709466988
223 60.7484816103 31.006385655 -73.0538215402 0.00143769480285
224 60.1397776132 30.5072266356 -73.6047774153 0.00247250904041
225 59.5103746118 30.1091077848 -74.2116620127 0.00867118492791
226 59.1110355836 29.4825585347 -74.8196368706 0.00320041339023
227 58.7644798323 28.8904937848 -75.4909421813 0.00492851717045
228 58.2438388001 28.1996939315 -75.9055407289 0.0053063512607
229 57.6024048065 27.5787862736 -76.2552590014 0.00375530958661
230 56.9215122152 26.9047064089 -76.2327606836 0.00508840825993
231 56.2713953112 26.2250862953 -76.4149508833 0.00286148658831
232 56.3182619947 25.3142563495 -76.7073994574 0.00534323515918
233 56.1695778313 24.8163703304 -77.5119100721 0.00754827316607
234 55.9009350555 24.2193422494 -78.2098588693 0.00354704159761
235 55.9960141275 23.6255106742 -78.9538724682 0.0188451517721
236 56.0587090153 22.768152491 -79.3690033853 0.00838791272992
237 56.5612670467 22.2103214593 -79.9574600321 0.00488866134606
238 57.1479683983 21.8475080848 -80.6157677449 0.00487459557636
239 57.7080221233 21.883956936 -81.3861786094 0.00528503611405
240 58.1162953493 21.7536497035 -82.2370701247 0.00358714864214
241 58.4798895593 21.4869722434 -83.0758900249 0.00412711685256
242 58.6570794094 21.1877382955 -83.962057316 0.00720841306096
243 58.6719226171 21.1107472415 -84.1599142511 0.000825111428831
244 58.460979603 20.7109834651 -84.9903036178 0.00403648174638
245 58.0032465004 20.4474247092 -85.7737086497 0.00417705856373
246 57.67236524 20.0063405436 -86.5402290507 0.00244142090417
247 58.3736086907 19.3773523641 -86.5907161476 0.0363589513044
248 59.1755739718 18.9354440192 -86.3875588035 0.021744010064
249 59.9392768254 18.619802651 -85.9514434267 0.00447948579785
250 60.8351074468 18.4238158897 -86.1255470377 0.003116899384
251 61.7608666546 18.4080526364 -86.2389131248 0.00234686479641
252 61.8623006377 18.4018866494 -87.1666686256 0.0057364769146
253 61.8755670268 18.4446099848 -88.0978308309 0.00433549873209
254 61.9860731231 18.001890227 -88.9095353748 0.00535211849027
255 62.3227197354 17.4613816277 -89.5871860015 0.00580824619302
256 62.7992461211 16.9882432163 -90.2286389076 0.00792632132601
257 63.2023674538 16.4539505967 -90.869995692 0.00306489354454
258 63.5895548789 15.9469314622 -91.5417066677 0.00554065173576
259 63.8273878347 15.0968841085 -91.8172750105 0.00169566028113
260 64.414083652 14.4262554313 -92.063013569 0.0063706396168
261 64.0953452578 13.5720783519 -92.2056121956 0.00362075928012
262 64.3607938582 12.731468672 -92.4758069571 0.00299732900182
263 64.8611455703 12.04509705 -92.8327894458 0.00637140190117
264 65.4347880646 11.3757612211 -93.0950902508 0.00801289900657
265 66.1388208495 11.1178731322 -93.6246747389 0.00421774834053
266 66.9193727022 10.96750597 -94.081346762 0.00362081196458
267 67.8323271787 10.9526959827 -94.1479501623 0.00441626094351
268 68.7362714768 10.9906193245 -94.2798399946 0.00543874922848
269 68.5109088094 11.1280276012 -95.1546733764 0.00869623719052
270 68.1133903396 11.0955194922 -95.9738594604 0.00788412700342
271 67.5219026916 11.5695603328 -96.4739627309 0.00558342752647
272 66.7143889539 11.7727753325 -96.8313907215 0.0043090015647
273 65.8633292907 11.9153539875 -97.1030487797 0.00436920849874
274 65.0375949787 12.0308180492 -96.7555829023 0.00424525247665
275 64.1384845646 11.9800560995 -96.7112308931 0.0108602424988
276 63.5852232644 11.2851672576 -96.8415618502 0.00556054782333
277 62.910050735 10.7067861669 -96.732964233 0.00568448797661
278 62.4943771171 9.95008555686 -96.5028725511 0.0115699988898
279 62.4671287499 9.12174094468 -96.1818118255 0.00339915775241
280 62.5222450259 8.24346715932 -96.0691201863 0.00760931613784
281 62.6902323502 7.4182041417 -96.3373834703 0.00563370804027
282 62.9977263957 6.78093129438 -96.8632648294 0.00321364071437
283 63.35516506 5.99243089771 -97.0188905248 0.00125546239906
284 63.8742845539 5.34168213587 -96.7363173917 0.00683994042774
285 64.1822198967 4.52212088997 -96.7393358879 0.00237023787208
286 64.6668507251 3.80200680987 -96.6346397416 0.00795287233487
287 65.4526134252 3.46618758837 -96.4710270443 0.00250584731229
288 66.3085682778 3.56011052442 -96.3569863571 0.00649985765371
289 67.1153175617 3.86836509717 -96.3114257901 0.0125529964774
290 67.8674617158 3.95577450494 -95.9092582379 0.0034519551839
291 68.3153284304 4.5854341633 -95.5431049593 0.00762082455148
292 69.0080402905 4.91641746786 -95.1786608647 0.00588641848611
293 69.4923485632 5.60260214961 -95.2743991331 0.00487015978311
294 69.7661436557 4.80900851646 -95.3343708226 0.0049523935462
295 70.2460382545 4.18087540728 -95.6122979481 0.00909339958968
296 70.9613014679 3.83178628793 -95.8488206468 0.00473446585109
297 70.5497340039 3.21739566315 -96.2175297405 0.00184123453578
298 70.4922790062 2.84241274367 -96.9507987762 0.00313918596297
299 70.2251171807 2.66670684663 -97.7089087363 0.00756905459717
300 69.922084275 3.17664241745 -98.2676065971 0.00953075711543
301 69.3376990133 3.70692447687 -98.1124325512 0.00622059443091
302 68.6391636698 3.59035386579 -98.4729431734 0.0123197588959
303 69.4088616561 3.69918944196 -98.520477963 0.00734224892852
304 69.7673448697 3.26271380219 -97.9981304761 0.00551844327686
305 70.1558665794 2.60906229279 -97.9925325184 0.00369789592457
306 70.6327865526 2.02639982529 -97.9410346085 0.00404348141816
307 70.7284852608 1.32392632622 -97.701263671 0.0054915371106
308 70.7589476729 0.801741742854 -97.1779820519 0.00902486095925
309 71.3465185757 1.08863033487 -96.8688714695 0.0117897334359
310 71.4171241898 0.902665428455 -96.1968347498 0.00606209170002
311 71.0777775432 0.329828720982 -96.0310627812 0.0089964071079
312 70.4870237763 0.473095344733 -95.7624493844 0.0027489643166
313 69.9841102308 0.72146416564 -96.1057870824 0.0183350254988
314 69.4589847277 0.49558645456 -95.9119181073 0.00911484488281
315 69.9911639611 0.407621999348 -95.7212127321 0.0148475804172
316 70.2688841166 0.837409495631 -95.7529871781 0.00665871030213
317 70.2856836522 1.16509134198 -95.3987781084 0.00594676040513
318 69.8356769039 1.13825960237 -95.447797504 0.0240586911712
319 69.8424111214 1.32962947526 -95.692423634 0.00582943822249
320 69.8878453699 1.12322618184 -95.5167635725 0.0115717130036
321 69.680663387 1.13314486927 -95.4826487893 0.00429446917068
322 69.8231081644 1.23626313452 -95.5483577911 0.00655496179082
323 69.9364326811 1.30893007535 -95.471642214 0.00506468303718
324 69.9752790741 1.39671147969 -95.5606707051 0.0149476726315
325 69.9498702571 1.4617366552 -95.5646521338 0.0080779191037
326 69.9445743121 1.42176331433 -95.5762853434 0.00839092358784
327 69.9387118057 1.40447487715 -95.5690340552 0.0131164580006
