137 -20.3059328015 3.58160324122 -18.5995530284 0.00144774598681
136 -20.3053505564 3.58182122751 -18.6002182764 0.0116442513975
135 -20.3193125573 3.57032357158 -18.592704473 0.00929236508084
134 -20.2829886466 3.56445018381 -18.6183319997 0.00518356981277
133 -20.2934069162 3.56190626123 -18.5566570308 0.0123193334805
132 -20.2316984003 3.65145907032 -18.5400302029 0.00615566153139
131 -20.1841774592 3.53980749032 -18.4743248284 0.00474629706904
130 -20.248874721 3.6141219796 -18.3472756825 0.0122975557206
129 -20.3894249996 3.43976077158 -18.3608704598 0.00897433807452
128 -20.2023785264 3.63953865883 -18.3342341598 0.0170038009724
127 -20.0269358921 3.37202908561 -18.1227439067 0.0175687666015
126 -19.6803311609 3.0854234984 -17.9648997698 0.0111633287519
125 -19.6964136886 3.56093676566 -18.1913853258 0.00702561763946
124 -19.1928268069 3.64396354222 -17.9729752262 0.00275628548341
123 -19.2367565164 3.32222130819 -17.5091506803 0.011290188455
122 -18.6533836366 3.47869164765 -17.478267648 0.0104371154314
121 -18.5982629118 4.10295874042 -17.5907525547 0.0108819573728
120 -18.1360212989 4.5116754543 -17.8418124497 0.00632997794464
119 -17.639294797 4.97686125072 -17.8089974817 0.00544894421878
118 -17.2133925322 5.16421741904 -17.2933481065 0.0119422878931
117 -16.9074756496 5.80473896505 -17.403169946 0.0217224053189
116 -16.4309779282 6.3568248049 -17.2044741048 0.010974485527
115 -16.5368341134 6.80610020514 -16.5843179881 0.0101235938225
114 -16.2382470835 7.53221042967 -16.5563526536 0.00556198540587
113 -15.7568183985 8.12808597389 -16.3529734952 0.00559174410607
112 -15.8870239457 8.91803474974 -16.3961791014 0.00444742869376
111 -15.394835807 9.4376753974 -16.0234876166 0.00855098812855
110 -14.7795700947 9.61577316018 -15.5179245635 0.00582969919903
109 -14.248583484 9.30821197506 -14.9714113396 0.00573299897648
108 -13.8571241689 9.39596456316 -14.247681092 0.00614068092107
107 -13.3062633805 8.95887906547 -13.8028493941 0.00393531876264
106 -12.9275995782 8.89456909817 -13.0601239379 0.00497232093048
105 -12.5764229938 8.5646952376 -12.3720620979 0.0033637522226
104 -12.2524535561 7.89942992784 -11.970440687 0.00575675954411
103 -12.0184343279 7.17907995515 -11.5930859134 0.00623673742736
102 -11.6089938678 6.58475817326 -11.1425299761 0.00393540996098
101 -11.406810226 5.81626823915 -10.8316452768 0.00402048045437
100 -11.379532003 4.97426659493 -10.6808837955 0.00701317516682
99 -11.3041035207 4.20563109189 -11.0604621567 0.00653498737633
98 -11.4105789965 3.93357435568 -11.8752121288 0.00483063990311
97 -11.6153828952 3.51026237988 -12.6049146424 0.00522353507469
96 -12.1052959522 3.14506838463 -13.2252694947 0.00322386891111
95 -12.5959721143 2.70701619334 -13.7983770519 0.0110680303039
94 -13.3136674572 2.47401007288 -14.2471401204 0.00621503619257
93 -13.3088529935 3.16443103001 -14.7946069737 0.00470634231808
92 -13.3183499695 3.8824413299 -15.3090028075 0.0106999269207
91 -13.4317557389 3.63112561312 -16.1540101572 0.00208805471798
90 -13.0281785276 2.88735060806 -16.4254484364 0.00313327393883
89 -12.9066914376 2.90876952584 -17.3080363016 0.00596660820316
88 -12.7599271402 2.84712148629 -18.1873346949 0.00648663646388
87 -13.0927265462 2.69082722354 -19.0043890335 0.00684165073992
86 -13.0742845936 2.90236301636 -19.8776416114 0.00477603129465
85 -13.7247811698 2.72020894597 -19.2832254838 0.0067785780863
84 -14.4598995194 2.93996934821 -18.8089520896 0.00649206543518
83 -15.2893156254 2.96796361233 -18.4502634697 0.00432831254964
82 -15.5039247429 3.21265941123 -17.6043412365 0.00552241644876
81 -15.7247695659 3.42122461724 -16.748481373 0.00331975123497
80 -16.0526858358 3.80370213848 -15.9918974755 0.0049003199294
79 -16.4091639336 4.55664853179 -15.6260589596 0.00561237698939
78 -16.6031719849 5.25538898834 -15.0733827265 0.0079696063159
77 -16.4971275055 6.08903851558 -14.7144217625 0.00611775047268
76 -15.901973158 6.72916787253 -14.442278875 0.00665148354527
75 -15.2715493803 6.91668513081 -13.8023506631 0.00589794100994
74 -14.6462515607 6.63408855641 -13.1908321705 0.00661915392001
73 -14.0971821071 5.89685358292 -13.1462078379 0.00487543079884
72 -13.5011130569 5.19642907357 -13.0889495478 0.00645177938841
71 -12.6640578327 4.83423777001 -13.2309964763 0.00929618037703
70 -11.8214787793 4.45350400458 -13.262312613 0.00445735432486
69 -11.2995083357 3.69871474542 -13.1375706445 0.00580735281933
68 -10.8481238437 2.92072508101 -12.9115535563 0.00414660221742
67 -10.2428398834 2.410610366 -12.426253428 0.00423727050816
66 -9.84865272835 1.95734029122 -13.135789406 0.00353291619278
65 -9.81689105357 1.32734891661 -13.8196136281 0.00315753520684
64 -9.88008836183 0.436838757853 -14.0819646378 0.00432367269339
63 -10.0584162572 -0.441781612113 -14.3341692037 0.00211956051123
62 -10.3792521968 -1.22396452398 -14.7260584816 0.00249207319062
61 -10.8383152852 -1.88572114844 -15.195822314 0.00290677501932
60 -11.170737881 -2.66650892314 -15.5832118004 0.00842590384929
59 -11.4607371394 -3.47571973669 -15.9494240955 0.00391024341048
58 -12.1720626502 -4.0447423189 -16.1600805131 0.0038231954708
57 -12.77440953 -4.69097519201 -16.468386297 0.00459176159589
56 -13.5567331192 -5.05333108269 -16.8340383596 0.00300217668716
55 -14.0423459723 -5.41313430829 -17.5505831731 0.00204343721154
54 -14.5200630775 -5.07051784527 -17.9081055113 0.00329275093437
53 -14.9837632625 -4.48262395667 -18.5088451109 0.00399510647091
52 -15.6719792638 -3.93754306986 -18.8975536748 0.00862917116746
51 -16.2278609798 -3.18632029155 -19.1203791212 0.0043081615176
50 -16.7309676053 -2.36773444351 -19.1391721358 0.00202355742311
49 -17.2114965679 -1.53539900689 -19.1515106633 0.00390339273209
48 -17.3511052737 -0.586900637347 -19.0789513118 0.00140042515228
47 -17.1897705696 0.360994249867 -19.071073861 0.00560721877182
46 -17.1261237419 1.31543608814 -18.9691839857 0.00466617528539
45 -16.8219939807 2.22452739202 -18.8849992882 0.00727174593123
44 -16.5578853267 2.88612939812 -18.2368872417 0.00595077016941
43 -16.1296569042 3.26216418424 -17.4598771104 0.0065099363507
42 -15.568250176 3.75161703238 -16.8480391775 0.00131182589915
41 -14.8036431442 3.94286057817 -16.2930826351 0.00262679276505
40 -13.949050986 4.00656097463 -15.8515087696 0.00791204903947
39 -13.1451364442 3.9136811493 -15.3265758346 0.00336768145254
38 -12.6663418951 3.79304113199 -14.4973827523 0.00563040509004
37 -12.0953140307 3.40568750582 -13.8223621021 0.00650420545876
36 -11.3658513796 2.92463469887 -13.4116504089 0.00284471623652
35 -10.6677723273 2.34854455298 -13.0750654177 0.00144920925421
34 -10.049818298 1.63978907178 -12.8551157143 0.00310029278228
33 -9.5349073993 0.900810098007 -12.506114512 0.00732212424799
32 -9.02623565222 0.145854251266 -12.1818582439 0.00638804911958
31 -8.60437690711 -0.625467898148 -11.7797042395 0.00557271272344
30 -8.25567679302 -1.47577692123 -11.4787860909 0.00279536151393
29 -8.15720153145 -2.42314676005 -11.3108585804 0.00540437353774
28 -8.22754392778 -3.38412437769 -11.3977157728 0.0026308018695
27 -8.23171848155 -4.34252999103 -11.2646565572 0.00261294563092
26 -8.33395579089 -5.2286752038 -10.889197718 0.00450434312034
25 -8.4171360327 -5.97086378687 -10.273046094 0.00325767241492
24 -8.46961026396 -6.74552347231 -9.69438850792 0.00335797027698
23 -8.55395432993 -7.51335638505 -9.11012236032 0.00440203638906
22 -8.79931721727 -8.07160115862 -8.35719848147 0.00526366553704
21 -9.48907138458 -7.57161859912 -7.8955192117 0.00357289149014
20 -10.1891079922 -7.14697255529 -7.3769352952 0.00328694510121
19 -10.7908321987 -6.66110887076 -6.79249678774 0.00347464302409
18 -11.3630205385 -6.1281460158 -6.2192773677 0.00696725029867
17 -11.6300031236 -5.36593842484 -5.68223110284 0.00301270098912
16 -11.9446351364 -4.62438841239 -5.14180622889 0.00293016910079
15 -11.5973898224 -4.08464855281 -4.41409296833 0.00307319986872
14 -11.2989493749 -3.43927631212 -3.75372540063 0.00243262181101
13 -11.0122789278 -2.83220405463 -3.05285356603 0.0061068509545
12 -10.6120123164 -2.25355692545 -2.3839681151 0.00391881910509
11 -9.9041077136 -1.61688880013 -2.194424749 0.00592250586319
10 -9.21240048464 -0.981562572554 -1.9477255035 0.00522831667095
9 -8.54796763468 -0.299530895276 -1.75599527985 0.00824586364935
8 -7.85564825218 0.344633942387 -1.5326673334 0.00407946563231
7 -7.04286327923 0.767574150747 -1.20857705831 0.00367870553993
6 -6.13794938897 1.10493879683 -1.09870262088 0.0014818650088
5 -5.23890569364 1.44367696076 -0.950825131573 0.00543172232242
4 -4.33072435106 1.6887002568 -0.704751707711 0.0160003204951
3 -3.37313523211 1.67191350818 -0.533292131741 0.00134662232354
2 -2.48024914518 1.43368407622 -0.228622202029 0.00587020843135
1 -1.58689017871 1.11559431738 -0.00959148495303 0.00198370770561
0 -0.74981207002 0.620257204827 0.0264688231287 0.00358714657777
0 0.663009093534 -0.723162074581 0.0934055167021 0.0043630881672
1 1.39328727199 -1.20617798065 0.545762416344 0.00398890920283
2 2.00879064625 -1.83418626226 0.990595935563 0.00156972394308
3 2.77628354235 -2.35088849422 1.32971382755 0.00621354712639
4 3.59433942629 -2.81874281089 1.61732733519 0.00696382950258
5 4.50243408585 -3.04298887592 1.92667729855 0.0043334177833
6 5.35728317502 -3.10284865898 2.41268972539 0.00345737440769
7 6.17732541961 -3.13101332544 2.95786898982 0.00102147271206
8 6.87929497522 -3.03848971376 3.64286351654 0.00367347776646
9 7.65453927055 -2.98872086393 4.24858019933 0.00240483638558
10 8.4811515041 -2.91469783463 4.77913405487 0.00383477084312
11 9.33592587406 -3.09009866408 5.23596245464 0.00445157626656
12 10.2205882139 -3.20113193888 5.65427206746 0.0141011025135
13 11.0880625845 -3.36604461213 6.08991638153 0.0120679234241
14 11.9826947766 -3.3513360211 6.50040812296 0.00271599314492
15 12.8717631072 -3.02919868524 6.77377797682 0.00348216721523
16 13.7933723574 -2.69624661001 6.86636947039 0.00245756152391
17 14.7084600424 -2.3751082046 7.03431686728 0.00465142116465
18 15.5222372085 -1.82607771941 7.10420012747 0.0134618080369
19 16.2626078555 -1.17938976378 7.14581857421 0.00245150891436
20 16.9795056331 -0.520083080024 7.28503964476 0.00473453462169
21 17.6059119428 0.204742298157 7.5088794419 0.00393201452213
22 18.220873643 0.948427959161 7.69984537189 0.001552603155
23 18.9884631719 1.53654840819 7.51935295008 0.00560559610774
24 19.5960621881 2.30416161928 7.42429281692 0.00161709214985
25 20.1530967113 3.1117577148 7.3544106332 0.00728983117753
26 20.6355400967 3.96466435955 7.27123941041 0.00489485061119
27 21.1198961379 4.8188985146 7.32242420548 0.00492293820631
28 21.3128893137 5.18561073264 7.36412160761 0.00172964279269
29 21.6020147441 6.07948369452 7.6473407936 0.0037024540017
30 21.8659531819 6.93830847406 8.04161853112 0.0057237210481
31 21.7251444896 7.84154574588 8.3976480731 0.0112748581727
32 21.5040186034 8.6679368143 8.87739160125 0.00419814083087
33 21.3350837138 9.33768668567 9.57369787095 0.00488740438571
34 20.7831546044 9.91751569224 10.1400734833 0.00841378428516
35 20.1563048509 10.1699628271 10.8504699983 0.00405663704728
36 19.5547085101 10.3387516092 11.6059672271 0.00375221691914
37 18.9580299253 10.6067620095 12.3361196018 0.00576205801342
38 18.2678219255 10.7235564643 13.0221414476 0.0056083307612
39 17.6094408148 10.7374876678 13.7479212988 0.00255918196347
40 17.0230640487 10.7598127136 14.5327873225 0.00524881575856
41 16.434456021 10.6714768689 15.3111308753 0.00215940343931
42 16.2306274712 10.3378040258 16.2095904127 0.00952065926284
43 15.899660873 9.87531546592 17.0071328955 0.00507677039281
44 15.457381552 9.59801226161 17.8358511802 0.00667109970283
45 15.0165433871 9.25997553685 18.6422628944 0.00539906200199
46 15.0218258849 9.09629010587 19.6076661695 0.00430843682653
47 15.0973640598 8.98825679626 20.5778333041 0.00678799225098
48 15.0392821873 8.90144567454 21.5511423481 0.00582906601583
49 14.9236820782 8.78718741035 22.5162806137 0.00527350057721
50 14.5131842663 8.82268991062 23.4038295275 0.00406527029475
51 14.0855698406 9.03291624797 24.2583424275 0.00563234005268
52 13.8186289349 8.91749969708 25.1923935164 0.00292959263141
53 13.4163764569 8.77888125166 26.0731703294 0.00500811705927
54 12.9548836318 8.54353742868 26.9026717852 0.0067050977638
55 12.4854220496 8.27975469749 27.7187913995 0.004603388886
56 12.1564033487 8.19455718333 28.6355123312 0.00447491680732
57 11.8886138651 8.28832640431 29.5710046975 0.0021513522773
58 11.5970508725 8.29552429423 30.503987281 0.00463643401079
59 11.1496885611 8.19137749263 31.3666336946 0.0076981226955
60 10.8534174811 7.95882331447 32.2682226932 0.004524526526
61 10.6703406203 7.86177334939 33.2229910447 0.0207265411342
62 10.5554190745 7.74677129522 34.1856835755 0.00288512101212
63 10.3664583345 7.39989783312 35.0783684594 0.00289908639952
64 10.1457935062 7.22450178927 36.0128889797 0.00578382309429
65 9.99006944656 6.77228460042 36.8634917404 0.0057902792245
66 9.80831568549 6.71927960235 37.8206757942 0.00465681323909
67 9.60200719806 6.51207257697 38.7513675921 0.00374517289106
68 9.28600558017 6.39599435146 39.6668301878 0.00459663918438
69 8.85162600182 6.06188098139 40.4734311382 0.00560968146894
70 8.61530239798 5.53775083814 41.2607925042 0.0046975436868
71 8.15848576426 5.05932091362 41.9766785752 0.0090938232472
72 7.7312472844 4.45704630453 42.6123227012 0.00312057148377
73 7.54867322468 3.90056898155 43.3909480939 0.00723861320685
74 7.43396949126 3.35458815691 44.1893790915 0.00398300451261
75 6.53562943992 3.11441091157 44.4779023008 0.00370632788524
76 5.65552842607 2.78698394904 44.7345296142 0.00494385900949
77 4.93026744974 2.22096783051 45.0521961816 0.0055476013045
78 4.29188364805 1.53911235186 45.3248984308 0.00318008015445
79 3.56485009235 0.976746962865 45.643906023 0.0118292758425
80 3.01589338385 0.203591269951 45.8594556177 0.00336405775194
81 2.4529047519 -0.583164353634 45.9560493404 0.00642298924448
82 1.9572887131 -1.4161692564 46.0281263385 0.00396854096404
83 1.56427631105 -2.29424759803 45.8905670062 0.00541884048732
84 1.08485786129 -3.12614724971 45.7421072109 0.00223601440136
85 0.579308528324 -3.95215707236 45.6655756705 0.00299369692583
86 -0.0814151424375 -4.56343617236 45.3003728697 0.00496399490061
87 -0.947164151257 -4.97818758986 45.1537311961 0.0134634486333
88 -1.78719076863 -5.46396012805 45.1673187968 0.0116709839555
89 -2.53525057628 -6.0746704619 45.2576541625 0.00665609504923
90 -3.2341915297 -6.7445669086 45.2047532505 0.00211316382249
91 -3.95068800268 -7.39222590928 45.2887085543 0.00357213337612
92 -4.43164476161 -8.23325147247 45.3183643001 0.0117313642915
93 -4.71558735687 -9.11751444205 45.5938434731 0.00659123332635
94 -4.80332891333 -9.90413056095 46.1520084663 0.0046273103688
95 -4.61691402927 -10.7065029942 46.6608562535 0.0061129857276
96 -4.22755606854 -11.3293187994 47.2913231754 0.00633255283656
97 -4.03672231382 -11.218684879 47.6593142852 0.00173002014591
98 -3.62571085947 -10.9184635896 48.4778014339 0.00233800917705
99 -3.24994831772 -10.6033756029 49.3073958798 0.00713745411238
100 -2.53325988437 -10.0353646361 49.006141579 0.00383803112493
101 -2.01783098579 -9.28007562249 48.7054951083 0.0057797484832
102 -1.35512299154 -8.71847100882 48.2916732538 0.0069009341292
103 -0.678102758046 -8.13135724929 47.9427458594 0.0045336085746
104 0.0103184936255 -7.68298680548 47.4433745566 0.00477128204966
105 0.675293773801 -7.33855608682 46.8409042429 0.0033580264695
106 1.21443656621 -6.83759900097 46.2230850534 0.00293573745837
107 1.49081244457 -6.34788580375 45.4439856954 0.00412389484177
108 1.57098256565 -5.91164734834 44.5919196475 0.00939148624581
109 1.50450104322 -5.43696524856 43.7603251737 0.013626034502
110 1.33435301752 -5.12505888838 42.8697788752 0.00538412433454
111 0.757594491284 -5.07574254372 42.1061868792 0.00774609836659
112 0.192513202711 -5.12352507826 41.3346304165 0.0101911264146
113 -0.296138597865 -5.38964136332 40.5564330721 0.00795198775178
114 -0.960701703452 -5.53123255834 39.8842067316 0.00539480900439
115 -1.87992442546 -5.77752582916 39.8046212759 0.00696465787193
116 -2.6233569824 -6.28019393835 39.4798681805 0.00572173572651
117 -3.2772106529 -6.72219662303 38.9440137494 0.00233617739349
118 -3.45383344184 -6.85047392876 38.0151418323 0.00419856578248
119 -3.64267320482 -6.91311154801 37.0823596984 0.00768715594213
120 -3.9278654256 -7.16307005068 36.2081757941 0.00154559360828
121 -4.15136728409 -7.39423635624 35.3113051441 0.00227261452436
122 -3.43049894822 -6.77783375102 35.3917826812 0.00507599088545
123 -3.02524808132 -5.93561924659 35.5693523581 0.00621139227068
124 -3.0064259368 -4.98754923262 35.6368755355 0.00472853546534
125 -2.81287408637 -4.07167746419 35.7996604585 0.00356995407537
126 -2.70522257461 -3.15470100529 36.0224075503 0.00656399245054
127 -2.53571874751 -2.25976024161 36.2888583557 0.00394074020518
128 -3.03464526138 -2.09251428777 37.0786523865 0.00564738579148
129 -3.85460453079 -2.18049572698 37.546255059 0.00972184982437
130 -4.61230238656 -2.69966956708 37.7754396744 0.00265285553039
131 -5.32746399703 -2.56167189234 38.380063645 0.00620351004641
132 -5.83908603634 -2.84856696657 39.1222337946 0.00552483722173
133 -6.53430099053 -3.31680558225 39.5584842393 0.00613527526738
134 -6.96553317824 -3.9540190125 40.1057624152 0.0134865204171
135 -7.04226533166 -4.63953287543 40.7478973355 0.00434593570495
136 -6.80517042981 -4.78338292818 41.1976283773 0.00596210399625
137 -6.40094633311 -5.04731735815 42.0046692155 0.00585745712133
138 -5.91481137685 -5.17582537106 42.7982603965 0.00524049734835
139 -5.35638340329 -5.60207397382 43.420412443 0.00362559083463
140 -4.85053118589 -5.79109435323 44.1874016407 0.00117063994909
141 -4.28800244768 -6.04692417419 44.8927139298 0.00541079939966
142 -3.88184936813 -6.34245648144 45.6836750491 0.00287668359491
143 -3.45771420456 -6.5767760684 46.4850773187 0.00395837696972
144 -2.61642458202 -6.57899660313 46.8938002063 0.0035659309091
145 -1.97396908195 -6.70614349288 47.5611072575 0.00379815803158
146 -1.05836581243 -6.76773217132 47.7342870189 0.00624826127752
147 -0.198680129886 -6.58442623576 48.0464686505 0.00458303318506
148 0.607153864764 -6.26667693059 48.3903091762 0.00163522682075
149 1.31157739235 -5.89640862182 48.8749854383 0.00923987853928
150 1.91478231465 -5.30941126241 49.2703148669 0.00312019279763
151 1.83019885142 -4.463051838 49.6445212844 0.00262905632455
152 1.85602771983 -3.66231630355 50.1144619195 0.00921956842788
153 2.35855545758 -2.98002839724 50.4898091025 0.00296301928374
154 2.78028562115 -2.55378628653 51.1962106691 0.00484872751035
155 3.02562618437 -2.04053572358 51.9263032552 0.00268071382695
156 3.61693787974 -2.18223259755 52.6232355284 0.0053465779434
157 3.72032670132 -2.3494728953 53.5261658644 0.00470753084626
158 3.80092957062 -3.08633474358 54.0750560208 0.00492790156725
159 3.96916108659 -3.86600432833 54.535676054 0.00347946293922
160 3.94625115491 -4.53805060402 55.1641996535 0.0011013717808
161 4.32972156812 -5.12992707814 55.755161619 0.00310174838071
162 5.21133410354 -5.37309014485 55.6657278235 0.0101647153027
163 6.07414365229 -5.65621068998 55.5435772727 0.00571931281332
164 6.69963941478 -5.91674047511 54.9284037132 0.00730574224725
165 7.45422239796 -5.80295507683 54.427254809 0.00513220157278
166 8.10348529445 -5.34659783999 53.97910468 0.00310890809589
167 8.70370907859 -4.80026396225 53.5666370983 0.0043765911941
168 9.45465227016 -4.28882879796 53.5433845227 0.00494018698717
169 10.0951422809 -3.71812019538 53.2475659719 0.00712788931234
170 10.7985010478 -3.1520401509 53.3099494874 0.00292748818199
171 11.0380148203 -3.12253895808 54.1823447594 0.00413827147267
172 11.7591574273 -3.12957345045 54.7258944132 0.0132682414564
173 12.6347830465 -3.20985183041 54.9079971508 0.00615435758733
174 12.7973749926 -3.03125015784 54.0443740352 0.00316032770957
175 12.7566219053 -2.32270034284 53.4993782167 0.00389408741828
176 12.5595410057 -1.77919035579 52.8180474772 0.0044860737602
177 12.3852896957 -1.07870449927 52.2949626663 0.00675300978159
178 11.7029164239 -0.519689858797 52.191505722 0.00357203315103
179 11.2184505664 0.204788350374 52.0285828565 0.00992234946354
180 11.3474845132 1.07728265901 52.0163376775 0.00514240090007
181 11.7640466692 1.64631872939 52.542872822 0.0165115038315
182 12.2324152377 1.45531084126 53.2531968878 0.00874000064076
183 12.4019094674 1.43027929552 54.1036416175 0.00573042634436
184 12.3799326985 1.47113567194 54.9665904465 0.00487799591291
185 12.3579941205 0.828425587851 55.5381642325 0.0126647745843
186 12.2921242032 0.433019350008 56.2905920218 0.00995390188356
187 12.6146507081 0.0487718392452 56.9708056551 0.00454177765286
188 12.3292114824 -0.183838755141 57.7280139657 0.00271966569649
189 12.7197239722 -0.439190108049 58.4261232467 0.00431335446899
190 13.2911131845 -0.44260787087 59.0363067032 0.00492975006447
191 13.860156195 -0.100631491641 59.5370373882 0.0028437832749
192 14.3286358245 0.53458801736 59.789469628 0.00850726803531
193 13.6582139236 0.111294935898 60.0021501194 0.00526830928042
194 13.2112860786 0.0838343907985 59.3189859 0.00590063284013
195 12.6105306514 -0.000808474032473 58.7816265305 0.00282277795324
196 12.7472167893 0.0931731371328 57.9905124299 0.00721105671835
197 13.0401068343 0.650001633548 57.5018643799 0.00747699974995
198 12.9894393326 1.35032794736 57.1457964532 0.00677032102732
199 13.0354277922 1.9868087086 57.5919849053 0.00606992596343
200 13.2528859581 2.7124694149 57.4554654558 0.0102709568984
201 13.6108435793 3.16888356712 57.9386469412 0.00397118232333
202 13.9860809455 3.5534621031 58.4600090504 0.00797165373398
203 14.4882628838 4.07018720547 58.6024210691 0.00464886625618
204 14.5014260944 4.3952589965 57.9518843057 0.0091481773916
205 14.0835184452 4.81941825854 57.5672034427 0.0110474087279
206 13.5873318036 5.2670643493 57.7158461772 0.0173302157124
207 13.052155583 5.50355794526 57.4553105419 0.0106734863143
208 13.6434060695 5.46647825116 57.5927974045 0.00586426590311
209 14.0683928406 5.06051158894 57.5614472071 0.00640418837479
210 14.2057313229 5.22115496855 57.0357495858 0.00577132321983
211 13.7743752349 4.92493560935 56.8891344106 0.00322795441804
212 14.0759011721 5.14544309456 56.5121255572 0.00329412465517
213 13.7894160425 5.51465992265 56.2923395867 0.00900418089346
214 14.0927869346 5.15181183662 56.2473806588 0.0204597996652
215 14.2010939873 5.49197013761 56.1865738848 0.0106338367408
216 14.2867810897 5.72839817421 56.0337947244 0.0109759125321
217 14.3240104258 5.5421235389 56.1648543402 0.00439009700815
218 14.2515062305 5.67331170916 56.0218157565 0.00529164963162
219 14.3026491056 5.7821930652 55.8883208579 0.0098414259704
220 14.309244891 5.9135394983 55.89768186 0.00779523968421
221 14.3457783754 5.91429844958 55.9887280058 0.00697837240902
222 14.3168303506 5.97540619068 56.0113914648 0.00506519920321
223 14.3279486837 5.93550752685 55.9779480819 0.0103340397738
224 14.3378080148 5.91718019209 55.9678809872 0.00786838984012
225 14.3406791304 5.91445003444 55.973698839 0.00669348589162
