154 -26.1012251842 31.2571867113 19.6284174456 0.00902159254459
153 -26.1024356548 31.2462751226 19.628624526 0.00587679714795
152 -26.1209496 31.2607411042 19.6332576494 0.00649479367477
151 -26.1222611562 31.2361071216 19.6667550417 0.0046435773676
150 -26.0791986807 31.2735207132 19.6629979316 0.00895303052243
149 -25.9905520553 31.291361003 19.6662358032 0.00962093235442
148 -26.0402724624 31.2698002094 19.7858319378 0.0117081295413
147 -26.0844334628 31.1041958234 19.7071487479 0.0129954589811
146 -26.0884582959 30.8452918315 19.7054794981 0.0171421990899
145 -26.4016817631 30.7844026911 19.525979956 0.0115149848952
144 -26.7032870013 30.7710885701 19.2142151371 0.00643995106085
143 -26.858162744 30.3452668871 19.1060245875 0.0283682834662
142 -26.8201597422 29.8881517605 18.7434530897 0.00709835234439
141 -27.2485957324 29.773278097 18.3266771485 0.00882089290505
140 -27.5233959044 29.2072569936 18.411885562 0.00724276091175
139 -27.3924851663 28.6746383955 18.7706522964 0.00728531328852
138 -27.918592325 28.8471339419 19.1549221904 0.0147491502998
137 -27.9716269064 28.9305542823 19.8559773506 0.013123358021
136 -27.7933001466 29.247522555 20.4920702565 0.00503100899248
135 -28.0084911208 29.7900915772 20.9483790707 0.0133152618681
134 -28.0118483271 30.1224182243 21.6350939 0.00519437054542
133 -28.0816736937 30.5353331564 22.2817092099 0.00449506933925
132 -28.4936035857 31.0145996604 22.7351957708 0.00520362458283
131 -28.8583770086 31.6302550856 23.2593973361 0.00561384632767
130 -29.2103323344 32.0333603179 23.9703778898 0.0328263773637
129 -29.4588254408 32.4931944976 24.7060788393 0.00577067567881
128 -29.8751445975 33.279139685 24.8660577684 0.00593716393034
127 -30.009408976 34.1746907965 24.8570012715 0.00455981452936
126 -30.313503541 34.6847720461 24.1704474004 0.00626974913458
125 -30.2093515542 34.2973908536 23.3536575895 0.00381638711651
124 -30.3862595092 33.7306314093 22.6628919929 0.0231554237388
123 -30.3634229541 33.3319028016 21.8367248411 0.00603919013486
122 -29.9032940011 32.8745649181 21.1860048676 0.00378155841737
121 -29.438264666 32.7293032759 20.4055208312 0.00266320537866
120 -28.943812238 32.7704035786 19.6299345022 0.00725825174362
119 -28.7540526776 32.8351013049 18.7292525703 0.00382410709129
118 -28.4331705305 32.3497530935 18.0124053702 0.00464242345694
117 -27.8280763076 31.8945949701 17.4827472902 0.00924018194595
116 -27.3824247672 31.1956943352 17.0700172614 0.00377677130589
115 -27.0737534894 30.3679083057 16.7903449623 0.0132402567051
114 -26.5137198134 29.9145230735 16.2028076877 0.00416349515889
113 -25.8164491054 29.2993686934 16.1781948627 0.0055867783401
112 -25.230654809 28.6828066874 15.7984200097 0.00872119068804
111 -24.4776053848 28.2961522729 15.4059578825 0.00553641540958
110 -23.5955556402 27.9914885334 15.369167206 0.0026784050556
109 -22.7164426508 27.7458998114 15.1691541801 0.00475587549314
108 -21.9010197712 27.4470242797 15.5164901078 0.00180654870525
107 -20.9873128662 27.449432799 15.7175970624 0.00590932693357
106 -20.2565659173 26.9151952622 15.4771212669 0.00384447836141
105 -19.501662345 26.4180978594 15.2292253657 0.00575102613623
104 -19.0663264614 25.6847217784 14.8380531912 0.00420508036272
103 -18.6682781537 25.0252076627 14.300942139 0.0096730191514
102 -18.7458082983 24.336885962 13.664453111 0.00514356764298
101 -19.0313226039 23.7332494673 13.0007268622 0.00392278005467
100 -18.9827507273 23.3768353801 12.1296926827 0.00535203914011
99 -19.013662119 22.9238423555 11.3031092739 0.00351758694572
98 -19.019265535 22.5389152729 10.4415776692 0.00328021280947
97 -19.3906877814 22.3731647081 9.58961655663 0.00417393946972
96 -19.8372323452 22.1019074253 8.80274269716 0.00456415356254
95 -20.2046740499 21.7071861739 8.02655752583 0.00564086684978
94 -20.6535863469 21.4172886401 7.24608748984 0.00565046888714
93 -20.9127030082 21.1604263516 6.3724659067 0.00777058111799
92 -21.3405580242 21.0349216343 5.53625164551 0.00678403158392
91 -21.4748110405 21.1688217081 4.60676320488 0.00232332136105
90 -21.5887181506 20.7643657493 3.75609542919 0.00308666396508
89 -21.6924793634 20.0461412118 3.14478559736 0.00292676392544
88 -21.5408880569 19.4982307752 2.38444862738 0.0046472436062
87 -21.1542772139 18.8639055561 1.79274710058 0.0049493958935
86 -20.6946872975 18.3325885297 1.15275476497 0.00609425724464
85 -19.9152321891 17.9314457598 0.784652185019 0.00544849726492
84 -19.1812053201 17.4573071216 0.408481601924 0.00339197602868
83 -18.9208618851 17.3249385777 -0.497917486972 0.00205336966239
82 -18.8113244391 16.5868170777 -1.08928712314 0.00290624234093
81 -18.9458913115 16.1272415162 -1.91288308951 0.00108901518975
80 -19.3322268096 15.6149675138 -2.61707288179 0.00302910162735
79 -19.8971196378 15.2487539375 -3.29152119608 0.00172575721939
78 -20.4842743102 15.1333483406 -4.03348533272 0.00385794635003
77 -20.8443679279 15.3978086612 -4.87607655682 0.00292979835993
76 -21.098765286 15.395229155 -5.79564400135 0.00866079119766
75 -21.2012461014 15.4441982006 -6.7438643229 0.00317309673642
74 -21.139969481 15.5000900666 -7.69556382509 0.00427019075575
73 -21.0107210422 15.4214827715 -8.63921271032 0.00344335317442
72 -20.7391529705 15.2039946019 -9.52959330561 0.00331667529602
71 -20.1729918452 15.327741948 -10.290021138 0.00836381886902
70 -19.4286084209 15.1063165114 -10.8486236859 0.00700261912179
69 -18.6533710654 14.8293426888 -11.3370387546 0.00404266243629
68 -18.0340870187 14.119428928 -11.1663092345 0.00824263573817
67 -17.3407675152 13.6824390717 -10.6696845864 0.00641773202627
66 -16.6787167227 13.1515041423 -10.2235409902 0.00125537964908
65 -16.269281471 12.7615657173 -9.44875124938 0.0021600337842
64 -15.7763124867 12.1084311096 -8.94850158176 0.00368449353705
63 -15.5883468647 11.3423702792 -8.4023248298 0.00513414530515
62 -15.3601484283 10.6702692686 -7.75607504458 0.0153769452637
61 -15.2461968339 10.7306185732 -6.80333537706 0.0047753236586
60 -14.7307549819 11.2148556546 -6.15200351001 0.00619534624105
59 -14.2746588318 11.4409240852 -5.33564074627 0.00590157694593
58 -13.4644819137 11.6681292436 -4.86892931524 0.00813994841948
57 -12.71489639 12.0119601867 -4.37206783481 0.0029403143808
56 -11.8308788031 12.2071739049 -4.04405136234 0.0051572619929
55 -10.9626459193 12.1309277822 -3.63380261603 0.00669060042955
54 -10.2919334216 11.8552196343 -2.99880105157 0.00360947100791
53 -9.64987983883 11.435721621 -2.41461724033 0.00294490274886
52 -9.89052919854 11.1524701531 -1.5245336557 0.00691365090389
51 -10.0033212448 10.9156486878 -0.595812926741 0.0151694144063
50 -10.1513692836 10.9270410442 0.358727686883 0.00599408565763
49 -10.4176583413 11.1279595708 1.26565112854 0.0030578106606
48 -10.4043520723 11.2863327877 2.21905399468 0.00433593060392
47 -10.5034391959 11.6136799832 3.12329338619 0.00575954736681
46 -10.5788978346 12.0030340761 4.00529741344 0.00410517633954
45 -10.5429654173 12.2776165289 4.9321615855 0.0036572561111
44 -10.4004445119 12.7646728022 5.75582808484 0.00367365114871
43 -10.4109729641 13.4175190386 6.46986970499 0.004536283438
42 -10.4727129279 14.1650336121 7.08136167035 0.00125746576082
41 -10.2444168683 14.942283603 7.61080271194 0.004990081085
40 -9.65999150989 15.407272381 8.22676640031 0.00594750945344
39 -9.01479606939 15.5927852836 8.92477801313 0.00304133022319
38 -8.27978255495 15.9255848032 9.46051217926 0.00234525580007
37 -7.51266436751 16.2818611425 9.93250777407 0.0035959115043
36 -6.75614855477 16.4379931263 10.5172981862 0.00430131902023
35 -6.07618639267 16.4217857603 11.2076847594 0.0146859333647
34 -5.60526865327 16.4781158774 12.0538431672 0.00390772566905
33 -5.26105815391 16.3495914844 12.951831592 0.00777919726951
32 -4.60775222496 16.2627077919 13.6641863834 0.00505335162355
31 -4.03028392725 15.8147883758 14.302991003 0.00393258232577
30 -3.48576119257 15.4283733444 15.0078295976 0.00529335639254
29 -2.98247412385 15.2637141302 15.8219841675 0.00474503842278
28 -2.58733515392 14.8068325799 16.5827210133 0.00402830555856
27 -2.11874338963 14.0582876965 16.9872563327 0.0038326387075
26 -1.49628717279 13.3376780168 16.7948265571 0.00463689550636
25 -0.955660346535 12.621150472 16.4225777467 0.00655087305352
24 -0.442574884966 11.9355853135 15.9625451632 0.0023941130061
23 -0.0972014224477 11.1176540645 15.5666390401 0.00158104938228
22 0.217947478818 10.3352980677 15.0830672879 0.00380109542085
21 0.560037915053 9.43804855901 14.9304971347 0.00395230678527
20 0.7808357116 8.4909933694 14.9309521186 0.00358573880666
19 1.07938272445 7.5734484763 14.8086643842 0.0051249296116
18 1.17810128239 6.76273059621 14.2798698172 0.00448488906466
17 1.30278485901 5.82034185736 14.0721886578 0.00633662210826
16 1.11400463364 4.90572134683 13.7980805111 0.00635138341458
15 0.683046651807 4.12835950899 13.4007693052 0.00543725843927
14 0.562409037478 3.18567241371 13.1886941076 0.00361055552447
13 0.335632640381 2.61067777627 12.4357805369 0.00521472405169
12 0.0378171046961 2.19672047393 11.60549949 0.00642920563897
11 -0.120820561021 1.77498721052 10.7412553613 0.00352441258014
10 -0.500253562621 1.34465169215 9.95326399692 0.00220640526994
9 -0.804020630609 0.923233859724 9.12838131377 0.000847706940157
8 -0.877731337409 1.09669612381 8.17180409411 0.00390274274541
7 -0.830123179929 1.21668050619 7.20526737102 0.00290549731174
6 -0.719193789675 1.20122440482 6.2364948782 0.0050975812453
5 -0.510609461835 1.2291810887 5.2840746329 0.00898663125543
4 -0.484856493981 1.15992230372 4.31114932912 0.00385948422457
3 -0.342473288513 1.00851326353 3.35769475326 0.00492480992324
2 -0.191043761997 0.894253901433 2.40029026679 0.00147874562647
1 -0.154877752287 0.602651252795 1.46952388453 0.00284255757365
0 -0.0957036996233 0.235116117825 0.567178176884 0.00200920310076
0 0.511718341705 0.0364037621105 -0.838703757654 0.00700446708356
1 1.03251882459 0.344551246775 -1.61335854473 0.00277603670612
2 1.48360408569 0.791973958475 -2.36334806903 0.00404504397393
3 1.5242519349 0.857838937931 -2.46178250942 9.63528795316e-05
4 1.68195302179 1.42634495676 -3.2462999074 0.00593004167196
5 1.5768835491 1.92631840138 -4.08434514147 0.00367009309346
6 1.56768595871 2.47813189596 -4.89586247214 0.00275488808042
7 1.47913128904 2.99681506827 -5.72421302036 0.00197712751847
8 1.50720689484 3.48094090128 -6.57733181234 0.0049133880896
9 1.3181619131 4.03901738568 -7.36186810548 0.00507814467714
10 1.29131496263 4.74338616063 -8.04414375838 0.00254968625956
11 1.2924049035 5.39919110639 -8.77366553481 0.00465891263747
12 1.14035928202 6.09197282884 -9.45112848153 0.00662537519455
13 1.07517669805 6.78338384907 -10.1435353507 0.0140313263611
14 0.859460236056 7.43244156673 -10.845858472 0.00605692180535
15 0.618645233289 8.06451567864 -11.5552742532 0.00413598811293
16 0.283956991609 8.75008489668 -12.1704738817 0.00950126366926
17 0.0110246044614 9.35105922135 -12.8946686866 0.00522082809509
18 -0.406169420998 9.98751353718 -13.5116222057 0.00362735116623
19 -0.992498661862 10.5508718895 -14.0578448954 0.00370067392581
20 -1.66746645529 11.1496641909 -14.4387405832 0.0113752991651
21 -2.36083507658 11.4439449542 -15.0643878571 0.00343292274614
22 -3.10505425054 11.6033328059 -15.6802924894 0.00285340428675
23 -3.93057490596 11.4389798903 -16.1801557969 0.00203368296858
24 -4.68335272628 11.1668596371 -16.7436941138 0.00467847968683
25 -5.31657986222 11.0440157354 -17.4799975703 0.00455008679322
26 -5.96114768407 10.8626464319 -18.193843754 0.0033078050258
27 -6.51796789219 10.6070588402 -18.9570195764 0.00711690131519
28 -6.9616425263 10.0922950513 -19.660953959 0.00333576395757
29 -7.78563086284 9.61488956988 -19.8844726664 0.00427442217731
30 -8.60768655755 9.09652983909 -19.7745218919 0.00643457308541
31 -9.31826617411 8.42511455665 -19.7959684257 0.00365662122632
32 -9.90152717523 7.64667963831 -19.6968649646 0.00279380424527
33 -10.526652913 7.12001169302 -19.1603367479 0.00736334442358
34 -11.0153686235 6.47672159696 -18.6099410158 0.0031468850614
35 -11.486051468 5.77326411707 -18.1210969237 0.00284071777707
36 -11.7567390946 4.84368152256 -17.9883375014 0.00411225641896
37 -11.5668091961 3.88827274312 -17.9116436113 0.00447444183
38 -11.3079455614 3.08096189273 -18.3973448486 0.00303016812893
39 -11.2911591395 2.29200513498 -18.9733838555 0.00441141263985
40 -11.1933960847 1.58901790827 -19.6446714258 0.0177582393437
41 -10.7459231503 0.938559665564 -20.2189721259 0.00199365393985
42 -10.1862751179 0.185246995771 -20.4875308365 0.00510801287928
43 -9.56911721001 -0.449639148401 -20.8981253436 0.0037384635882
44 -9.02020465214 -1.19533193246 -21.2061517239 0.00624510452731
45 -8.30016036951 -1.68333270064 -21.6480766517 0.00841111315878
46 -8.0123149904 -2.03959774407 -22.5094775313 0.00445894065528
47 -7.47091002619 -2.33090657488 -23.2666842702 0.00629367210817
48 -6.82784720089 -2.68305993814 -23.9095098423 0.00605960727376
49 -6.20679524783 -3.05547968184 -24.5621548199 0.00261409998542
50 -5.97508889571 -3.9907801951 -24.7082222121 0.00512668358918
51 -5.30957375882 -4.70143299877 -24.7467212899 0.0458844582605
52 -4.66799119185 -5.41350414267 -24.9116952469 0.00453169816531
53 -4.0008899263 -6.04887495306 -25.2229219438 0.00254820662022
54 -3.28489079055 -6.67006057221 -25.4392495307 0.00428576861483
55 -2.50329010464 -7.23867063629 -25.5427589691 0.0064092147314
56 -1.64689902191 -7.69784696256 -25.5314133549 0.00529128657193
57 -0.858464127802 -8.23552688447 -25.3491384036 0.0047244826887
58 -0.0614137555227 -8.77740266001 -25.4699893086 0.0031175314097
59 0.824971754044 -9.17414026945 -25.4824390278 0.00620048172954
60 1.69710454641 -9.60081512604 -25.4785481074 0.0044359949247
61 2.60370729286 -9.86549049096 -25.2541611063 0.00415729094352
62 3.5243093027 -10.1399922157 -25.1160986127 0.00561331530277
63 4.49345186409 -10.1758759816 -25.0868046938 0.00377064752655
64 5.42265738062 -10.4160238179 -25.2280681276 0.00796639468
65 6.31332806573 -10.7986429149 -25.2521611856 0.00374953814588
66 7.26347644357 -10.9911849358 -25.244736461 0.00405073043356
67 8.23197892879 -10.9660197322 -25.2744817963 0.00297650056259
68 8.49751325944 -10.2338963554 -25.8515899137 0.00604372651256
69 8.13519737268 -9.59977255379 -26.4885028392 0.00393756070825
70 7.88417068759 -8.7035653494 -26.7570084716 0.0039809652305
71 7.42924015585 -7.85047584064 -26.8126355716 0.00168451546973
72 7.04717745274 -6.99435003746 -27.0550825454 0.00326528292393
73 6.48932335807 -6.33796677975 -27.4972046863 0.00670023997323
74 6.05730073923 -5.49166970922 -27.6809816935 0.00551819089104
75 5.43632775799 -4.79897520568 -27.9467910742 0.00300974133897
76 4.90540659597 -3.99511262465 -28.0340932824 0.00435612486387
77 4.25402095061 -3.29263303788 -28.1661870961 0.00148700916166
78 3.4137839358 -2.81715428601 -28.2207012433 0.00644305709344
79 2.48752594494 -2.80878456952 -27.9443109354 0.00794938648735
80 1.52193523564 -2.80756204479 -27.9117180448 0.00601034822929
81 0.566048614466 -2.9298616295 -27.8479958294 0.00334303603681
82 -0.394287273019 -3.02561440582 -27.8175390799 0.00594865344632
83 -1.3220643801 -3.04696352626 -27.5520421062 0.0034864453897
84 -1.95687825682 -2.48364797139 -28.011548556 0.00396521605496
85 -2.65006930386 -1.86981395471 -28.2826762418 0.00505622351932
86 -3.12028868349 -1.36392294562 -28.9561828077 0.00511581061895
87 -4.05357883143 -1.19377101403 -29.1279912913 0.00347958713709
88 -4.84153939448 -0.641406169825 -29.183114313 0.00183525878303
89 -5.45781173595 0.0720789028136 -28.9831527028 0.00729913045481
90 -6.06005966991 0.742837702889 -28.6435002693 0.00157434719512
91 -6.83236778502 1.26364367755 -28.8884715913 0.00651655318525
92 -7.5268088396 1.89933158128 -29.089649446 0.0118917748519
93 -8.16568238323 2.56440448696 -29.3630676129 0.00658593912151
94 -8.97587856982 2.94378916104 -29.7152413617 0.00692728752313
95 -9.88055692626 3.20065984225 -29.9123429511 0.00527949058171
96 -10.7933618629 3.47066911055 -30.040231698 0.00493742982699
97 -11.7070725372 3.75924099982 -29.9803817353 0.0043628376402
98 -12.5922597381 3.99092457255 -29.690661477 0.00560458020437
99 -13.443051493 4.10121426585 -29.2611990155 0.00311736817682
100 -14.2112598825 3.97053395542 -28.7018092177 0.000732904044255
101 -14.2608355513 3.92073050193 -28.6357818952 8.53355022445e-05
102 -14.8879222239 3.44343108155 -28.1038528667 0.00422006947973
103 -15.4177399079 3.23166388491 -27.3435721231 0.0042829195245
104 -16.1058653516 2.83675997433 -26.8213617046 0.00530560983669
105 -16.5982356963 2.08365148571 -26.5195155747 0.00891971808436
106 -16.9478363131 1.29847221611 -26.119404382 0.00900768225034
107 -17.0092349229 0.471129653394 -25.6627482173 0.00427772779511
108 -17.1731818033 -0.431543981721 -25.4307610221 0.0260100362564
109 -17.360639873 -1.22325939316 -24.9540263088 0.00803615035579
110 -17.7081119651 -1.6549198961 -24.1920337729 0.00286840640113
111 -17.9829830514 -2.30246927181 -23.5661823641 0.0041927329344
112 -18.1797480207 -2.91145769008 -22.8762813229 0.00417149978602
113 -18.2310044369 -3.50043683056 -22.1448806244 0.00641373796386
114 -17.9382007413 -4.05858485808 -21.4482812335 0.00287497496556
115 -17.5364349224 -4.62867095277 -20.8197300373 0.00702341032481
116 -17.0870520564 -5.40366481619 -20.5437101195 0.0033111198988
117 -16.298052794 -5.7227173893 -20.1518498038 0.00472493313678
118 -16.2185429287 -5.72537153668 -19.2183301417 0.00629588757766
119 -16.084677395 -5.3678565045 -18.3640749575 0.0090236216352
120 -15.9554987895 -5.05388420092 -17.4938533466 0.00537741590656
121 -16.0707645021 -5.12797625593 -16.5707443434 0.00467048324159
122 -16.6365852851 -5.52733895836 -15.94731242 0.00644616003556
123 -17.1455941914 -5.93733218656 -15.2848103402 0.0035566284352
124 -17.195899483 -6.17103131821 -14.3856874052 0.00497572206686
125 -17.8253035639 -6.020746227 -13.7192111534 0.0162569407496
126 -18.5185808211 -6.1173385298 -13.1139223001 0.00392099236765
127 -19.2686893324 -6.33607729766 -12.6200296813 0.01035221357
128 -18.4573942045 -6.21501570136 -12.1993320429 0.00484286043399
129 -17.6455244204 -6.30335855778 -11.774178601 0.00454127571993
130 -16.978842021 -6.25589477851 -11.1421841473 0.00738878495601
131 -16.1306303064 -6.07567058387 -10.8422055125 0.00918442720672
132 -15.7839354435 -5.37328255036 -10.3687016407 0.00785514275344
133 -16.0154255793 -4.7836892291 -9.71064062033 0.00262991963668
134 -16.1445576851 -4.37074867044 -8.90676731522 0.00766494690861
135 -16.6071251599 -4.23953401583 -8.13347592752 0.00710563517017
136 -17.138414987 -4.12736722267 -7.40534819517 0.00455662526399
137 -17.2552815669 -4.05727695185 -6.50838397304 0.00486536300492
138 -17.626209871 -3.89993649177 -5.69751036984 0.0289737444232
139 -18.0010382111 -3.8137512881 -4.88930018873 0.00415544728299
140 -18.3815062999 -3.22241165158 -4.33908384107 0.00524365123354
141 -19.1929178156 -2.90979572625 -4.14815314314 0.00455689144255
142 -19.9716891319 -3.00635045694 -3.73133334254 0.00421980606859
143 -20.7849178728 -3.15225103139 -3.40969594306 0.00931336178526
144 -21.6309957263 -2.90279055192 -3.39606545073 0.00560972075749
145 -22.3108474248 -2.37952914804 -3.59009023659 0.00399849784154
146 -23.0028939446 -2.12908926105 -4.06875776346 0.00305487401437
147 -23.7723931379 -1.78980933732 -4.31429266834 0.00372052548528
148 -24.2326241784 -1.33618703245 -4.90376699832 0.00868046594095
149 -24.8235516289 -1.58773010788 -5.49062900765 0.00403093634452
150 -25.3732619436 -1.63457955386 -4.82063887028 0.00476155680132
151 -26.1101963271 -1.73800150892 -4.38036963165 0.00551329629348
152 -26.1420431009 -2.50083288663 -3.98188404548 0.00298394580711
153 -25.4305239756 -2.48710281811 -3.499902925 0.00239327337092
154 -25.4766048053 -2.10384292441 -2.73286938001 0.00262827293799
155 -25.840804772 -1.75928655595 -2.03809976402 0.0030286304769
156 -25.7736618876 -1.48101638752 -1.23232854635 0.00486922556625
157 -26.3439590816 -0.861668245571 -1.11202223973 0.00378710049225
158 -26.8257978863 -0.1823727056 -0.953383509591 0.0100112465828
159 -27.4353450454 0.390744228949 -0.875761497629 0.00758805907682
160 -28.1095314725 0.441352704365 -0.386285915459 0.00603767538968
161 -28.9142880456 0.318743866348 -0.229248713727 0.00443342762131
162 -29.1737596672 0.968037623177 -0.668039165992 0.00479664347043
163 -29.7182120039 1.56956759711 -0.544743677619 0.0195175018777
164 -30.3576764736 1.8069289404 -0.124869741555 0.00551450088822
165 -30.9201704444 2.36085484942 -0.178043222236 0.00578111275781
166 -31.6337462054 2.45473141572 0.133468722027 0.00746941408007
167 -31.5284213811 2.95588008146 0.715045025461 0.00324670221075
168 -31.4523229274 3.60334507266 1.12455175946 0.0157152380219
169 -31.9808022057 3.99717754774 0.776144018443 0.00613398777442
170 -31.9427013156 4.27575996444 0.0958820111907 0.00601679397967
171 -31.28422351 4.57539237752 0.0710674088045 0.00385704523297
172 -30.9710139855 4.80710718658 0.673759223295 0.0112913687034
173 -30.9717119148 5.3389072484 1.11940353405 0.0372962502715
174 -31.2074322726 5.75438506743 1.46641583703 0.0380809997094
175 -30.9641365171 5.70697158114 1.81267106186 0.0116973154159
176 -30.6394312744 5.73416185569 1.95184375724 0.0109027597675
177 -30.5555692451 5.46174902178 1.96177275159 0.00873899456445
178 -30.6826940289 5.40437895885 1.77257266508 0.0133992649162
179 -30.6373283102 5.55338037012 1.82663981018 0.0126720748755
180 -30.6079850797 5.46641864683 1.87998177566 0.00843142226334
181 -30.5629741032 5.41390347626 1.85539093261 0.00497484643508
182 -30.5956999277 5.41637832204 1.90012276875 0.00868692413568
183 -30.6207626442 5.42707220436 1.89034131896 0.00674888181735
184 -30.6121029769 5.41761378601 1.89248678591 0.0101138660815
