107 -12.192923796 9.07934629916 21.8108247346 0.0118738620271
106 -12.1955521049 9.08177156601 21.7944059096 0.00722246515579
105 -12.1858611335 9.07371971894 21.7619592875 0.00370145398266
104 -12.1447919224 9.08333009811 21.7430905451 0.0119516114509
103 -12.1143942593 9.01024610261 21.7012077062 0.00813263567108
102 -12.006259892 8.96035897486 21.7330020378 0.0083183097283
101 -12.0495229396 8.83870579819 21.8321307256 0.0111825551224
100 -11.8580078728 8.81048518003 21.937914581 0.00939090562408
99 -12.020122454 8.82790225358 22.1573983601 0.0127671752757
98 -11.8845628312 8.57417810442 21.9518400309 0.0133549894928
97 -11.7518611386 8.70628016268 21.5605283444 0.0055909407257
96 -12.0013391943 8.37837071298 21.3527841745 0.00564365866774
95 -12.2006928384 7.96869819107 21.1766149519 0.0041857386144
94 -12.454141938 8.3257584945 20.9197143443 0.0127420070782
93 -12.9322369316 8.48499565407 21.1638010902 0.0078604437197
92 -13.069562671 8.9349156718 20.8099771107 0.0104600343518
91 -12.6872555407 9.2093016819 21.2177742383 0.0122466999047
90 -12.3991574864 9.09730326152 21.7985253944 0.00710924010483
89 -12.6549848842 9.29501323596 22.3920166512 0.00947911509355
88 -13.0247330926 9.81448013951 22.6727136304 0.00502878561368
87 -13.4332245631 10.1874224351 22.2313882821 0.0041328851478
86 -13.354117642 10.8737177709 22.4171236172 0.00611268918105
85 -12.7109918411 11.2122682824 22.4117754111 0.0033963359894
84 -12.2982325337 11.7224834054 22.0847528034 0.00206246455095
83 -11.6083521493 11.4778107246 22.1666399118 0.0089204705504
82 -11.3815633893 12.0338177945 22.6192694465 0.00337139994763
81 -10.6875342869 12.3062874858 22.7486732456 0.00680336841674
80 -9.95320387064 12.4874208107 22.6213790788 0.0125933517444
79 -9.34468890067 12.298961588 22.1630945373 0.0068699733719
78 -8.8028849058 12.7436250783 21.7919821158 0.00303415062566
77 -8.14693090793 12.2930336345 21.8211640837 0.00677129804628
76 -7.69341215551 11.6433204899 21.9723962975 0.0103747086428
75 -7.54615449029 10.8755905423 21.7338958873 0.00692218246063
74 -8.03842320795 10.3249322919 21.3685888071 0.00603841458805
73 -8.66983372035 10.0583969212 21.836054482 0.00350579779274
72 -9.00076069033 10.1941572908 22.5887837277 0.00357497443162
71 -8.86528425621 9.42469388693 22.2933230649 0.00371607924457
70 -9.02788898868 8.61770073374 22.1356807976 0.00804324250598
69 -8.45785048289 8.95122081306 21.6086984592 0.00374687669428
68 -7.91962655309 8.66168904467 21.021096267 0.00686134152937
67 -7.60331655268 8.12962779593 20.4347004079 0.00148597741631
66 -7.12176194882 7.77847250904 19.823448672 0.00432625686504
65 -6.73501528521 7.37636696377 19.1733161669 0.0327947960967
64 -6.08330077066 7.62725187083 18.6452282891 0.00343421880722
63 -5.60538166839 7.25034068055 18.0131360354 0.00531702413234
62 -4.84212331146 7.0610353653 17.6188240387 0.0067616007125
61 -4.44109048325 7.50585397033 16.9694503786 0.00440060425753
60 -4.54010734949 8.17610437434 16.3997067195 0.00421339480133
59 -4.54176217734 8.52262782074 15.5824443363 0.00714998051102
58 -4.38679418941 8.67986893725 14.7193564947 0.00516277243829
57 -3.81364310561 8.43530788368 14.0804870716 0.00633582910912
56 -4.07916109908 7.80784222319 14.660618234 0.00672428426976
55 -4.72247273377 7.53271373771 15.2225518586 0.00747359901296
54 -5.34994805325 7.75841469725 15.8272922983 0.00302339999006
53 -5.58780594735 8.60103152349 16.0390868719 0.00203592827795
52 -5.42873002469 9.48390385718 16.1277276903 0.0222646057357
51 -4.87743156539 10.1334976186 16.4442871001 0.00215296711803
50 -4.18843515487 10.5395583962 16.8778022395 0.00414422439796
49 -3.37075983537 10.3134999019 17.209336049 0.00189294552426
48 -2.63391412935 10.0154728334 17.655537173 0.00249458076629
47 -1.94899043925 9.79215398041 18.2154325188 0.00302050064645
46 -1.3442138252 9.65142387492 18.8853863576 0.00562245107111
45 -0.758691032421 9.11361942969 19.3377255428 0.00859829730569
44 -0.410421069126 8.50169585515 19.9255539217 0.00367526530078
43 0.13288691423 7.80099120399 20.1625914372 0.00396744274228
42 -0.316892897543 6.99993062157 20.1526811912 0.00421311542559
41 -0.999190468529 6.42797132034 19.9213672901 0.0026712085648
40 -1.83580393832 6.22089255898 20.2449468559 0.00647729806094
39 -2.5747242628 6.45696971852 20.74392664 0.00178238935866
38 -2.92700996749 6.63024355048 21.5796230233 0.00467644850551
37 -3.38749511204 6.75543126755 22.3712208915 0.0067679773637
36 -3.24119566835 6.80983849312 23.2840442728 0.00730779805004
35 -2.92382346777 6.70977375796 22.4182436425 0.00625046801149
34 -2.37161846263 6.7789884442 21.6748553592 0.00823352256957
33 -1.66747896002 6.82488489208 21.0689422746 0.00957153543165
32 -0.983134520099 6.69348734874 20.4501092933 0.00977632777447
31 -0.0858389681413 6.45325931667 20.358860666 0.00874813947681
30 0.655298154755 5.97699311699 20.0455456818 0.00493801644195
29 1.29004341349 5.4232318163 19.6375469203 0.00736424781202
28 1.89295088772 4.70839459235 19.5780933966 0.00479299681441
27 2.33465771665 3.89526398095 19.4256024715 0.00432077557512
26 1.63142514096 3.4415217919 19.8507233971 0.00694911648567
25 0.870223149234 3.24749654223 20.3667467101 0.00599280845748
24 -0.0570029332249 3.1980428258 20.5165016287 0.0215292395932
23 -0.415658514987 3.271505252 20.1441163101 0.00284004272696
22 -0.859329297216 3.37856698247 19.2822705594 0.00178769158818
21 -1.29460400999 3.63952599608 18.4494420017 0.00886044409051
20 -1.65718441565 4.04489844624 17.6395310165 0.0109296430537
19 -1.43197804585 4.49679266758 16.8043104402 0.00380727583007
18 -1.29337214992 4.68037645017 15.855614269 0.00194486233415
17 -1.32882858584 4.66755056326 14.8800695217 0.00214650186927
16 -1.49994583322 4.60979748743 13.9205866064 0.00523957114169
15 -1.43836467811 4.74647543959 12.9556518646 0.0057659768456
14 -1.48269917055 4.90778817099 11.993389042 0.00487395043918
13 -1.10125498714 5.25183089568 11.1626114611 0.00491027773099
12 -0.603175985167 5.36790973204 10.3302593569 0.00629983420355
11 -0.334153149821 5.3172569155 9.39219399057 0.00217405314225
10 -0.0285632680718 5.03192368066 8.50892730979 0.00391082775586
9 0.3086226651 4.56390735137 7.72004109825 0.00510645807726
8 0.722517770769 4.13051994366 6.94788175534 0.00449900486465
7 0.903586111021 3.65901748678 6.11085498002 0.00257472202016
6 1.13357145148 3.31362440078 5.22556330059 0.00383961228688
5 1.43741584672 3.00162441131 4.3500758137 0.00534116966755
4 1.68757081592 2.43236048568 3.59531336654 0.00554176458581
3 1.63202041462 1.79958274082 2.85159325412 0.00588889933165
2 1.53017592766 1.24134949957 2.05471543476 0.00317769580647
1 1.23515301334 0.659057657448 1.32601080887 0.00285379507043
0 0.743183901183 0.25318866264 0.584037443562 0.0070697763005
0 -0.766721460066 0.0678175414269 0.611655942094 0.0037103899802
1 -1.29108520918 0.458844303007 1.34560446392 0.00328093313314
2 -1.88685939419 0.919034602576 1.9777531703 0.0038306811128
3 -2.50108942166 1.18405233108 2.69799237013 0.00267835979324
4 -3.34710998389 1.33281907306 3.17559156176 0.00307917375095
5 -4.12496999296 1.93131097519 3.22530757788 0.0048989501999
6 -4.72112947225 2.71221024352 3.20722055977 0.00286509272775
7 -5.23645121703 3.53256021104 3.04318095017 0.00459880086934
8 -5.85673247024 4.23348182256 3.34193520897 0.00154636097287
9 -6.5042542877 4.95428562018 3.50426770771 0.0367909459265
10 -7.0416837513 5.74774229795 3.71705128081 0.00421999494438
11 -7.52565553514 6.5635897376 3.96939005794 0.0029012981769
12 -7.9463652856 7.38509563647 4.30337576803 0.0129125581628
13 -8.48599417977 8.16897082571 4.54244173489 0.00295971767803
14 -9.00312816167 8.93366146657 4.87490975325 0.00365956711576
15 -9.34614338005 9.78860965195 4.53733575841 0.0053229121933
16 -9.6603922532 10.6114336473 4.10540246987 0.00339938582131
17 -10.0937841226 11.4521828394 3.84571592908 0.0043925731985
18 -10.7429172873 12.1305977659 3.56232563058 0.0021757062362
19 -11.4970543246 12.6279142245 3.18045301701 0.00150954831618
20 -12.0900870771 13.25557387 2.71547467167 0.00469184624384
21 -12.8159629846 13.8676135116 2.47044847878 0.00513470132858
22 -13.7865967818 13.7367156687 2.42594983 0.00214971550326
23 -14.7572833202 13.618758364 2.49664291368 0.00367289691259
24 -15.7107225167 13.5195048762 2.70181352494 0.00411383925446
25 -16.6804647969 13.6084501794 2.81344810193 0.00190886666009
26 -17.6516285008 13.5745069551 2.94140257422 0.0041873752281
27 -18.5640188819 13.4840834137 3.28769224539 0.00198110028038
28 -19.4121731375 13.2895043244 3.73856046255 0.00690105661421
29 -20.1714526169 12.8834677089 4.20632821657 0.00487547653466
30 -20.8553711365 12.4102067072 4.72425412739 0.00499263793741
31 -20.7124629009 11.5884307179 5.23803791002 0.00208364071313
32 -20.4892432703 10.7986522504 5.77286929609 0.00186663374153
33 -20.2052127344 10.0906475887 6.38739886187 0.00491069585085
34 -20.040475717 9.48146272718 7.13654728254 0.00484789615759
35 -19.7902134426 8.92970532301 7.90607409816 0.00418113487893
36 -19.1672036722 8.48959629016 8.52010162039 0.00791088809221
37 -18.6383420534 7.97874490234 9.16648607885 0.00800417721217
38 -17.9955915087 7.6636712067 9.83406809259 0.00732005313523
39 -17.4232649219 7.48009418303 10.6064135153 0.00272142731537
40 -16.9109625511 7.38388647407 11.4346537896 0.00734266261819
41 -16.337801437 7.42881258804 12.2263016879 0.00213028767172
42 -15.8083927707 7.6642916202 13.0145849833 0.00316769052072
43 -15.3689721031 7.87193187988 13.863587165 0.0178208108274
44 -14.9508155259 8.30655301131 14.6330867649 0.00264719574459
45 -14.8599800309 8.75457918009 15.4972997394 0.0103547837951
46 -14.8883090991 9.17744141152 16.3779979758 0.00138970989768
47 -14.9934565162 9.74805927619 17.1643669018 0.00328753245019
48 -15.2616273373 10.234960634 17.968026558 0.00342778434942
49 -15.6209918449 10.7270229546 18.7317860816 0.0044245970164
50 -16.2361969999 11.0428597484 19.4217179338 0.00438536161122
51 -16.876296242 11.3192468583 20.1057039515 0.0028118549349
52 -17.4490779608 11.7656164069 20.7587104054 0.0108041274001
53 -17.9699821854 12.2510680161 21.426585542 0.0044639119298
54 -18.4797726911 12.6095284749 22.1779083075 0.00388165668652
55 -18.7126887592 13.1289618063 22.970752412 0.00535432512955
56 -19.1336541778 13.6989125384 23.6416486272 0.00708725987612
57 -19.5709377969 14.2192445058 24.3414683566 0.00323159442278
58 -19.995123747 14.588096413 25.1387297606 0.00691588012555
59 -20.2613181034 15.1140536839 25.9156562058 0.00430090865693
60 -20.6404573892 15.5895596439 26.6778447978 0.00372645930312
61 -20.9459005454 15.8833107022 27.5559668039 0.00361599263067
62 -21.1726456951 16.2855132654 28.4145798104 0.00187727296399
63 -21.5105653776 16.7992595146 29.1708824937 0.00228536030311
64 -21.9762860394 17.2539809103 29.8963109035 0.00374136385571
65 -22.4626817828 17.3955699642 30.7288724002 0.00242223319452
66 -22.8759522578 17.2910161301 31.6052006695 0.00312372803477
67 -23.0777198947 17.197327581 32.5539229867 0.0109908713906
68 -23.202004905 17.2933542572 33.5152214041 0.00303282041786
69 -23.2877556178 17.3112014279 33.8483559788 0.000990833062985
70 -23.4592311674 17.3696934084 34.7973612701 0.00225088435871
71 -23.8329983923 17.4325290342 35.6858408104 0.00953701105575
72 -24.4072154007 17.4331542944 36.4617082797 0.00427094269309
73 -25.2242729363 17.2604878849 36.94476784 0.0097511551657
74 -25.9289443988 16.9750614887 37.5377602279 0.00738341663418
75 -26.491720639 16.6057509392 38.2275221987 0.00633878476632
76 -27.2966443628 16.4044419472 38.7167442437 0.00625076410641
77 -28.0534275248 16.0030158464 39.1560779223 0.00694268513991
78 -28.4814370334 15.354259077 39.7235461296 0.00716886278338
79 -29.0645846529 14.7675908498 40.2142214145 0.00421935769842
80 -29.6717695377 14.0658031306 40.4652228249 0.00593741850419
81 -30.3963303302 13.4347296662 40.4628756484 0.00258344837938
82 -30.7313587732 12.5348140494 40.4349423078 0.00194080763528
83 -31.1438502567 11.6774219334 40.3032647604 0.00341288405284
84 -31.2490424148 10.7292537657 40.1936757638 0.0192889260626
85 -31.0187484727 9.86891698867 40.5487565581 0.00221692606211
86 -30.6586613341 9.01293848475 40.786432049 0.0075947495965
87 -30.1180336181 8.24709283081 40.9834270118 0.00411794369958
88 -29.6068196178 7.47104039817 41.2144083636 0.00301751751966
89 -28.8085707362 6.96736437469 41.3741554278 0.00275829809722
90 -28.0241498592 6.49840590237 41.6583861139 0.00347066595075
91 -27.2338843094 6.02796402257 41.922179832 0.00547505058297
92 -26.5152652948 5.40689127715 42.0328858584 0.00295965210594
93 -25.5701231389 5.30694524456 42.1358392352 0.00612227757215
94 -24.6518235856 5.21035561696 41.890345059 0.00314933712534
95 -23.716861801 5.03508657883 41.8045809082 0.00435759057055
96 -22.8252174173 4.98882174324 42.1428446172 0.00268251469999
97 -21.9193151258 5.01857981963 42.4420398585 0.0068587222963
98 -21.0196578067 5.16734363544 42.721769538 0.00596632092152
99 -20.1478078616 5.51627388225 42.8850757688 0.0023272811361
100 -19.2324580157 5.76635761074 42.9725719096 0.00474079507278
101 -18.3695799385 6.16364555039 43.0413453533 0.0038685416178
102 -17.6227256169 6.62536038133 43.4095625982 0.00363897242736
103 -17.0156333021 6.97200469906 44.0557331533 0.00533908304491
104 -16.4098478129 7.44848635092 44.6133982916 0.00644727087575
105 -16.0114007452 7.98904753986 45.2863862528 0.00457352487563
106 -15.4945969013 8.49543705365 45.9022361272 0.00446949546405
107 -14.831917586 8.90363765492 46.4462148505 0.00287541985426
108 -14.910419524 9.47218764654 47.2025815241 0.00515724615897
109 -14.7154107311 10.2316954241 47.7364384791 0.00356980774732
110 -14.7624527158 10.7882412419 48.5030017707 0.00871894373532
111 -15.0299810481 11.4342218098 49.1420604576 0.0048603351758
112 -15.0819607356 12.0342112052 49.8725581064 0.00214460514441
113 -15.7012002542 12.4671431639 50.4422554981 0.00660920735956
114 -16.0606179253 13.0723266918 51.0735409524 0.00526923590567
115 -16.4671234822 13.7265436407 51.6205396906 0.00191818032606
116 -16.6811401166 14.6238389237 51.8219575635 0.00562522504522
117 -16.5417079694 15.5363178791 52.0168629604 0.00399657631437
118 -16.7671852946 16.4509459934 52.0561143314 0.00607640524933
119 -17.5103509027 17.0192554025 51.9464163177 0.00291328203373
120 -18.3164832545 17.4468227661 51.7142155953 0.0046753622169
121 -19.2518905464 17.5256590696 51.651107286 0.00845865297962
122 -19.8873435002 17.343408876 50.9828444451 0.00291529590028
123 -20.2110265191 16.8802283157 50.2320750082 0.00355213522875
124 -20.5531641741 17.7300010861 50.4363998432 0.00422002913602
125 -21.1084874141 18.4776026963 50.5472932034 0.0124571745457
126 -21.5305613833 19.3019131484 50.6817088197 0.00801937193758
127 -21.8973095605 20.0746818819 51.0580757083 0.00969701567538
128 -22.1920913583 20.956193278 51.1342439644 0.00469365443494
129 -21.6455468618 21.6012621746 50.742331614 0.0098866644105
130 -21.1629464533 22.0189817707 50.0655035605 0.00818915906051
131 -20.9337215599 22.8408283247 49.6997961585 0.0046136133852
132 -21.3107506513 22.9881147461 48.8647451287 0.00513262787007
133 -21.5373675948 22.8318218092 47.9795676937 0.00352744464698
134 -20.8065732598 22.3682967921 48.3074221532 0.00519491261674
135 -20.1123547701 22.1826229786 48.8891097519 0.00582813582819
136 -19.4116812964 22.5630534559 49.3542533696 0.00510179124672
137 -18.6222408179 22.5246785101 49.8287418187 0.00625731627754
138 -17.7383979179 22.5810803324 50.0783159043 0.00268281788634
139 -16.8521401812 22.7649670667 50.2397600996 0.00300527056703
140 -16.8258095477 23.2873414977 49.4836804902 0.00476406444692
141 -17.1472583815 23.5439175928 48.6626669374 0.00373861931023
142 -17.4366989616 24.1369437432 48.0260193997 0.00290369618885
143 -17.6375883604 24.7725321602 47.3975322225 0.00500320486703
144 -17.428693951 25.6577008637 47.4908460666 0.00240584561554
145 -17.80792339 26.4823249719 47.3868298865 0.00381809662638
146 -18.690898354 26.707311707 47.435456401 0.0100826487
147 -18.8096080894 26.8062564649 48.3328714081 0.0100554388355
148 -18.4986622074 26.9504194876 49.1730097691 0.00357024395667
149 -18.105950841 27.4464505964 49.8212300891 0.0119461444981
150 -18.0746057241 28.1792754887 50.3453908825 0.00799351794748
151 -17.7852697032 28.4739931352 51.1441612367 0.003567620024
152 -18.050595858 28.8794174595 51.8999960842 0.00832866523202
153 -18.4054082406 29.5031765715 52.4334255072 0.0042369813946
154 -18.7908474804 30.3075160461 52.4214765176 0.00605234937948
155 -19.2488419335 31.0619731988 52.3106793244 0.00841289783063
156 -19.9233064305 31.6278168346 52.4090444806 0.006410713976
157 -20.1903761945 32.1803583659 53.0447875927 0.00333209784767
158 -20.4059210791 32.4962806875 53.840072846 0.00521425628593
159 -20.285080559 32.7995979235 54.6572842465 0.0060159728574
160 -20.6908967969 33.3315683841 55.2233074699 0.00997261990019
161 -21.1700653835 33.5283147748 55.924070276 0.00715502228008
162 -21.8088330001 33.9447478497 56.3362437289 0.00446682274163
163 -22.5333896902 33.7047201576 56.7414189965 0.00746825186449
164 -23.1965479639 33.7851754764 56.2000852052 0.00465541257193
165 -23.8182814784 33.6636084485 55.6230476567 0.00365632353145
166 -23.9348973443 33.9362817222 54.8209933576 0.00302115810006
167 -24.1218736903 33.9665598444 53.9891030854 0.00508041018995
168 -24.335638372 34.0817803281 53.1749762035 0.0148496693574
169 -24.6783027008 34.1518955515 52.4132851278 0.00688924100448
170 -25.1462849587 34.1856246984 51.7259394874 0.00889225992815
171 -25.0709919333 33.9176573946 50.9496719558 0.0051830370885
172 -24.4332967874 33.4439376898 50.7526249912 0.00821173196698
173 -23.8823590716 33.1262773271 50.2496812423 0.00239347547404
174 -23.554979711 32.7790609538 49.5967637405 0.00669880192179
175 -23.2908501309 32.7044402133 48.8434002758 0.0184684774086
176 -22.9966536188 32.4826441973 48.16104462 0.015715269899
177 -23.0841680165 32.8490474967 47.5102950193 0.0124291585463
178 -23.1077195873 33.1058861826 46.8263192129 0.00777612493846
179 -23.3087381341 33.6060744981 46.3555533481 0.011226133228
180 -23.458012791 33.0926006537 45.9159697159 0.00896632509268
181 -23.5136769541 32.5675305306 45.5016589527 0.00941651826283
182 -23.3570479615 33.0821886323 45.1431711761 0.00380869778244
183 -23.2537752325 33.213974147 44.5289964265 0.0110049484651
184 -23.3241540654 33.1359976405 43.9356215032 0.0107060115728
185 -22.8075380668 33.2700114144 43.7538455483 0.011044515033
186 -22.6574548176 32.977916092 43.3506006995 0.0102154404847
187 -22.6620590222 33.2061783689 42.9358131578 0.00746689040645
188 -22.8253809945 33.4808897338 43.2325182637 0.0163989970674
189 -22.9629629065 33.7880536172 43.2468908048 0.0135787522252
190 -22.9530415347 33.9566406857 43.4365172166 0.0175413479042
191 -22.9429929243 34.0274495849 43.5809859433 0.0111065364126
192 -23.0368989529 34.0028443962 43.5302943967 0.00548785125308
193 -22.9677483636 34.0545570256 43.514843886 0.00572631788396
194 -22.925448304 34.0684573214 43.4659193731 0.0192325281528
195 -22.9310347373 34.0778655341 43.4694953341 0.00931958936067
