20 -0.765615440241 4.98342404754 2.71858884664 0.0165282073227
19 -0.765900912804 4.98976274533 2.69123196093 0.00876593468354
18 -0.81241300905 4.96130770227 2.68847537926 0.00785801203388
17 -0.850378830511 4.9931268694 2.7555406417 0.00960132114195
16 -0.955457508255 4.97964632208 2.69368180954 0.00979104394779
15 -0.992997189691 4.81592374888 2.67159644681 0.00993536879665
14 -0.88999618679 4.62099346776 2.6550495132 0.0118570742572
13 -0.62225530894 4.72727808294 2.63631228401 0.0226588722106
12 -0.835768555645 4.40542906191 2.8224781102 0.00547627194912
11 -1.07817198658 4.15966919938 3.1213431039 0.00833818045298
10 -1.4583842679 3.94712757051 2.88340523385 0.0126827153554
9 -1.20016896732 3.62271783546 2.52158816065 0.00546816844936
8 -0.719339761731 3.40142101365 2.73494930346 0.0158135613718
7 -0.113559703789 3.25841905775 2.70163650499 0.00583952755356
6 0.118113633442 2.79686416295 2.32213808791 0.0125771878366
5 0.214173463541 2.13094073995 2.29453418205 0.0206153878031
4 0.295077000213 1.89504803043 1.61971845848 0.0169507839447
3 0.0846870072655 1.45819160516 1.04897027587 0.00576789408119
2 0.0872740058703 0.717913025893 0.889748497403 0.00566019561049
1 0.293504900969 -0.000972522791188 0.725274423257 0.00968835463697
0 0.506945058399 -0.574519553949 0.241838889032 0.0174119375636
0 0.0713965128647 -0.817781583561 -0.557600789531 0.00203227387297
1 0.00103901111645 -1.73074653484 -0.940044738196 0.0065730184625
2 -0.0328105212443 -2.65137932212 -1.30873670069 0.00190602367538
3 0.168973289516 -3.60519333941 -1.4934505575 0.00703660260753
4 0.130605665434 -4.51141124028 -1.89575612968 0.0116622014811
5 -0.191042964346 -5.33107974014 -2.35305387086 0.00275171226793
6 -0.479868936577 -6.10356548914 -2.90466517968 0.00591912371575
7 -0.712747750554 -6.88347351394 -3.47200882268 0.00397606873378
8 -0.838693648695 -7.69281519189 -4.0318520388 0.00211775927071
9 -0.816240116469 -8.48658981113 -4.62659999284 0.00292025496226
10 -0.885993092833 -9.31753526758 -5.1641139213 0.0169093539147
11 -0.995588661886 -10.2594693025 -5.45524403907 0.00358061964671
12 -1.12408970856 -11.2406312338 -5.52418605757 0.00516199710057
13 -1.26429361467 -12.2147464421 -5.64799594372 0.00328571530524
14 -1.40663345056 -13.1922739787 -5.73757815135 0.0121888332713
15 -1.39104952554 -14.1796842836 -5.82965760463 0.00450545142533
16 -1.38419895734 -15.1616772969 -5.96855384665 0.00232194191624
17 -1.26942964839 -16.1427560201 -6.05760860323 0.00658584659245
18 -1.14539011604 -17.1192295682 -6.17866116653 0.00612253248073
19 -1.09508446179 -18.1093615591 -6.20252138332 0.00598500775757
20 -1.07263803726 -19.0901809572 -6.05801271999 0.00303992852501
21 -0.985566605032 -20.0747056552 -5.9775061827 0.00388201105874
22 -0.790321716746 -21.0466607673 -5.9554979566 0.00648592111296
23 -0.586970021845 -22.0156897916 -6.00890244874 0.0303547139992
24 -0.294222120057 -22.9620094647 -6.04903349266 0.00347773041857
25 -0.0851966396355 -23.923394515 -6.17084633873 0.00531119351373
26 0.081770013663 -24.8783575806 -6.37796338473 0.00298521745372
27 0.283375166755 -25.8409637199 -6.50216979259 0.00604049280259
28 0.613900424851 -26.7738470302 -6.44666673404 0.00359652322275
29 0.901342906558 -27.7223345689 -6.42939633665 0.00566130472809
30 1.17087404263 -28.6708480529 -6.32863800617 0.00204376299135
31 1.51452555006 -29.5973448568 -6.25146507609 0.00315839281485
32 1.9993190004 -30.4616376571 -6.23204084323 0.00435885916106
33 2.48752402894 -31.312028054 -6.08766972238 0.00450366029327
34 3.09362155774 -32.0904148882 -5.99256044257 0.0040721793541
35 3.56420785959 -32.9383846234 -6.19685410495 0.00489989505047
36 4.02774719731 -33.77180602 -6.46652414931 0.00201417688894
37 4.54472714619 -34.5847508553 -6.69890486169 0.00560990607009
38 5.11793048855 -35.3832485157 -6.82499316123 0.00256392260534
39 5.6864100066 -36.1785346331 -6.98740382933 0.00504513915517
40 6.0840957603 -36.9984698786 -7.37669268645 0.0276873782383
41 6.47921163178 -37.8854222763 -7.57357200836 0.00611233574757
42 6.80402143545 -38.8043042713 -7.75140734105 0.0104627419942
43 6.95935799917 -39.7716335261 -7.89789193372 0.00516576153195
44 7.04901877978 -40.7157980627 -8.18384543839 0.00432451669415
45 7.24734664773 -41.6456527607 -8.46173949175 0.00817954695177
46 7.5122636765 -42.5697717929 -8.70023804401 0.00387002441914
47 7.82800335898 -43.4811664281 -8.92532880954 0.00267017399917
48 8.09557006795 -44.3935635943 -9.20264568883 0.00376972287563
49 8.43528338964 -45.3173508479 -9.31263762442 0.00321592994421
50 8.83099005774 -46.1870659808 -9.57314965605 0.00175991919866
51 9.2373029729 -47.0378491335 -9.87632141966 0.00316671174823
52 9.95210751796 -47.6215837364 -10.2356355247 0.00318952073877
53 10.6561048623 -48.1906749625 -10.637234837 0.00434948378444
54 11.484581767 -48.5342437906 -11.0570948721 0.00329764155313
55 12.3746034792 -48.770002043 -11.421662077 0.00402895580669
56 13.251594104 -48.9749781731 -11.8333057126 0.00407887141098
57 14.1795613189 -49.099334791 -12.1556471913 0.00465735469219
58 15.0891752923 -49.3141265592 -12.4825802255 0.0093293053157
59 16.0014835254 -49.4296815588 -12.8494832821 0.00619476381188
60 16.8469315077 -49.3920368543 -13.3633125347 0.0043899424998
61 17.6749917565 -49.4301281332 -13.9046287087 0.00362512734331
62 18.4985774244 -49.2577046629 -14.4262300947 0.00460612801422
63 19.2377313345 -48.9709132018 -15.0190574727 0.0018924485042
64 19.8663346375 -48.5829516839 -15.6781347544 0.00194067093673
65 20.4208248933 -48.4383088059 -16.4854143216 0.00369164374411
66 20.8493547418 -48.0460817425 -17.2869983784 0.00170870636919
67 21.3851508396 -47.6497430924 -18.0189751132 0.00148905734031
68 21.9102405745 -47.2423079351 -18.7525996888 0.00437377594163
69 22.4682098668 -46.7345654612 -19.393441318 0.0101311946678
70 23.0999116415 -46.2651889686 -19.9936571385 0.00413138998448
71 23.8812745155 -45.9674519048 -20.5231344915 0.00495124840797
72 24.5909042709 -45.6234375069 -21.1210833103 0.00433320428959
73 25.3312109827 -45.3174858159 -21.7022204089 0.00326678914168
74 26.0818087053 -44.9559884649 -22.2362876892 0.00817893585797
75 26.7745499338 -44.4711123757 -22.7502509713 0.00299670277388
76 27.3728940747 -43.9214394138 -23.3150197498 0.00402199118005
77 27.8174166656 -43.2657438961 -23.9079133945 0.00540587229099
78 28.322141444 -42.6436594963 -24.4886212539 0.00451019606213
79 28.8777593923 -42.0286042193 -25.0288578267 0.0062132038429
80 29.2025542654 -41.2013133284 -25.4633774535 0.00196293035217
81 29.427074289 -40.4025167228 -26.0021027543 0.00483435316331
82 28.767564546 -39.7093152904 -26.2532138443 0.00589165751133
83 28.0003705068 -39.1207464707 -26.461591682 0.00524000682485
84 27.3954247094 -38.4232170724 -26.1068427356 0.0113100327852
85 26.6128876536 -37.9127044451 -25.7825833389 0.00319483155054
86 25.7614389481 -37.4669924679 -25.5492866857 0.00306938702593
87 24.9119294748 -37.1187183005 -25.1817796743 0.00169204543412
88 24.3727072826 -36.9041115212 -24.3809276577 0.00333032576562
89 23.8630460496 -36.67554137 -23.5647614857 0.00383305954471
90 23.1499611399 -36.6061607388 -22.883092786 0.00662871718633
91 22.4781721872 -36.6838374116 -22.1616122497 0.00274737874159
92 21.7565481283 -36.9018234032 -21.521680342 0.00514749947395
93 21.0270177438 -37.1019019249 -20.8849520428 0.0040249105787
94 20.2583719428 -37.391680677 -20.3347144904 0.00221228456313
95 19.5363367771 -37.8177795433 -19.8106921976 0.00549884737221
96 18.9062774342 -38.4265835813 -19.3527166757 0.00569102974686
97 18.2253654739 -38.9832005207 -18.9012995079 0.00573296203757
98 17.5431110713 -39.5890958148 -18.5211412067 0.00252974321977
99 16.8122995264 -40.165762634 -18.1888689108 0.0045033754618
100 16.0967368908 -40.7630593151 -17.860010782 0.0019146036851
101 15.3555429954 -41.3029621798 -17.4911631225 0.0441473043907
102 14.6859215954 -41.9501772841 -17.161509434 0.00130012019034
103 13.981381801 -42.6109318436 -16.9543312263 0.00192492039326
104 13.4807322662 -43.4593273636 -16.8807625457 0.0286899158675
105 13.146389507 -44.3861445013 -16.8143797741 0.00134568185993
106 12.7491973868 -45.1411287388 -16.3168950306 0.0141227703527
107 12.53231326 -45.8433829799 -15.6574992304 0.00590013287593
108 12.2403043323 -46.4785794107 -14.9602612966 0.00491128682978
109 11.8164591206 -47.1259625479 -14.3470982068 0.00297282515597
110 11.6740866369 -47.8209780495 -13.660532759 0.00116454073305
111 11.4679634335 -48.5027634485 -12.9769096633 0.00332550164874
112 11.0965998271 -49.1859721607 -12.3687567425 0.0123684006889
113 10.8316877828 -49.8589939286 -11.6970945835 0.0133075217306
114 10.6961841488 -50.5278148442 -10.9841596404 0.00216432054673
115 10.5576846858 -51.165571237 -10.243884919 0.0045308090786
116 10.4402174287 -51.5135250596 -9.3278781906 0.00479403619337
117 10.330314307 -51.7339076361 -8.37226159526 0.0028066053913
118 10.1860451164 -52.0369368187 -7.44429919792 0.00735675942644
119 10.1588207873 -52.2855740905 -6.4898225849 0.00855672607053
120 10.0558117855 -52.6070485706 -5.5627936117 0.00715614504218
121 10.1174520234 -52.9305560349 -4.63290351704 0.00595851179872
122 10.181518074 -53.3493763484 -3.74214871958 0.0176382671918
123 10.2277663379 -53.780428895 -2.85641314546 0.00333126292586
124 10.2746846196 -54.1511352261 -1.94384598168 0.00285216587171
125 10.3666766185 -54.3235123049 -0.977307669611 0.00661667172667
126 10.464750525 -54.6727788863 -0.0605002899844 0.00363877251855
127 10.5567050977 -55.1890728266 0.774336873504 0.0031224703178
128 10.6912564455 -55.7966472563 1.53891070374 0.00485018397579
129 10.7845750802 -56.4218801237 2.29525282372 0.00466503454493
130 10.8474274057 -57.0565306134 3.04678931615 0.00430242886427
131 10.9350583947 -57.7577130195 3.7338342588 0.00164758041831
132 11.417375477 -58.4217589657 4.27940240739 0.0059195299359
133 11.7839402934 -59.081543986 4.91298052187 0.00483769873789
134 12.183532315 -59.7858376214 5.47442121917 0.00261802231292
135 12.7418800794 -60.46020112 5.92637872996 0.00585231428675
136 13.4213773419 -61.0857171824 6.2692705351 0.00800730864876
137 14.1405695636 -61.6953101466 6.55467379071 0.00111898664269
138 14.8819590234 -62.3240690973 6.71353303086 0.0037573527123
139 15.2995222915 -62.4511960221 7.59669954955 0.00390544657718
140 15.7610081397 -62.4534752747 8.46698460415 0.00245643630965
141 16.3130630214 -62.4375604438 9.28259975588 0.00477102048875
142 16.9005880541 -62.3882869458 10.071561052 0.00196324284474
143 17.5282989627 -62.4050361712 10.8303003483 0.00346027169464
144 18.321578611 -62.5343188789 11.3992800946 0.00675492480455
145 19.0557761317 -62.7764130451 12.0091131572 0.0045430900866
146 19.8335843204 -62.9356368615 12.5913921108 0.0029935826635
147 20.6200124084 -63.0055315901 13.179556771 0.00474047930158
148 21.4782688299 -62.9252071669 13.6549674863 0.00366920134303
149 22.4036042189 -62.8081347316 13.9694979209 0.0033346626665
150 23.2407590918 -62.4652183168 14.3572822598 0.00466817091186
151 23.9978506777 -61.8974426489 14.6275415518 0.00475557390769
152 24.7103733015 -61.2990285633 14.9479521171 0.0198947966414
153 25.481784785 -60.6923485707 15.0155292232 0.0035260971702
154 26.1296562507 -59.979139569 15.2134993364 0.0107491878242
155 26.6842427682 -59.171552695 15.2996870091 0.00390407594524
156 26.8878243707 -58.2356869117 15.5228062834 0.00633429934312
157 27.0176966012 -57.3225311028 15.8636238524 0.00464932754604
158 26.8875681589 -56.4519366133 16.3016643344 0.00388601042529
159 26.5495807394 -55.5640055967 16.5543919423 0.00415471492586
160 26.2808952139 -54.6672790383 16.8545186833 0.00503790608855
161 25.9214924589 -53.8153120716 17.1879687525 0.0053261268564
162 25.5729634371 -52.9395999488 17.466605508 0.00329435190762
163 25.1963680172 -52.1075318898 17.8295456359 0.00787035425617
164 24.7824823189 -51.2308520698 17.6693986005 0.00543932724897
165 24.2206996457 -50.4255975871 17.6340285437 0.00216994850752
166 23.7106068172 -49.6173302964 17.4065675587 0.00226455417001
167 22.9773762588 -48.9907205106 17.2198555174 0.00345871900223
168 22.477544567 -48.2974769328 16.7354060717 0.00742393516636
169 21.9512181404 -47.5826274339 16.3149970849 0.00205170315183
170 21.4546155274 -46.8693034535 15.8575437336 0.0049489660633
171 21.1193124683 -46.5663210467 14.9854099618 0.00430298472511
172 20.7960608173 -46.3140345016 14.0929142265 0.00272824410608
173 20.5055514171 -46.2714723065 13.1556740077 0.00459387806296
174 20.5263396424 -46.2096475209 12.1757599156 0.00294104833684
175 20.2953680818 -46.3296610526 11.2288850987 0.00314889805335
176 20.0823847918 -46.4470189125 10.2775382887 0.00269872276319
177 20.0098456304 -46.4490556906 9.29833002507 0.00289443925913
178 19.7247830844 -46.5059658682 8.36054435397 0.00207963334033
179 19.2660912485 -46.3602182056 7.50490523399 0.00276168528423
180 19.0531390188 -46.5727514197 6.570448006 0.00373191490193
181 18.968647391 -46.8147455169 5.62288093443 0.00810904025961
182 18.6232094056 -46.9519364415 4.71456807217 0.00759781324755
183 18.1028620599 -46.9316354655 3.88295386329 0.012782806416
184 17.5302398299 -46.879387231 3.08827933072 0.0126954905385
185 16.8279391103 -47.0912644243 2.43767799539 0.0043932708178
186 16.1204674653 -47.4820790972 1.88282618475 0.00543882464545
187 15.5552231869 -48.0284044477 1.29724831083 0.00628456495617
188 15.0638583891 -48.7302998611 0.821442977116 0.00282337930874
189 14.6663944755 -49.4016754336 0.228390503693 0.002627547985
190 14.1886550268 -50.1533837953 -0.180113955352 0.00319877598247
191 13.7753784211 -50.9012705808 -0.659621889207 0.00335968360154
192 13.5955627972 -51.753160056 -1.1088682289 0.00280612122359
193 13.3883565565 -52.5570258676 -1.62910175349 0.00258790477271
194 12.6548483405 -53.0764273484 -2.01865357997 0.00545851764628
195 12.0291865025 -53.6047803901 -2.55602624252 0.0104489316009
196 11.2668610862 -54.0602695143 -2.96850627214 0.00525806475828
197 10.4770154039 -54.2961721441 -3.49675178083 0.00435922198787
198 9.71061595715 -54.4745577904 -4.07913515968 0.00298815086782
199 8.87046731146 -54.7334820834 -4.5094790252 0.00339859792558
200 8.0071369785 -55.1734477226 -4.37210185591 0.00421815813525
201 7.21073036623 -55.6418855635 -4.69445984283 0.00314605129593
202 6.54358822056 -56.3081163955 -4.95612769046 0.00297514230098
203 6.10745227339 -57.1608216846 -5.15588921392 0.0112782464639
204 5.80003674063 -58.0891716245 -5.1410468124 0.00158223573349
205 5.74394201836 -59.0627621827 -5.21484526924 0.00219046790038
206 5.78932762664 -60.0330834217 -5.1018512638 0.00358505277479
207 6.01357604263 -60.974428208 -5.24231854389 0.0035754580982
208 6.30320568686 -61.8961617696 -5.39219758424 0.00176924570011
209 6.86269515107 -62.6925212989 -5.48499008544 0.0079645132555
210 7.15217466544 -63.5494873845 -5.11449761026 0.0054684663315
211 7.29981542373 -64.3239816023 -4.53688296103 0.00281687696107
212 7.95270727253 -64.7427738832 -3.94235096669 0.00391247593542
213 8.41424967963 -65.3639185581 -3.34565597201 0.00212107389122
214 8.95900681188 -65.9892621065 -2.82905918343 0.00419050968874
215 9.56322831192 -66.5098305554 -2.26479519126 0.00539912128206
216 9.97678925669 -67.2069336416 -1.71969887204 0.00439142676827
217 10.0757419624 -68.044683409 -1.22758288228 0.00838309400004
218 10.4143216248 -68.5496867282 -0.463469334241 0.00269502821514
219 10.8192851956 -68.9457145176 0.331871080326 0.0041951397137
220 11.1296740838 -69.469082996 1.09530487693 0.0110055788798
221 11.7657194416 -69.9119823834 1.68814068667 0.0122323917873
222 12.1874253211 -70.4803697871 2.35934695864 0.00338054538232
223 12.6797062511 -70.9704491645 3.0439497054 0.00273594323372
224 13.121873856 -71.5567888276 3.68555207819 0.00429734245636
225 13.7510164282 -72.1429761967 4.14495391723 0.00518585840197
226 14.3235025051 -72.7140243037 4.68933716031 0.0237323502522
227 14.7021740255 -73.5827427857 4.91329156488 0.0043273902625
228 15.0164618311 -74.47381281 5.14804668829 0.00565255968134
229 15.5155655719 -75.3078759369 5.19944022929 0.00360846029124
230 16.0311007599 -76.0930904339 5.45408173312 0.00259102274869
231 16.490094604 -76.9319416755 5.63463626249 0.00853574294898
232 17.0349802943 -77.6643234919 5.97087134271 0.00341711160271
233 17.4972973056 -78.4462535097 6.31860119183 0.00963851998834
234 17.6910239957 -79.1993907029 6.90232560051 0.00930144822832
235 18.0748153477 -79.8843976809 7.47517396657 0.00438810189857
236 18.6113508846 -80.3704373819 8.12347453315 0.0125244755012
237 19.1271819194 -80.8579234622 8.78649784992 0.00384093871992
238 19.6828372 -81.3452939547 9.39473421198 0.00164941817739
239 20.2618373295 -81.7042311134 10.08286614 0.0018465291278
240 21.0962986744 -81.6006138096 10.56253923 0.0211616452471
241 21.7522499334 -81.1496239181 11.1114307058 0.00172374784296
242 22.5931143389 -80.9501803571 11.5447860572 0.00251278453888
243 23.5073729459 -80.7028216714 11.7374570463 0.00352568704766
244 24.3898985727 -80.3396238606 11.8891074505 0.0109911654027
245 25.2875080963 -79.9843164481 11.866328195 0.00601770278306
246 26.06096329 -79.4070573228 11.8492822911 0.0091000797535
247 26.6977096149 -78.6836663028 11.8055708429 0.00449557503723
248 26.9299281467 -77.7487689587 11.8518039684 0.00344911992063
249 26.8287655904 -76.8116339133 11.6486894063 0.00447499886843
250 26.5819550661 -75.9419417016 11.3140989033 0.00785081499616
251 26.2345009115 -75.1715251821 10.8514114875 0.00431353285959
252 25.6185485477 -74.4653944848 10.628785149 0.00352707797923
253 24.9672457547 -73.7640253358 10.5241374685 0.008542683603
254 24.3638126869 -73.0870364161 10.202296913 0.00194159182068
255 23.8340821989 -72.3365231985 9.91620435892 0.00594869751727
256 23.437387138 -71.7037232436 9.3100137205 0.00197141919833
257 22.9596651262 -71.0848753513 8.74989335842 0.00582053679942
258 22.5281583316 -70.9603416644 7.8996462408 0.0017342121648
259 22.1694139495 -71.3953169525 8.678317395 0.00498111669867
260 22.170018258 -71.4875384852 9.63508706151 0.00712095728004
261 22.3118400291 -71.2691058302 10.5597311093 0.00329198577837
262 22.4392389262 -71.3055955933 11.5109446389 0.0027261378709
263 22.2248037434 -71.2246191677 12.4433465883 0.0064923005781
264 22.0930362712 -70.8406066609 13.3127965325 0.00631655099032
265 21.6613874684 -70.31886107 13.9916537971 0.00293585841602
266 21.2725036589 -69.6945599721 14.6063278125 0.00532857710848
267 20.7888403143 -68.9751795835 15.0140256909 0.00247851635392
268 20.3125988765 -68.2498417688 15.4193979837 0.00597673955974
269 19.8218055455 -67.5492322927 15.8489932375 0.00429385072237
270 19.3841519281 -67.1470612609 16.5992006837 0.00525884545295
271 18.7597660864 -66.9300587505 17.2906690646 0.00499975815476
272 17.8077543554 -66.8601443934 17.242614659 0.0136525072697
273 16.8739740625 -67.0408713942 17.3229789608 0.00636552209231
274 16.1040021887 -67.5987807204 17.2471002958 0.00348400111038
275 15.5077775373 -68.2275546675 16.8488480219 0.00372116235344
276 15.3845161151 -68.9397881212 16.2270708049 0.00479334485737
277 15.5928944423 -69.6498232785 15.6266247029 0.00289678182592
278 16.1028940507 -70.1435551499 14.9912250787 0.00112228070476
279 16.5108467138 -70.3933941721 14.1672348392 0.00362422205201
280 16.7330026872 -70.3498024401 13.2419753508 0.00606776729858
281 17.0575405395 -70.7611529588 12.4474644399 0.00651613353366
282 17.5801461929 -71.0968957055 11.7274552622 0.00629214306298
283 18.2159532189 -71.4403855014 11.1106411034 0.00344717173781
284 18.9851783117 -71.9222573652 10.8321608344 0.0025290445056
285 19.5661229881 -72.3402898899 10.2083326849 0.00719935734549
286 20.1853819767 -72.694662755 9.58323626876 0.00349915575573
287 20.8830010267 -72.8511238454 8.96045660303 0.0057270132977
288 21.6215857894 -73.1505688813 8.44830792205 0.0124970187919
289 22.2487259237 -73.5863040674 7.89028743697 0.004929868088
290 22.2354298517 -73.8602163692 6.985294426 0.00415951077693
291 21.8905917705 -74.0032080853 6.11713523519 0.00405709302647
292 21.4748909286 -74.0610484915 5.27108170609 0.00459806297129
293 21.0793878601 -74.0653593747 4.4141345778 0.00490944216874
294 20.4092011199 -73.9336214701 3.76418480461 0.00419720838472
295 19.601095123 -73.9972853655 3.28421848739 0.00350162442829
296 18.6661590085 -73.9362872743 3.1933389152 0.00308481968928
297 17.74409823 -73.7537313892 3.15226052633 0.00578333007708
298 16.8096238712 -73.7296728128 3.05348679831 0.00536234418224
299 15.893807447 -73.9288862007 3.11346195259 0.00324560679719
300 15.0574730317 -73.9938369779 3.53500257412 0.00599451765855
301 14.1942987297 -74.1290199079 3.87573460452 0.00866095810261
302 13.4154763432 -74.2490845856 4.38173745612 0.00413130476317
303 12.5566636339 -74.5177075805 4.63787137779 0.00407503255432
304 11.7906514488 -75.0267353992 4.8053072188 0.00268075272932
305 11.2511503548 -75.7357531057 5.08702872367 0.00271296885855
306 10.6246579838 -76.4258783443 5.14454129057 0.00143921741047
307 10.0089181969 -77.0914098027 4.9218016915 0.00487045068233
308 9.75740470724 -77.9338574497 4.61014060764 0.00485676351067
309 9.57031131444 -78.6229417147 4.01088098927 0.00336460534489
310 9.6060553651 -79.2560710964 3.32834826277 0.00290320026997
311 10.0553848675 -79.6148497555 2.59590930878 0.00398254595005
312 10.6365638806 -79.8638272872 1.91346884364 0.0043333919503
313 10.8171124754 -80.2988817298 1.11198328542 0.00693016209609
314 11.0032322739 -80.0531904314 0.236269104208 0.00277693218517
315 11.3125127638 -80.0236781596 -0.63795583799 0.00456226265821
316 11.6125647944 -79.293107468 -1.12174897848 0.00569103793569
317 11.8434576172 -78.4699758268 -1.47444832126 0.00769650521476
318 11.487221852 -78.0770855492 -2.2305955692 0.00396498794139
319 11.5941955307 -77.5211599239 -2.9591036716 0.00346574141649
320 11.2567368685 -77.4258443007 -3.81185713973 0.00250068095372
321 11.1419945886 -77.4568433932 -4.72573002716 0.00556545606259
322 10.6512743543 -77.4094940987 -5.50237157415 0.0152724053772
323 10.184540645 -77.3186802217 -6.28521029603 0.00659430072997
324 9.6759260412 -77.7461563957 -6.91259701086 0.00297538830197
325 8.90378156713 -78.0102878809 -7.32119330936 0.00607248696813
326 8.17277511893 -78.5452709023 -7.41447133029 0.00128732201873
327 7.76841143609 -79.2779627775 -7.77298670196 0.0047615202226
328 6.90992055162 -79.5392449502 -7.91683989398 0.00325830899981
329 6.42068084495 -80.1924919293 -8.31482958798 0.0027920478851
330 5.8724155197 -80.8767215415 -8.54687114925 0.00277932143109
331 5.4105674957 -81.580069717 -8.88323758533 0.00505319170439
332 5.28864960575 -82.3696862891 -9.30745533601 0.00737085053546
333 5.14691768117 -82.9353370984 -9.99632799886 0.006075261698
334 4.93842732646 -83.5292883471 -10.6400142086 0.00565013633501
335 5.21038832512 -84.2824648053 -11.0461504206 0.00590527903624
336 4.84508108718 -84.6938562989 -11.7535682753 0.00660344519043
337 4.34384417133 -85.04650207 -12.4037161714 0.00767250477818
338 3.92549538061 -85.5908217888 -12.97036871 0.0147117782115
339 3.78916745183 -85.0072102489 -13.6200043318 0.00707106941041
340 3.45997972675 -85.033122126 -14.4367302621 0.00518850111597
341 3.56493161682 -85.2783959229 -15.2737027809 0.00345805459959
342 4.05594297434 -85.6294429919 -15.908807726 0.00442305820986
343 4.40685979388 -85.3655423633 -16.6647165201 0.00497783677489
344 4.20636911926 -84.6398435673 -17.1022533554 0.00640526186
345 4.62459327039 -84.2990762286 -16.4226454601 0.00892518495975
346 4.93728953971 -83.9447690534 -15.7011004788 0.00804464049983
347 5.2549735512 -83.4290779631 -15.0946185967 0.0120310770107
348 5.30974852534 -83.1770452291 -14.2851906481 0.00527451379626
349 4.71166193217 -83.4918174531 -13.778274587 0.00623018894939
350 4.08655129698 -83.3356539205 -13.239113846 0.00904818104343
351 3.68636172994 -83.9059520848 -12.783240124 0.00962163615774
352 3.02112774088 -84.0689259388 -12.3248823882 0.00572507077416
353 2.29672022339 -84.4490751941 -12.308726409 0.00652541330091
354 1.50131704465 -84.4783522972 -12.4686211951 0.00222865438092
355 0.993854774785 -85.0800477756 -12.6579662223 0.00546720092151
356 0.468170400901 -85.433158755 -13.1537566242 0.00530985803588
357 0.30392427027 -85.8025807575 -13.8395036893 0.00759176915039
358 0.670268695573 -86.4921836462 -13.9252780436 0.00385936264715
359 1.2104214242 -86.9668230842 -14.2295386485 0.00506789259233
360 1.7445221737 -87.3825403532 -14.6051009265 0.00332735448439
361 2.29650961452 -87.5628302583 -14.0999722823 0.0034217068472
362 3.03284777433 -87.6178854532 -13.9036237578 0.0187643505283
363 3.63440516719 -87.6465414342 -13.4838830532 0.00374290369039
364 4.26824218163 -87.7673363348 -13.1485478819 0.0076510022438
365 4.77706294538 -87.4004823159 -12.8103868718 0.0158676872206
366 5.25812810331 -86.9263696099 -12.7547638338 0.00237883736958
367 5.30528052564 -86.2909891862 -12.5407740087 0.00758229906688
368 4.7258050972 -86.5800580446 -12.4604357041 0.0109691825207
369 4.61909933044 -86.8077481528 -11.8912485607 0.005648432432
370 5.14209272396 -87.0751581401 -12.0290522124 0.0115650929697
371 5.67471104615 -87.1249737524 -12.203849764 0.00687556429057
372 5.60738306945 -86.6596482499 -12.4611616073 0.00782501783161
373 5.3982588857 -86.764269639 -12.9064025591 0.0145891886955
374 5.16990984463 -87.0921610348 -12.7432821262 0.0145893586905
375 5.47978578605 -87.1683464166 -12.8696268919 0.0172512452833
376 5.60345921442 -87.1592071059 -13.0737492773 0.00846009682781
377 5.64554418704 -87.3398031606 -13.1287288299 0.00607837391902
378 5.55261321738 -87.4628003102 -13.1805436001 0.00732218613836
379 5.47035585997 -87.4284758658 -13.0890225344 0.00798992524917
380 5.44021490196 -87.4337491528 -13.1777908943 0.00793528640411
381 5.47798889503 -87.4067272703 -13.1339216401 0.0157724544657
382 5.48877372271 -87.4199582721 -13.1374582831 0.00539384434106
383 5.48437443356 -87.4157668547 -13.133715437 0.00676041811646
