92 -1.90073135811 8.20987820534 -9.44608892701 0.00837872370931
91 -1.90048738592 8.20488292739 -9.45456838429 0.0130319785953
90 -1.88060248768 8.16832910673 -9.45267994864 0.00788031809585
89 -1.94920846594 8.17104382827 -9.45773094851 0.00890842538945
88 -1.88149217394 8.12723124215 -9.52194097653 0.0123329214507
87 -1.84491927653 8.0510699616 -9.65725865623 0.00426303237023
86 -1.80178118779 8.05407243233 -9.83286449183 0.0140458689765
85 -1.57316039874 7.93904970952 -9.82019435472 0.0106342531189
84 -1.54937326363 8.18598221995 -9.6166411143 0.0128779427677
83 -1.86703512341 8.4294935911 -9.55898803653 0.0145228963122
82 -1.45907313985 8.49227792416 -9.31806732172 0.00874910957711
81 -1.88439669463 8.5609816387 -9.030799259 0.0212100351608
80 -1.75213885403 9.10892209937 -9.23114255523 0.010034313056
79 -1.31956356268 9.5610865837 -9.30055401936 0.00694122219725
78 -0.97386705696 9.707111833 -8.769595315 0.00827632258736
77 -0.315769849881 9.60096761438 -8.84354208234 0.00649750772908
76 0.225969407499 9.30885559342 -8.53965686287 0.0111572526932
75 0.555414969083 8.68286256316 -8.60119993711 0.00721805239198
74 0.834469297663 8.5921150517 -7.937891431 0.00389155073245
73 1.21552444737 8.60166957699 -7.31268463307 0.00573850014771
72 1.11178963855 7.87118918428 -7.24324511525 0.00367000644405
71 0.827427039066 7.18025533248 -7.24245719624 0.0106499917661
70 0.142741121931 6.85481073791 -7.33578623356 0.00538854218237
69 -0.595565246944 6.74517940307 -7.13977791645 0.0109187220014
68 -0.746061212254 7.07255292027 -7.84000932281 0.00525131121362
67 -1.02359806378 7.51808892306 -8.43522219848 0.00193383370361
66 -0.369148391154 7.6703319197 -8.86099249821 0.0218614556191
65 0.282177610228 7.68127552903 -9.36098552043 0.00511673849926
64 -0.409047073472 8.00804575271 -9.67235887844 0.00917077200828
63 -1.0250880536 8.36715814839 -10.1043500239 0.00732385233065
62 -1.83202756716 8.39822800807 -10.3333015259 0.00454897155062
61 -1.93852092631 9.20005178359 -10.5703858427 0.00676778374068
60 -1.60814895699 9.92963725858 -10.8488986138 0.00403648498729
59 -1.65777247185 10.6166082489 -11.3489824802 0.00711517345614
58 -2.33417951246 10.7294788115 -11.861311264 0.00638484954112
57 -2.95790970065 10.1433888506 -11.7814034458 0.00578399495191
56 -3.61203603836 9.73708175903 -11.3907724553 0.0102591854444
55 -4.31766471756 9.61335362523 -10.8978656482 0.00376471899898
54 -4.80152315351 9.7052305672 -10.1780581616 0.00537678068764
53 -4.83476626003 10.0769456287 -9.38637967936 0.00656536548204
52 -5.14324747415 10.6992981662 -8.84938678219 0.00829245728242
51 -5.02775330159 11.4918713376 -8.48064896681 0.00481527836568
50 -4.93040287185 11.8867805301 -7.69485411109 0.00618989593325
49 -4.74933197845 11.8344242179 -6.82728056553 0.00191680642283
48 -4.97031651408 11.6512690651 -5.98634303017 0.00608058244262
47 -5.39585937253 11.0976840538 -5.43369397679 0.00230026619518
46 -5.7971679238 11.7164702818 -4.93313661935 0.00460533661628
45 -6.2679223883 11.6563585263 -4.17581074095 0.00453913834575
44 -6.88471645441 12.2528213516 -3.92222696464 0.0097717753434
43 -7.34025102688 12.8808671546 -3.46882008373 0.0214428367015
42 -7.25735352472 13.7739631767 -3.34272880925 0.00197545315875
41 -6.67227593151 14.4606921894 -3.43000053731 0.00369251538394
40 -5.85752509628 14.7743244259 -3.67823445715 0.00448016102125
39 -5.28253618642 15.3798234648 -4.03777756144 0.00582094498409
38 -4.56034448275 15.8103917558 -4.3881348247 0.00234710644602
37 -4.32320077612 16.5502977636 -4.86513702603 0.0106750360734
36 -3.9857007833 17.3820824851 -5.0398687951 0.00226266327891
35 -3.39329871199 18.0614128132 -4.88174895271 0.00424253237918
34 -2.84741684994 18.7177351836 -4.54858239776 0.00452934781326
33 -2.03601975109 19.1302447549 -4.66338282942 0.00443708254889
32 -1.1993106196 19.4607378636 -4.8492784696 0.00934638651522
31 -0.33648990286 19.3316913967 -5.14450549532 0.00451408773759
30 0.24743150717 18.837442774 -5.65970726789 0.00271793860917
29 0.631394910872 18.0859002308 -6.03297231551 0.0054472530299
28 1.20198441056 17.5202505219 -5.57633672394 0.00698578637559
27 1.93004159074 17.3278728565 -5.03778346849 0.00138922404891
26 2.38436923256 17.3786171787 -4.77294646825 0.00212440275629
25 3.21737195241 17.5269752497 -4.33305427434 0.00388510272303
24 3.56135280831 16.7069877484 -3.98760978214 0.00869772776324
23 3.62191019889 15.8202634553 -3.63874693882 0.00357445962079
22 3.62791045102 15.1121709666 -2.99742483563 0.00601475323516
21 3.02662588514 14.6649436002 -2.40399801103 0.003610250061
20 2.39303779774 14.4266892379 -1.72850233473 0.00410879326006
19 2.20676431896 13.5556072541 -1.3802995927 0.00573338107332
18 2.54151278925 12.8109423685 -0.880995156365 0.00480817972543
17 2.88479754836 11.9327280797 -0.715832729058 0.00530888515741
16 3.24496460204 11.1452488065 -0.306428147449 0.00414867169401
15 3.7733646374 10.3515054307 -0.21327623414 0.00312785060903
14 4.30997877249 9.5671312625 -0.08987570945 0.00314401653197
13 4.83807650955 8.85108121481 0.267145449982 0.00602579125238
12 5.1091690507 7.96995758635 0.531866396088 0.00408565017044
11 5.334302369 7.05550701612 0.348495304004 0.00503980853803
10 5.33616445224 6.13684447939 0.0702664717296 0.00279774548351
9 5.45179494451 5.19461655055 0.213576229688 0.00278365018746
8 5.61768382389 4.27096476704 0.417273613771 0.00408626271246
7 5.66722013225 3.31626672694 0.511096358948 0.00324746528287
6 5.61387282437 2.38114490882 0.725404946287 0.00312221670808
5 5.00610061881 1.68019789014 0.976375235669 0.00668872480601
4 4.32463013947 1.01925432226 1.12919059806 0.00352767048064
3 3.44963697674 0.628089872838 1.20951011836 0.00456368054146
2 2.54420106253 0.374967970563 1.00490039756 0.0044745291519
1 1.7777037162 -0.0761346743887 0.636844294042 0.0145841872623
0 0.884893552605 -0.226373984333 0.307156596219 0.00207803089879
0 0.103375498958 0.926531512001 0.327134042383 0.00429183885236
1 0.0743459217021 1.87543554538 0.600620333208 0.00374359150098
2 -0.00430878461804 2.85613485422 0.68999802157 0.00516237788997
3 -0.0530759491823 3.84273028433 0.681109114672 0.0054834582785
4 -0.0882303082891 4.81971743251 0.539782484443 0.00396601434595
5 -0.119346856132 5.80689380704 0.528399899324 0.0118078938982
6 -0.155479011323 6.78488265453 0.661006478461 0.00393569636997
7 -0.219440664666 7.75020807128 0.859314607767 0.00312697138086
8 -0.325071651785 8.66395274832 1.21868712991 0.00697035562493
9 -0.605586527432 9.5147303234 1.6341149951 0.00275464578432
10 -0.964204666349 10.3114898029 2.0941265667 0.0028423871585
11 -1.19129038229 11.12578402 2.60437563372 0.0055868205982
12 -1.42587137184 11.7943950942 3.29204368624 0.00701230276859
13 -1.78315000177 12.3992124394 3.98583071529 0.00315430135959
14 -2.30689232307 12.8887420277 4.66462545924 0.00559685923905
15 -2.87575900155 13.4789577455 5.2146603619 0.00629793233739
16 -3.51619406727 14.1079994102 5.62507229119 0.00341540414142
17 -4.13716561603 14.6204416778 6.19609859046 0.0029268357038
18 -4.86801098169 15.1187034752 6.63398161674 0.00401016733655
19 -5.6760945224 15.4993126439 7.05370970078 0.00223508750167
20 -6.41555225546 16.1112243308 7.28325020453 0.00449311456222
21 -7.20279808023 16.6737937115 7.47705824538 0.00638406511345
22 -8.03457415032 17.1803304433 7.63581029136 0.00243167498615
23 -8.8712793199 17.5039869696 8.04667111073 0.00395099886302
24 -9.73593042725 17.8010576107 8.4176792822 0.00650637712924
25 -10.6556228771 17.9173312672 8.75529684188 0.00343724658182
26 -11.6393026499 17.8754914388 8.81711930193 0.00315256809114
27 -12.6222940597 17.9436437138 8.86399762205 0.0020475022829
28 -13.6071480498 17.9928120661 8.89053985192 0.00604888836166
29 -13.9853583518 17.9898486754 8.94612717354 0.0034905461673
30 -14.9029108058 18.0282152409 9.30215074048 0.00678118530512
31 -15.7125888351 17.8989896937 9.84779188612 0.00388281603846
32 -16.4989580965 17.7340297147 10.4172689865 0.00416021085652
33 -17.2677975305 17.5831550948 11.0138416619 0.0045566039803
34 -18.0305904807 17.9011224288 11.5492263872 0.00439756930021
35 -18.7420838797 17.9583033925 12.2274959221 0.00474067388338
36 -19.4298345974 17.8429909742 12.9225511093 0.00599514839125
37 -19.9506820251 18.4582617167 13.4875950519 0.0054484162585
38 -19.7569986088 19.0808864439 14.2250767868 0.00397601376522
39 -19.7124696542 19.7007342202 14.988456111 0.00322397053598
40 -19.6674285892 20.3777652503 15.7014733197 0.00110071004511
41 -19.6142795341 21.1308936231 16.3328759243 0.00381323856962
42 -19.5679388655 21.9013115326 16.9434996648 0.00423126340139
43 -19.866798682 22.7027066579 17.430101726 0.003789210469
44 -20.0290754381 23.4344061542 18.0677358806 0.00627255301533
45 -20.1950191888 24.2071692572 18.6536895122 0.00372536301218
46 -20.4018283805 24.9253740325 19.2935015334 0.00206365239195
47 -20.3493937064 25.7500369315 19.8273433158 0.00480053492785
48 -20.3269083443 26.5444397584 20.4070688569 0.00491654486139
49 -20.4230706776 27.4663382014 20.7360283859 0.00301160633743
50 -20.5827950834 28.2777688715 21.2683972585 0.00258916557218
51 -20.7948320588 28.537784531 22.1930651612 0.00486082383777
52 -21.4766006646 28.585310409 22.9002659118 0.00515911706262
53 -22.2247836271 28.8121786853 23.4966554626 0.00316298920538
54 -22.9285796314 29.0526584384 24.1398382399 0.00423064043833
55 -23.5686979578 29.2075871152 24.8699068097 0.00182613941177
56 -24.1846559546 29.2865411255 25.6321901901 0.0107846952293
57 -24.954181639 29.4380079704 26.224692063 0.00502358568792
58 -25.691451952 29.3662239668 26.8706760693 0.0144807042381
59 -26.5138628031 29.0379411745 27.2963247141 0.0026158311964
60 -27.3907417524 28.617731086 27.4363631434 0.00454376314819
61 -28.2248979884 28.1115172293 27.5497088368 0.00505455901236
62 -29.013409647 27.5840536997 27.8042153045 0.00391991463818
63 -29.7018086625 26.9865664867 28.1699187564 0.00668760505257
64 -30.109544606 26.2075700059 28.6072945 0.00578118250671
65 -30.4599096557 25.4500815898 29.1246363945 0.00446701771965
66 -30.7849224581 24.6065009694 29.5076002038 0.0079691830634
67 -31.0532314583 23.7599656883 29.9259156644 0.00575076244456
68 -31.4245955962 22.8604479051 30.0532179404 0.00277944932459
69 -31.5403816961 21.9910465116 30.4936445432 0.00533222480295
70 -31.7000008872 21.0374329156 30.6611033982 0.00483349390233
71 -31.7651665685 20.1445310248 31.0626623305 0.00386454270159
72 -31.8540002748 19.2224781737 31.3859066228 0.00759484762093
73 -31.764633819 18.3482853767 31.8218783273 0.00217675909904
74 -31.5607371524 17.4718133814 32.2122235069 0.00493853251546
75 -31.338191068 16.5935876507 32.5878615056 0.0101875074652
76 -31.1182896379 15.7064996436 32.9430265375 0.00748030902378
77 -30.8079909865 14.7864037032 32.808368402 0.00431739888309
78 -30.5544581969 13.8396717042 32.8222776088 0.00264563225083
79 -30.1080602636 12.9707563001 32.9020531526 0.00563549658472
80 -29.1729711459 12.9307179895 32.6114824211 0.00375884075957
81 -28.231172575 13.1293297078 32.4277050552 0.00407415469121
82 -27.3728734248 13.5068642692 32.1434082545 0.00373185955111
83 -26.5030145656 13.9124494583 31.9467770835 0.00360705830169
84 -25.6997541509 14.3675985374 31.6192184188 0.002954567606
85 -25.0354825779 14.9433228206 31.1869307548 0.00447348889531
86 -24.3369044384 15.5066709336 30.7945498838 0.00455571995944
87 -23.8763046836 16.275847096 30.400448089 0.0103964363013
88 -23.4126461136 17.0476197689 30.0158235375 0.00402677785628
89 -22.9029115872 17.7958215912 29.643410441 0.00930823388813
90 -22.5033188347 18.5561956804 29.1743271691 0.00199370539916
91 -22.2332428282 19.3941965162 28.747057561 0.00461694517481
92 -22.1389472823 20.2643775782 28.3095749115 0.00458812591614
93 -22.1850213488 21.1542688327 27.9056041758 0.00546212046116
94 -22.3743186346 21.9706875613 27.4010157959 0.00235088665738
95 -22.4608954318 22.6817001239 26.7347152226 0.00348743627942
96 -22.6397958972 23.430053319 26.1308151497 0.00345366984284
97 -23.0595663947 24.2105112572 25.7172123784 0.00292483993896
98 -23.0142212165 25.1463380515 25.9970722317 0.00257441646114
99 -22.8710205844 26.1118992103 26.0529954502 0.00363004765359
100 -22.5844355221 27.028690914 26.2349668733 0.00229544721826
101 -22.3651396417 27.9467600728 26.4893256391 0.00368052740029
102 -22.1483445277 28.8227450499 26.864998477 0.00569829151009
103 -22.2705069526 29.7017479704 27.2743742586 0.00608528960743
104 -22.5500237282 30.6146722707 27.4820536642 0.00339968443049
105 -22.4610354656 31.5343965546 27.7994106592 0.00630538098304
106 -22.6565786916 32.4913469232 27.791386481 0.00443632156306
107 -22.8308121172 33.4519727233 27.7665409224 0.0065933341509
108 -22.8218072835 34.4283141469 27.7608924119 0.00254245108205
109 -23.1426147101 35.3501416094 27.7383341371 0.00396445765936
110 -23.5473606525 36.2357458114 27.6688770478 0.0097300243674
111 -24.033399193 37.0585985806 27.4713799895 0.00414123497852
112 -24.4225644488 37.9495774525 27.3893523386 0.00806510920842
113 -24.6888481776 38.8870528779 27.4306151911 0.00409487219362
114 -25.0505664443 39.7905898095 27.3676012601 0.00514515105109
115 -25.7432201945 40.4647126751 27.4965654203 0.00451871366569
116 -26.5008883992 41.0574131241 27.3378924193 0.00449477179707
117 -27.3526128566 41.5291897258 27.291146369 0.00489220181847
118 -28.2482280826 41.9027650898 27.3814859114 0.00500032357058
119 -29.1747022966 42.1985246847 27.4419070753 0.00616905146194
120 -30.1415566852 42.2059436459 27.3228643569 0.00413712243982
121 -31.0900844517 42.3910152551 27.2013356986 0.00503490831958
122 -32.0541909319 42.5270309605 27.1831240197 0.0157004027268
123 -32.9813665556 42.2314792437 27.1724560798 0.00507396381505
124 -33.8711249116 41.844013924 27.1022981793 0.00858115684892
125 -34.6206897823 41.2376167236 26.9739414459 0.00346283121824
126 -35.4304646337 40.7055701817 26.8906371946 0.0038538072449
127 -36.1929298859 40.112138366 26.9998179287 0.00490537893871
128 -36.8971241658 39.7017192289 27.5298614125 0.00362544375719
129 -37.8129314312 39.4117953423 27.6780868338 0.00567623475122
130 -38.6302051751 38.9118111043 27.8403489532 0.0100963741304
131 -38.6819951479 37.9882222204 27.5441526864 0.00370288651438
132 -38.6865092267 37.0968283262 27.1587187697 0.00580156074208
133 -38.3877636889 36.3415727304 26.6266318158 0.0062983555096
134 -37.9870629377 35.6442755758 26.0830938979 0.0076223112939
135 -37.6070969676 34.9681503962 25.4999642623 0.0036370619533
136 -37.0256205104 34.4796284257 24.8962462177 0.00462116612943
137 -36.429302743 34.224017813 24.1751123547 0.00162260285568
138 -35.704644998 34.1329359296 23.5369340183 0.00430635870316
139 -35.1836328036 34.5421385138 22.8287819083 0.00475327795339
140 -34.4572897408 35.1795222162 22.7541279024 0.00435002428883
141 -33.9371609434 35.9314632366 22.4329933373 0.00366810139332
142 -33.4684442456 36.3724918555 21.7084583225 0.00488467752007
143 -34.0178514263 36.3578435311 20.9105123502 0.00426416905719
144 -34.6225762882 36.6819003849 20.226799461 0.00339108604832
145 -35.2965762983 37.0153878704 19.6166943349 0.00760078662916
146 -36.1137843251 37.3093182444 19.1894998376 0.00984710912411
147 -37.0144322696 37.3358391812 18.8377498915 0.00384516598974
148 -37.8559317485 37.0552546764 18.4525804621 0.00140552417131
149 -38.8036029287 36.8755521243 18.3853750464 0.00115429030052
150 -39.7458215524 36.6814385375 18.2888784262 0.00490887724004
151 -40.626403769 36.5952518136 17.8996164984 0.00599929875838
152 -41.3381164667 36.1253680773 17.4452653322 0.00446387639602
153 -42.0350655994 35.7111848385 16.9198688736 0.00232048665786
154 -41.9058994058 35.6211190482 15.9664613739 0.0127392919742
155 -41.7139142222 35.8432798504 15.0466777163 0.00977312928925
156 -41.4646928674 36.2347923408 14.2008150607 0.00323741595348
157 -41.0347209143 36.441933875 13.3625563854 0.00474502122416
158 -40.9403559947 36.4574806009 12.4028779462 0.00545539569558
159 -40.5836150306 36.5610227439 11.513329919 0.00400197601731
160 -39.9883848525 36.6561809637 10.761575004 0.00303209736008
161 -39.2124669786 36.7118365435 10.1935520948 0.00256619202893
162 -38.3578203023 36.8924035942 9.78829127556 0.00263585962713
163 -37.6036018538 37.1318417692 9.23974527295 0.00605284169358
164 -36.8668233144 37.6589745979 8.91523749408 0.00472537794418
165 -36.3326025245 38.4153660902 8.65485482907 0.00469751219207
166 -35.8427460183 39.1973402965 8.38425103014 0.00204017764017
167 -35.5813428863 40.0622521802 8.05558460533 0.00411429196917
168 -35.3295994052 40.9886730126 8.01005147753 0.00151456951959
169 -35.3771766781 41.9471618323 7.95983430099 0.00542652106067
170 -35.4846793672 42.8514044328 7.65388736922 0.00280069425254
171 -35.5606232861 43.7288887882 7.27083907795 0.00492315979287
172 -35.5417150473 44.5128575353 6.71677575031 0.00563314245417
173 -35.5917076707 45.1080946322 5.96535261698 0.00157544974666
174 -35.5892873176 45.1655286605 5.90977966356 0.000205815614102
175 -35.5709255113 45.889633896 5.28209754929 0.00560777098285
176 -35.717843024 46.7742081055 4.94549889723 0.00409992459581
177 -36.2815385994 47.4880890917 4.64672458258 0.00149080031183
178 -37.1640728564 47.7220212783 4.3589808235 0.00372688725795
179 -38.0782575841 47.9632439008 4.21149109339 0.00634181435499
180 -39.0317659417 47.8961072343 4.18190126278 0.00363103404648
181 -39.894495298 47.4972721607 4.07908029372 0.00337592479834
182 -40.656599356 46.9994130803 4.37026811891 0.00378878693078
183 -40.9970875443 46.1069292655 4.3844239171 0.0141130745437
184 -41.29440547 45.2126390604 4.53257470368 0.00284239740541
185 -41.4120567772 44.2878621175 4.33123349812 0.00288594461181
186 -41.4165897183 43.3495929215 4.50051005028 0.0060861469012
187 -41.7147169934 42.5091896192 4.83639038675 0.00362311976379
188 -41.9406168015 41.6125868756 5.06495087346 0.00479599602284
189 -42.0388474639 40.6661901462 5.09345474639 0.00478893827981
190 -42.0088489017 39.7423505778 5.31895977612 0.00464899845811
191 -41.7391809189 38.8305617755 5.32948228748 0.00619881209328
192 -41.1951239577 38.1112002047 5.62872389315 0.0111649123018
193 -40.4422139035 37.6164220371 5.92691024194 0.00625841553987
194 -39.6957792928 37.3652225219 6.45533824036 0.00482175261951
195 -38.9256076988 37.7232562218 6.87590444416 0.0231384037641
196 -38.3315724454 38.3787532551 7.2075148865 0.00282444829946
197 -37.7359531942 38.8340055935 7.78212013496 0.00885568913064
198 -37.266300997 39.5722628339 8.1341511859 0.00237320644754
199 -37.3867575134 40.3491710681 8.65478518885 0.00795093383723
200 -38.0459036925 41.0089223127 8.78436967279 0.00716785858013
201 -38.823992901 41.5314350913 8.70648489746 0.00349129593056
202 -39.6902154284 41.8708499094 8.57237084166 0.00353117233446
203 -40.5558764962 42.1011382254 8.28914037038 0.00588265776939
204 -41.4805701306 41.9687712189 8.19879087889 0.0036779384866
205 -42.3243476929 41.5939545652 8.36377247277 0.00280720819275
206 -43.0824879885 41.0763702968 8.55391459852 0.00526975721081
207 -43.7312935904 40.4837872563 8.87828099685 0.00894374222487
208 -44.2947486629 39.851595064 9.27502045171 0.00500919591684
209 -44.5279532366 39.0588497088 9.71106157473 0.00521425891815
210 -45.132375321 38.3947912276 9.96531636971 0.00884478377097
211 -45.9074958595 37.9434537005 10.2169893751 0.00394038640493
212 -46.6051786371 37.3298172299 10.2718096708 0.00380825359323
213 -47.3420647937 36.8233085331 10.0158720798 0.0106685628914
214 -47.8179791004 36.1387626598 9.60825676714 0.00113195790626
215 -48.2399136729 35.3946482534 9.24909952221 0.0122847949207
216 -48.449734026 34.8025144787 8.5694575606 0.00545415947657
217 -48.8170099218 34.2961002534 7.88905190973 0.00629785858058
218 -49.0520906231 33.6294534988 7.29603034677 0.00349803343905
219 -49.4864897812 32.9369160795 6.87044854643 0.00385704182794
220 -49.1057484775 32.6270174227 7.64999919842 0.0064896917596
221 -49.1695746493 32.6292402156 8.56772271231 0.00281465954935
222 -48.8728042141 32.6261056417 9.43760734334 0.00482309566131
223 -48.6049704636 32.6969301842 10.3126853468 0.00673485124112
224 -48.7796762691 32.74558407 11.2106986282 0.00685733645579
225 -48.8135513578 32.5947209566 12.1117822177 0.00317893320617
226 -48.7787352461 32.6203067448 13.0241372331 0.00602354710105
227 -48.9235478658 32.7791747062 13.9099836159 0.0044668104304
228 -49.078971331 33.2197333613 14.6908765139 0.00243025746308
229 -49.4308784759 33.444284734 15.4986728553 0.0133123767386
230 -49.7747744434 34.0008280396 16.123460012 0.0115388273226
231 -50.237145996 34.5720708135 16.6438009784 0.00892056441998
232 -50.6890286149 35.1038641939 17.207825495 0.00508539476128
233 -51.0226695497 35.8925143342 17.4679294127 0.0022058880862
234 -51.3487687196 36.44193723 18.0941219108 0.00614523931509
235 -51.8300275348 37.1813836976 18.2224013081 0.00478977491583
236 -52.4891306791 37.5573959843 18.6872531552 0.00656301225662
237 -52.9940202387 37.9070091997 19.3278112453 0.00555885587494
238 -53.3703503217 38.6683970527 19.0815010638 0.00321597755222
239 -53.9366958231 39.3191829144 18.8943216154 0.00760733956757
240 -53.9546635263 39.3340043352 18.9101657342 0.000107748010769
241 -54.4876919394 39.7643089727 19.4305469806 0.0048033361316
242 -55.2995648567 39.9027592809 19.6666936898 0.00486289390579
243 -56.0141719641 39.4605922133 19.8158924309 0.00200448518522
244 -56.2963473428 38.6729397521 19.6543387869 0.00749973393657
245 -56.7479123022 37.9696262991 19.5182465044 0.00686633169086
246 -57.1899111295 38.1053948667 20.2227632566 0.00409821857834
247 -57.5159769123 37.9364800887 20.9778740613 0.005774130876
248 -57.9993726334 37.5664622736 21.5485893052 0.00840146717408
249 -58.5336261146 37.0129216099 21.8511714695 0.0106098842711
250 -58.8119332679 36.2531778904 21.9612194223 0.00522267493347
251 -59.3230401539 35.7890968428 21.5342164899 0.00670593860125
252 -58.8751613189 35.2609805658 21.9440233637 0.00704998994365
253 -59.3573187114 34.9774075221 22.507849927 0.0112220316125
254 -59.850531835 34.5046894769 22.8834172113 0.0110929164472
255 -60.2470563935 34.2625360974 23.4906226729 0.0073647615485
256 -60.989545651 34.3484846253 23.5752940017 0.0105334430277
257 -61.3414451059 33.7791941644 23.8788373503 0.00519787238975
258 -61.2564095559 33.2429885891 24.3608019056 0.00642671703854
259 -61.0360797576 32.7268637696 24.8015980624 0.00408087246625
260 -60.4993465596 32.2734839424 24.8568565237 0.0095068477484
261 -61.1307649339 32.3495602176 25.1089871332 0.00534409278993
262 -60.697499942 32.8478320978 25.2296370253 0.0060750903648
263 -60.4082056995 33.3984379018 25.4376328644 0.00642074161793
264 -60.476858417 34.0289335534 25.3674810383 0.0116933929196
265 -60.9102686753 34.2196019821 24.9944755197 0.00579913809922
266 -61.1529342241 33.7096990106 24.8510795428 0.0076956990262
267 -61.4098415453 33.230821983 24.7423725465 0.0119044663299
268 -61.438006022 32.7979980314 24.483829056 0.0177116049745
269 -61.8294925706 32.7151655545 24.6058013469 0.0153847499216
270 -61.63227509 32.8421653881 24.8260593547 0.0217321183757
271 -61.5208882785 33.004230559 24.8246732112 0.015075535645
272 -61.5779937516 32.9731225548 24.7203695381 0.0219274305021
273 -61.5735327276 33.0046244761 24.6962021367 0.00638089307449
274 -61.5510886884 33.0091334076 24.6978160479 0.0069356901866
275 -61.5552903486 33.0071837833 24.7048300171 0.00755743381199
