23 -1.86211193947 -0.858286561887 1.16385745982 0.00887932262612
22 -1.85581755045 -0.853744360077 1.15645104862 0.00731361868477
21 -1.85335282171 -0.857695411397 1.12963509348 0.011287460728
20 -1.90699913463 -0.873170691046 1.15722933249 0.0090105386374
19 -1.97539406819 -0.806495257654 1.14474485808 0.0110457564389
18 -1.94196865298 -0.754120710547 1.01362993074 0.0111960265421
17 -1.80635266876 -0.75335993412 0.864999392834 0.0111707665643
16 -1.60172019787 -0.89041430976 0.955397773468 0.00731145021919
15 -1.33149182781 -0.944747226448 1.08953022365 0.00926590849069
14 -1.24145215037 -1.26093529915 1.25094891779 0.0105761567509
13 -1.49387593464 -1.5417723125 1.45475390283 0.00860928435892
12 -1.16403549598 -1.87313625081 1.39065400741 0.00751970086931
11 -0.742082735943 -1.76633984093 1.13046942215 0.00684248093225
10 -0.6557601541 -1.35757668856 1.46689675469 0.0135158970003
9 -0.562352168264 -0.973462843733 1.90158336864 0.00968459377555
8 -0.905533126031 -0.532007322204 1.63643533455 0.012248230567
7 -0.728525025471 0.0514342875285 1.40008186135 0.00772723140131
6 -0.536885770573 0.590642438017 1.04431687566 0.0057741053866
5 -0.380812768867 0.859965878251 0.430517958587 0.00481276419652
4 -0.596000986433 0.43738025426 -0.0823320139681 0.00679147705589
3 -0.327819859587 0.256354982306 -0.717658551186 0.00404146981334
2 -0.364412272422 0.639675603785 -0.108419566847 0.0063502720101
1 -0.00771115326057 1.2721688766 -0.195329331309 0.00328353320787
0 -0.0771328841727 0.693880746515 0.257348915979 0.00401724877847
0 -0.774432864574 0.391934934268 -0.481494377285 0.00328960786204
1 -1.58477658355 0.701719208865 -0.963717326848 0.00660459937649
2 -2.47685757111 0.819347735715 -1.38256599015 0.0129888350443
3 -3.34014470156 1.02666607997 -1.82607719058 0.00711335711674
4 -4.21676513644 1.08783471846 -2.28723995944 0.0050386012318
5 -5.06952862133 1.03307977291 -2.79184787845 0.00565259544162
6 -5.90167803706 0.975983738163 -3.32947986752 0.00408531324139
7 -6.62092869697 0.521573516956 -3.84028232809 0.00253210050297
8 -7.32889233828 0.0864375446072 -4.38264247529 0.00752976631885
9 -7.99671322297 -0.316972352826 -4.99576972774 0.00317378902215
10 -8.58609010802 -0.789511425778 -5.63917168366 0.00564244827906
11 -9.22800843662 -1.26059605281 -6.23125763959 0.00487880576691
12 -9.78812584454 -1.91354364126 -6.72561746282 0.0107563852676
13 -10.381841129 -2.57025593656 -7.17345961288 0.00114881997594
14 -10.8670178948 -3.32574312842 -7.59554393303 0.00389217592385
15 -11.250218274 -4.11767116023 -8.05411171269 0.00176393081343
16 -11.5084482754 -5.0212778259 -8.37197986447 0.00359845008805
17 -11.7203601525 -5.94854850212 -8.65383707916 0.00374140149409
18 -11.8508762611 -6.89420628342 -8.92371341885 0.00472638898397
19 -11.892367939 -7.87285460265 -9.08054072092 0.00224444288407
20 -11.8162921095 -8.83243768345 -9.32025821721 0.0075190847302
21 -11.6720181306 -9.78344061797 -9.5626275474 0.00288957384393
22 -11.5579027295 -10.7576465991 -9.71034684158 0.00650802032855
23 -11.4981797411 -11.7398036068 -9.83541873953 0.00352131206247
24 -11.438205755 -12.7080337208 -10.0421586634 0.0417590875352
25 -11.3273088176 -13.5355249814 -10.3480920577 0.0068950543935
26 -11.0703607249 -14.4595455785 -10.5977338213 0.00215891171541
27 -10.7918066995 -15.3971870869 -10.7569580467 0.00407237278682
28 -10.3900469855 -16.2736280802 -10.9861046539 0.00292513681086
29 -9.96030448648 -17.1338403476 -11.2256556913 0.00365696108675
30 -9.51437626547 -18.017810843 -11.2669395447 0.00407463414291
31 -9.03739023872 -18.8716352763 -11.426244585 0.0273177761541
32 -8.90288389823 -19.1689906303 -10.4906853896 0.00481766722994
33 -8.80891061871 -19.4191361935 -9.53657805822 0.00415184565438
34 -8.67975981155 -19.6193667524 -8.57486256846 0.00311536631092
35 -8.62247340083 -20.2414354295 -7.80592382886 0.00697608353759
36 -8.67359502278 -20.9568634478 -7.12260491036 0.00278583382172
37 -8.90808126904 -21.7757062523 -6.61685864546 0.00303538024141
38 -9.01075461754 -22.5947555014 -6.06927148954 0.00295556974851
39 -8.88530361165 -23.5350685944 -5.78432590046 0.00323164982981
40 -8.71438073219 -24.4650657472 -5.48942900622 0.00522428679454
41 -8.58571721229 -25.4255123783 -5.28456970468 0.00366365999073
42 -8.42815968155 -26.3569135159 -4.98690242821 0.00595329177939
43 -8.61977326795 -27.3209862194 -4.86578077035 0.00185286194187
44 -8.61963496219 -28.2980260521 -4.70394583556 0.0108547265648
45 -8.55835443977 -29.2697490048 -4.52331104887 0.022416285886
46 -8.55170128527 -30.237513368 -4.31435386455 0.00400212831195
47 -8.56922585386 -31.1971007826 -4.0712483951 0.00958182691787
48 -8.59731885628 -32.1375369306 -3.76325311123 0.00358563248144
49 -8.48321085741 -33.0469301834 -3.38907420297 0.00361027528409
50 -8.22316598319 -33.9490492848 -3.07521065862 0.00413849315201
51 -7.89274441122 -34.8158376401 -2.72968182742 0.00604408889228
52 -7.49408892917 -35.6736422861 -2.43809594283 0.0106339974759
53 -7.2165382559 -36.5872792889 -2.17766595015 0.00516553839961
54 -6.78888494513 -37.4615117234 -1.99788846965 0.00741061909085
55 -6.14129962593 -38.177673668 -1.78083598724 0.00341905118358
56 -5.57166308634 -38.967558908 -1.60506165918 0.00854599379144
57 -4.96334963186 -39.7364019099 -1.47096708959 0.00431650051769
58 -4.25564443563 -40.4156622893 -1.34124489792 0.0131957514454
59 -3.53510195694 -41.0929471738 -1.31074640676 0.00520114842065
60 -2.76413206269 -41.6883466249 -1.13798291247 0.00241476669489
61 -2.06310517174 -42.3579767537 -0.940857972376 0.00459477636459
62 -1.26801678205 -42.8941066792 -0.697910227593 0.0029153862864
63 -0.415803010927 -43.3672583287 -0.529331791469 0.00402411945165
64 0.412517517047 -43.8455114775 -0.277028765602 0.00301587426285
65 1.31686110591 -44.1743527153 -0.0479793794342 0.00267738591362
66 2.21657273294 -44.2799572803 0.349252229055 0.00321350149451
67 3.11420767846 -44.1953255392 0.756017363235 0.00244142796669
68 3.98458308582 -44.173354043 1.22538631404 0.00535368622294
69 4.88684786224 -44.0196494822 1.60022710349 0.00289080556907
70 5.80563695489 -43.8449301243 1.92185318757 0.00466332059573
71 6.5593042055 -43.6185558204 2.52092787456 0.00413447972114
72 7.19446621362 -42.9052905671 2.2644470105 0.00415500799441
73 7.73760087407 -42.148882724 1.93165742819 0.00194183422989
74 8.13683509208 -41.3340257959 1.53859762375 0.00430750957871
75 8.40049122028 -40.4646854602 1.14805469002 0.00856004372323
76 8.73170749446 -39.6024460147 0.795279236979 0.00342885386007
77 8.93821354102 -38.6730998372 0.528457324064 0.00287186955702
78 9.65854399951 -38.1215035581 0.135566453121 0.00600308940835
79 10.3062501205 -37.5355024318 -0.327553288975 0.00451530970285
80 10.8675913629 -36.8932776374 -0.827319492758 0.00547761885629
81 11.1630945305 -36.4009688166 -1.63210333946 0.00376243712683
82 11.3726294262 -35.9130467504 -2.46597176753 0.0106355099956
83 11.5392947016 -35.5384681491 -3.36544371844 0.00509065307614
84 11.8973227481 -35.0548552575 -4.14959166406 0.00639873560911
85 12.1174997422 -34.4535433146 -4.90241714586 0.0141527492934
86 12.2886379539 -33.8366481318 -5.65517936859 0.00118825653822
87 12.4297779175 -32.8891022643 -5.89705362427 0.00158670634335
88 12.4648101216 -31.9270988091 -6.11965358358 0.00500484652685
89 12.3308159059 -30.9597886381 -6.26953587772 0.00311740375173
90 11.987020237 -30.0591964521 -6.48584061181 0.00381024899397
91 11.7308479463 -29.1195377545 -6.65129312173 0.00663934386812
92 11.4260087887 -28.2001009873 -6.84500058577 0.00256603379506
93 11.6126130897 -27.9970094893 -7.79370855248 0.00493840983858
94 11.7373445305 -27.9720159317 -8.77342624616 0.00522763566009
95 11.7775211761 -27.9961477724 -9.7601996706 0.023139022841
96 11.7619162607 -28.0117449265 -10.747571793 0.00596652055662
97 11.6895637624 -27.8614090908 -11.7209184214 0.00984886110223
98 10.8608826314 -28.3163742008 -12.0053891587 0.00349264160983
99 10.1288191272 -28.8758995114 -12.3597598512 0.00214803305111
100 9.490301806 -29.6131999597 -12.5119133994 0.00302244920568
101 8.90322250534 -30.3985642199 -12.6256212212 0.00640070071353
102 8.35692409474 -31.2203672476 -12.6461920811 0.00646656640357
103 7.8223600651 -32.0499505946 -12.656040026 0.00561578881404
104 7.36681906759 -32.9227457633 -12.5879508182 0.00145415027325
105 6.98519692745 -33.8284631749 -12.498898002 0.00274130147697
106 6.64468400291 -34.7515847131 -12.4232871262 0.00299884685845
107 6.46762835743 -35.7105399135 -12.2722671881 0.00400125114066
108 6.33267755896 -36.6182277879 -11.9095156794 0.0063972496365
109 6.13188420225 -37.5548058036 -11.6728678512 0.0042836101954
110 6.00494367925 -38.4735269423 -11.3363400474 0.00744381760609
111 6.1184026623 -39.3661644028 -10.9319059568 0.00610269287082
112 6.2847010918 -40.2651921659 -10.5615524858 0.0030496653813
113 6.36507348013 -40.5676689409 -10.2653325916 0.00140067668725
114 6.64308024066 -41.2624613985 -9.62342915734 0.00259797373829
115 6.78170670994 -41.8971397467 -8.88179329555 0.00449917341026
116 7.07139497114 -42.5956991251 -8.24937562216 0.00366309767786
117 7.52674414081 -43.0685937103 -7.51395175076 0.00555519157144
118 7.99425845582 -43.5073044598 -6.76519731806 0.00467421130147
119 8.53242267794 -44.0521168694 -6.14470885003 0.00527875261737
120 8.7593819434 -44.6472637208 -5.39259743059 0.00389082924239
121 8.98590918758 -45.2348909863 -4.63453999721 0.00358453618022
122 9.37255029914 -45.6841754931 -3.84724099463 0.00590174250647
123 9.73247844829 -46.1976129291 -3.08709388724 0.00378426539967
124 10.1089649454 -46.5338451603 -2.24083651474 0.00541132437669
125 10.283038864 -46.6320939157 -2.03549051453 0.000127461357932
126 10.9737288093 -46.9737566759 -1.42322855292 0.00349982660146
127 11.7303529334 -47.0383899456 -0.797222806404 0.00629143679268
128 12.4676452988 -47.0640728548 -0.146006634846 0.00409960111265
129 13.3633795878 -47.0368689863 0.260166914813 0.00309494966176
130 14.2268679301 -46.7907679175 0.662371855026 0.00423242307117
131 15.0377929176 -46.3753200353 1.03329990348 0.00697237481448
132 15.8677184268 -46.0237195266 1.42718562752 0.00468100987611
133 16.758611016 -45.8543776282 1.80798046058 0.00465262523113
134 17.612913734 -45.7159379412 2.27514736163 0.0124822074844
135 18.3932930931 -45.6391846738 2.86842460825 0.0108453553007
136 19.2066434808 -45.5332361539 3.41032511159 0.00392088409926
137 20.023650112 -45.3690907844 3.93168350161 0.00247643284921
138 20.8691361583 -44.9851476063 4.25387244867 0.00289157925004
139 21.6203674836 -44.4671078399 4.61891596216 0.00974377904113
140 22.4643366023 -44.0400867887 4.88522836407 0.0148149555154
141 23.2914269505 -43.583938663 5.15506674133 0.00385476087931
142 24.031799214 -42.9512361632 5.28276830972 0.00281903750045
143 24.787469705 -42.3405792432 5.42670832315 0.00169054895584
144 25.53049671 -41.7001671493 5.37811842168 0.00296873158234
145 26.1184153537 -40.9152354567 5.42997620559 0.00567073532072
146 27.0988901409 -40.9066301564 5.48302694527 0.0075724114257
147 27.9749883251 -40.9082680114 5.92627619507 0.00584169979611
148 28.894818488 -40.6538615476 6.15621462983 0.00469254377113
149 29.7235271491 -40.2173719565 6.4498461239 0.00441191666301
150 30.2207206851 -39.4330206231 6.76750924734 0.00474840981942
151 30.2764735545 -39.2766424607 6.79198585405 0.000632039032467
152 30.6191181479 -38.3702846446 6.93563583834 0.00279116824647
153 30.8526853191 -37.4260560898 7.05076963955 0.00273968914778
154 31.1175855354 -36.5008595645 7.23267361801 0.00311473851127
155 31.3997801639 -35.5713849778 7.35724963324 0.00376333431473
156 31.4650417367 -34.6825243926 7.76302450636 0.00658476362997
157 30.5454780879 -34.5564137579 8.07461624774 0.00273665201044
158 29.6371644946 -34.527370988 8.4387501395 0.0109011093616
159 28.8414583466 -34.3192602959 8.96934695433 0.00512750446575
160 28.0444300123 -34.2335155135 9.5307106634 0.00371187123712
161 27.3887345095 -34.4454439223 10.2255517211 0.00244596680781
162 26.8634542792 -34.8412869585 10.9500784883 0.00182493887178
163 26.5042226473 -35.3568993209 11.7001271922 0.00505994419257
164 26.4918709268 -35.9405072954 12.4852913965 0.00759621873868
165 26.6962668831 -36.3945608685 13.3272715662 0.00907515628023
166 26.8265261044 -36.909334487 14.1484686902 0.00623064839443
167 27.0997441233 -37.56609092 14.8191470263 0.00411117100831
168 27.5963298139 -38.1208840034 15.4524808446 0.0103367622202
169 28.0449302587 -38.5019452235 16.2326039327 0.00478816241133
170 28.7678183134 -38.6688669771 16.8683378155 0.00398375136984
171 29.4317875759 -38.5996752369 17.5816263919 0.00667172121178
172 29.9747406311 -38.5902766926 18.3935617478 0.00498144039387
173 30.477646201 -38.5313516067 19.2286991184 0.0173765293307
174 30.504958873 -38.5219685845 19.3253703776 0.000435813172271
175 30.7108551719 -38.2592613685 20.2412660327 0.013556799135
176 31.1475746593 -37.7219528782 20.9264891448 0.00385035846106
177 31.3118231583 -37.0065607159 21.566683785 0.00948133022158
178 31.3991109663 -36.2181800896 22.131168319 0.00395439454137
179 31.7371356979 -35.4883654424 22.6794309335 0.00311088759388
180 31.9053728769 -34.6500449375 23.1442705906 0.00317350083518
181 31.8860453942 -34.1712309994 23.9914615101 0.00425504153105
182 31.5651334221 -33.7844091069 24.8247648627 0.00471211313766
183 31.1039806577 -33.4007905435 25.5907332525 0.0023656438148
184 30.6882794076 -33.1014404003 26.4177843746 0.00395129927185
185 30.1339043166 -32.8552834928 27.1781037149 0.00562513722428
186 29.7481353303 -32.8917774498 28.0700686787 0.0029888653304
187 29.4139067634 -32.9561247931 28.9809393255 0.00599043684279
188 28.9846131228 -32.8001932164 29.8390383624 0.00474448898143
189 28.4779891708 -32.7475395577 30.666714023 0.0054904214286
190 27.7248345537 -32.8477513644 31.2720390593 0.00570404551374
191 27.2786823784 -33.5981683084 30.8467859651 0.00300060301918
192 26.7213158853 -34.2917694502 30.4582249981 0.00381002694645
193 26.3160787781 -34.7645487595 29.7132164794 0.00356538024341
194 26.0629489368 -35.3035457908 28.946475181 0.00425890527626
195 25.7772852484 -35.5823229528 28.0616192607 0.00510015297749
196 25.3469772425 -35.9419267013 27.2696705541 0.00431602486355
197 24.9396169836 -36.1322499883 26.4098992325 0.00207684139108
198 24.7508889359 -36.3444650728 25.4821889111 0.00568581502164
199 24.4911623938 -36.6401394703 24.5957345615 0.00910165938047
200 24.5251177207 -36.9711174658 23.6851606255 0.0038980087451
201 24.4041147774 -37.3152727027 22.7871900375 0.00297062609431
202 24.4297376642 -37.5962769138 21.860056873 0.0137854264379
203 24.5346938336 -37.9894441277 20.9813637568 0.00505230157463
204 25.1703892688 -38.598513374 20.5795769158 0.00142895499253
205 25.6557005194 -39.3141342973 20.1451304339 0.00584044566067
206 26.4707862915 -39.7764938671 19.9054010759 0.0038613646353
207 27.2330571606 -40.0863559875 19.3971298323 0.00330388950552
208 27.8502866248 -40.3582211803 18.7040128829 0.00485293176436
209 28.7805703323 -40.584025218 18.837515299 0.0043302038906
210 29.7322790165 -40.7512578103 18.840942434 0.00379992322328
211 30.6827038542 -40.9239914668 18.8531306335 0.00571706686814
212 31.4834979224 -40.3909253952 18.7682386731 0.00787826855742
213 32.3200498166 -39.9623869618 18.5484930116 0.0025120338368
214 33.1317085603 -39.5447492071 18.234968164 0.00415315648884
215 33.8147639746 -38.8637078536 18.2575380606 0.0033896101499
216 34.3467140354 -38.1087805392 18.5362503359 0.00121363495824
217 34.7571948431 -37.273020025 18.7880637756 0.00478690153179
218 34.9395726907 -36.3281067697 18.8481519326 0.00448450651099
219 34.9267788022 -35.3820188857 19.0324276705 0.0237605227822
220 34.9305183946 -34.4775860277 19.3612977895 0.0038444641958
221 35.0150164541 -33.5596169586 19.6366043787 0.00437339148354
222 35.1346597107 -32.6472101056 19.9162397713 0.00536243322817
223 35.2235998676 -31.7745304182 20.3097608489 0.00150253507885
224 35.2162563742 -30.8150474586 20.3669421061 0.00750660993223
225 35.0976067389 -30.0702558767 20.4386216531 0.00110594603033
226 35.1247532837 -29.1143160592 20.3871968641 0.00509093572757
227 34.6946135795 -28.2614807423 20.4505463489 0.0196065512351
228 34.2179732701 -27.6421800202 19.9003709197 0.00607625710422
229 33.6480284642 -27.2307018831 19.2535776474 0.0116141056634
230 32.7186940195 -27.0747751049 19.1059864133 0.00367920611318
231 32.0695465381 -26.9414440057 19.7919635167 0.00490126535961
232 32.3043864633 -27.3859106209 20.602133546 0.00504787914085
233 32.3453203321 -27.2931872187 21.5498626368 0.00827483064763
234 32.1829445727 -26.5924580411 22.173270909 0.00277812726017
235 31.960087812 -26.0035761434 22.8868532719 0.00544005307646
236 31.5165111359 -25.9319649645 23.7252683586 0.00450082885599
237 31.019808173 -25.9688384306 24.5350425159 0.00336007325209
238 30.688102076 -26.2476652663 25.3808639888 0.00437986408857
239 30.6501477725 -26.2576522357 25.6499142937 0.000787326973975
240 31.008273938 -26.4900141668 26.4885816734 0.0029988026005
241 31.0773332798 -26.7411617709 27.3925313249 0.00418403252464
242 31.4771840833 -27.1072133188 28.1602947464 0.0155791568658
243 32.3395553615 -27.2077628197 28.512349003 0.00356044931117
244 33.1878952472 -27.2395330779 28.9073000304 0.00320373153835
245 33.7580489252 -27.5806084599 29.5666894173 0.00382883927635
246 34.5945161354 -27.9070770494 29.8274062223 0.00395483588251
247 35.4719442296 -27.7275252487 30.0935103818 0.00695208303177
248 35.8432898248 -27.3829949293 30.8777856142 0.00423117624527
249 35.8653506007 -27.2623569717 31.8028172216 0.00763262707737
250 35.828640895 -27.5249349269 32.6959104741 0.00333328786292
251 36.410078503 -27.9444764579 33.2889362439 0.00511740150139
252 37.2403097868 -28.1377502131 33.6587602811 0.00781958922838
253 37.8567071264 -28.6540389391 34.1214504829 0.00545885784143
254 38.3381606614 -29.1035997717 34.7733627218 0.00261284409836
255 38.6744874582 -29.9002346621 35.1041255378 0.0120559796459
256 39.2008569471 -30.5964296055 35.4046691617 0.00412878633338
257 39.8295925278 -31.222492586 35.6555942063 0.00509240131467
258 40.3502972913 -31.9255317683 35.9430257085 0.00823494221659
259 40.470397142 -32.783497531 35.6368578308 0.00587812818792
260 40.3554421298 -33.5642298704 35.1688606919 0.00145150620941
261 40.3840285699 -34.1607656574 34.4724080298 0.00451766439759
262 40.6716388772 -34.8627741857 33.9591475723 0.00527916761824
263 40.8167796629 -35.4198936077 33.2481846903 0.00174806095166
264 41.1292082515 -35.9283069933 32.555461476 0.00615251047514
265 41.217362503 -36.2910219028 31.72241777 0.00285545618611
266 40.6722114895 -36.5068114822 31.0242052174 0.00629594906194
267 40.2317614668 -36.8173610424 30.2910534525 0.00537895262123
268 39.942565365 -37.1210527687 29.4852289508 0.00558710495599
269 40.0703261926 -37.7705280245 28.8662403702 0.00208876600628
270 39.2917045723 -38.1133928114 29.1752449922 0.00409501523919
271 38.4735485546 -38.3892317272 29.4422531232 0.00217772324654
272 37.6533635864 -38.4426423409 29.8164914242 0.00925482919202
273 37.2020697017 -39.1792554335 30.0680748561 0.00129305486809
274 36.9347216243 -39.5132131282 30.8600803531 0.0071503939488
275 37.1623784726 -40.3423449501 31.1144086694 0.00620353776671
276 37.2050299067 -40.5468031908 31.985067023 0.00475397658506
277 37.1379665838 -40.7254080931 32.857948954 0.00455149289642
278 37.0268783475 -40.8970222803 33.7258189914 0.0058454199977
279 36.8997642563 -41.2869052293 34.5145261246 0.00706623346614
280 37.6293229884 -41.0395020755 34.9503596151 0.00734315284309
281 38.017766147 -40.3597303792 35.3557635185 0.00897980505886
282 38.0863562185 -39.7301998666 35.9634073434 0.00358664496653
283 37.2617155617 -40.0070315042 36.0594712787 0.0048362727771
284 36.6089735414 -40.4053434493 36.4804905806 0.00337119317822
285 35.9342364172 -40.5721865268 37.0058592397 0.00610038730812
286 35.0677616082 -40.6066271541 37.0235566911 0.00465344741987
287 34.5094825501 -41.2584899555 36.9186067112 0.00494290687528
288 34.3316697917 -42.067025141 36.6792864132 0.0101840249225
289 34.3977477471 -42.9077754705 36.8210773608 0.00422868790899
290 34.9696044941 -43.4172687916 37.1956194252 0.00836950692925
291 35.5549685169 -43.9544846444 37.4878212532 0.0114717123177
292 36.1062236461 -43.8294628347 38.1070352647 0.0082580698558
293 35.8614109953 -44.1265283612 38.844567155 0.00295576336576
294 35.6212886053 -44.4986769142 39.5456626334 0.00748675158682
295 35.2784223289 -44.746610026 40.2509973386 0.0116492876829
296 35.5886075286 -44.4279452247 40.929173837 0.00467508679982
297 36.1666607444 -43.8709033794 40.9878027408 0.00624644265109
298 36.2702397109 -43.1929820649 41.3909787076 0.00607467383042
299 36.098615931 -42.4324196154 41.2784465608 0.00770646472252
300 36.3230765896 -41.7070277236 41.4468696489 0.006777801157
301 36.6915597398 -41.1029004998 41.7465355283 0.00578026630177
302 36.7339734302 -41.7493382808 42.1440863244 0.00765811520736
303 37.3143453805 -41.7482410857 42.6162616744 0.00333883702021
304 37.9016965747 -41.4762518172 42.9798417011 0.00324762860585
305 38.5672045302 -41.7915975137 42.9738134967 0.00847036541251
306 38.9079308902 -42.197302328 43.4641288925 0.0065557425543
307 38.3087852107 -42.2972193857 43.829283118 0.010084404601
308 38.3854492558 -42.1495185755 44.4968839574 0.0041206485554
309 38.545190973 -41.4970748507 44.5812568454 0.00805859171154
310 38.2121656611 -41.1605734047 45.0374254483 0.0114346270467
311 37.6425275581 -40.9934839885 44.8429341332 0.0366498552077
312 37.5913485275 -40.6848465609 45.2149607093 0.0164675651343
313 37.7260787824 -40.5310975631 45.5626085249 0.010661890714
314 37.6960728516 -40.4645289929 45.2372389095 0.0157764829531
315 37.679113665 -40.3547556738 45.4481684648 0.0162294390341
316 37.6210768139 -40.4886397737 45.4973239449 0.00982008625498
317 37.63516179 -40.3889303744 45.5383339422 0.0102343060829
318 37.6060445118 -40.449592073 45.5228572132 0.00596601651256
319 37.5766396049 -40.4216578605 45.5487832639 0.0120481055092
320 37.5665607891 -40.4236157033 45.5605271948 0.0113311759501
