136 -50.959425798 -8.73529006855 -20.872052265 0.00864943130132
135 -50.9599694813 -8.73551033863 -20.8617465424 0.0118372046379
134 -50.9269251465 -8.71527353197 -20.8607457157 0.00622626666795
133 -50.9094699341 -8.66900172372 -20.8275764574 0.00800706619447
132 -50.8383898085 -8.68370118463 -20.8798348206 0.0124870480331
131 -50.7945212178 -8.7400760226 -21.0043164222 0.00721357166046
130 -50.7961687728 -8.91880997923 -20.9978737365 0.00775239600468
129 -50.8237803716 -9.13439263978 -20.9676213568 0.0428239086765
128 -50.9128103915 -9.08692170197 -20.509153594 0.00658200353655
127 -51.2366890323 -9.42113420182 -20.3270643009 0.00818400406994
126 -51.2015670927 -9.60704381258 -19.8257600566 0.0199020595949
125 -51.1845015443 -10.1706325233 -19.5995408391 0.00413796452704
124 -50.8916464089 -10.0022268031 -20.1209717798 0.0092743658508
123 -50.7630196223 -9.81212215187 -20.7274705157 0.00995455164565
122 -50.6559578763 -9.14905823763 -20.6849470242 0.00951801709176
121 -50.5740983484 -9.27990381326 -21.3640646081 0.00899128087568
120 -50.9953472653 -8.84203464987 -21.7391701414 0.00908511556226
119 -51.287887279 -8.37894384906 -22.2238141413 0.00375938736012
118 -51.2926399971 -9.09943134608 -22.3805808195 0.00458289847739
117 -50.8981612764 -9.56437016319 -22.8096339299 0.00847256334444
116 -50.5583176916 -10.1616963567 -23.131424313 0.000166821492979
115 -50.5985482001 -10.2479325603 -23.1817061078 0.0131284067849
114 -50.9095542147 -10.9407506763 -23.6581631457 0.00387160646871
113 -51.5138872834 -11.5885642426 -23.8026773544 0.00153463209376
112 -51.8873950768 -12.3506151822 -24.0971917183 0.00478026672391
111 -52.4132247024 -12.8805152325 -24.6004375091 0.0118635778722
110 -52.9310791179 -13.514876711 -24.9839402705 0.00439724615689
109 -53.3121976862 -13.8045718018 -25.7535453306 0.00593020540948
108 -53.4714469159 -14.695464058 -25.8193028852 0.00648614130605
107 -53.5996374873 -15.5744646014 -25.6242463307 0.00202359833201
106 -54.0001207055 -16.3770683533 -25.7780082349 0.00981884800913
105 -54.2644128429 -17.2448568888 -25.6754342756 0.00479471722237
104 -54.3272179014 -16.336320661 -25.5947507027 0.00670477394804
103 -54.1372214679 -15.4473861414 -25.4808927079 0.00458116139694
102 -54.2680421828 -14.6530748602 -25.1755400065 0.00449720314007
101 -54.2519201633 -13.7196914849 -24.9679126473 0.00127897803962
100 -54.0069634832 -13.1619865145 -24.9330724404 0.0124595909431
99 -53.3767258575 -12.4396605783 -24.8663823533 0.0055729856689
98 -52.648236802 -11.9072362198 -25.1982910074 0.00302980402473
97 -52.1290993376 -11.2313447361 -25.643871909 0.00335760786115
96 -51.2621040173 -11.3700961627 -25.2509909105 0.00856426717938
95 -50.7390916985 -11.6064476619 -24.4779379125 0.00810296157413
94 -50.1981113256 -11.7224469524 -23.6892645502 0.00813208793069
93 -49.8947864743 -11.9656322468 -22.8070971842 0.00322031279775
92 -49.7087441368 -12.0864582596 -21.8686482793 0.00430593729358
91 -49.2996341011 -12.0634934687 -20.995494481 0.00580274612136
90 -48.8486710507 -11.7784817067 -20.1915803956 0.00622519722238
89 -48.7120771061 -11.4151103362 -19.3077831233 0.00451466666375
88 -48.6568516107 -10.68839637 -18.6747511213 0.00639242184492
87 -48.5121244739 -10.0932199198 -17.9279910688 0.00544005997555
86 -48.3440819208 -9.65149777025 -17.0852088819 0.00555467210246
85 -47.9512753606 -9.24151887288 -16.3030438687 0.00450926373122
84 -47.7029771292 -8.80581403175 -15.4764484369 0.00163600712811
83 -47.2255379931 -8.31993429743 -14.7903958125 0.00337719995644
82 -46.7361346652 -8.05423548265 -13.9997429938 0.00290882012566
81 -46.2886043669 -7.92351471222 -13.1522198601 0.00229274440587
80 -46.1464842007 -7.63910652583 -12.2384586466 0.00401317422645
79 -46.0644961021 -7.5740529487 -11.2763649132 0.0100526919054
78 -45.9954918741 -7.24016640659 -10.3701163378 0.00421324557433
77 -45.8047038006 -7.08315140306 -9.43364867863 0.0034764501538
76 -45.551563073 -6.45239134769 -8.74370952254 0.00705252162062
75 -45.2567903969 -6.09954409565 -7.8907463226 0.00302532388062
74 -45.0097361273 -5.49314243086 -7.17642561987 0.00704401834628
73 -44.9414659019 -4.8363495868 -6.4667311038 0.0115489696256
72 -44.764776401 -4.01129932056 -5.98859652979 0.00395912963736
71 -44.6389739832 -3.19015298442 -5.48776573776 0.00589621541686
70 -44.0978123773 -2.56901378563 -4.97509142791 0.0030042381334
69 -43.450879564 -1.97724906298 -4.5591755199 0.0238942203106
68 -42.6901357012 -1.43641120693 -4.28990781279 0.00160506074696
67 -41.9220206758 -0.906445462693 -4.01968987697 0.00526357641558
66 -41.2594164804 -0.218231441238 -3.8418868962 0.00265291810041
65 -40.4939621441 0.380016329796 -3.81593722145 0.00388273863592
64 -39.8105335065 1.05908886894 -3.68700144842 0.00531639751271
63 -39.1447710001 1.71044451636 -3.40800672972 0.00537369414464
62 -38.841870016 2.62138394552 -3.25251872777 0.00240547977509
61 -38.0957795033 3.16843258863 -2.95238339452 0.00413162720753
60 -37.377780005 3.80544918017 -3.11035953898 0.00130225461538
59 -36.5586368371 4.3144087497 -3.23815514968 0.00974157828379
58 -35.8137116121 4.93706396991 -3.30538213925 0.00458414338899
57 -34.9936953366 5.4486512946 -3.18983431708 0.00149594895546
56 -34.206033548 5.49631281249 -3.19593939775 0.00473435345608
55 -33.2533142464 5.3133249261 -3.08753105477 0.00394964131692
54 -32.3293058422 5.15551216122 -2.81454416228 0.00593384187378
53 -31.3889380236 5.06094117464 -2.5688768924 0.00624058198691
52 -30.4752138303 5.0407399902 -2.2243057327 0.00787499242328
51 -29.5138248015 5.08426423555 -2.05612290088 0.00357055040224
50 -28.6294749375 5.14509716333 -1.64502273358 0.0118667026604
49 -27.6916937554 5.0826465165 -1.37653166738 0.0131734607257
48 -26.7229745794 4.98710841659 -1.28377067343 0.00685744531584
47 -25.7884674751 4.6991306826 -1.3011995645 0.00383899561763
46 -24.8476500535 4.4381972777 -1.2417330252 0.00291099126972
45 -23.9325673378 4.2063803103 -1.49835662741 0.00587694663984
44 -23.0066770215 3.97068475305 -1.70921103748 0.00483445035753
43 -22.0963196039 3.81958390243 -2.03481198054 0.00369090001323
42 -21.2209106376 3.85197269541 -2.47124345306 0.00646381049823
41 -20.4314003432 3.7489060101 -3.04077006801 0.00404374700824
40 -19.7001676335 3.84320651616 -3.68497317785 0.00313916616356
39 -19.0302191121 3.82807718343 -4.39895220976 0.00568156951348
38 -18.4165114522 3.64238383109 -5.13924421942 0.00343388418384
37 -17.7584137418 3.43766152913 -5.83514706418 0.00513082493398
36 -17.1361090164 3.46933669343 -6.59102001571 0.00216479535161
35 -16.5192665007 3.59192438797 -7.34214820537 0.00597854989309
34 -15.8143656817 3.68800491775 -8.01581384896 0.00103881175289
33 -15.2290667948 3.83472047665 -8.78781975383 0.00539614728473
32 -14.5830709506 3.97621039196 -9.51099500401 0.00492941331488
31 -13.9647115651 4.19399562465 -10.2395299028 0.0045985274114
30 -13.2847460008 4.74155421979 -10.6849360023 0.00223361232464
29 -12.6174650334 5.40694041983 -10.9543448971 0.00674530107075
28 -11.9292819087 6.05693736331 -11.2089320506 0.00555581109449
27 -11.3069935886 6.69229775683 -11.6216290762 0.00427510000877
26 -10.8726718268 7.56803245231 -11.6977276244 0.00481290720953
25 -10.3248700895 8.37127135888 -11.5700862448 0.0152990485716
24 -9.66075644162 9.09200711982 -11.528094089 0.00225654660111
23 -8.90270382636 9.59442109397 -11.1601318247 0.00574085664891
22 -8.10854440959 10.1637675825 -11.0718626129 0.00581790776177
21 -7.36084744122 10.6832058583 -10.7056525419 0.00779544309027
20 -6.50229203509 10.995996275 -10.3473781707 0.00239634306516
19 -5.61659731669 11.2663692462 -10.0220334835 0.00393851912733
18 -4.72310059265 11.2500883391 -9.61581659686 0.0100061185495
17 -3.95931048959 11.2580173429 -8.99877788557 0.00770624966267
16 -3.30590485684 11.1002945373 -8.28270302186 0.00357336961129
15 -2.67894033086 10.9899589762 -7.53470813102 0.00397751899303
14 -2.17935814274 10.6992416577 -6.74043966363 0.00274294821244
13 -1.74259249159 10.417522883 -5.90678375519 0.00561463606517
12 -1.16079025091 10.1617610857 -5.15755135891 0.00127770500893
11 -0.774218086178 9.85616543536 -4.30750481953 0.0033158733007
10 -0.304260042715 9.29356954575 -3.6532985598 0.00198559518019
9 0.24634135284 8.68168845245 -3.11683323963 0.00515603188635
8 0.633619493228 7.99909230453 -2.52549991876 0.00649164621225
7 0.867311894468 7.15821455536 -2.0737503449 0.00360085095561
6 1.02763777408 6.29875200427 -1.62483644492 0.00548324436158
5 1.21668455279 5.46488830785 -1.1399982185 0.00772063398213
4 1.44071880414 4.53947446776 -0.895568465361 0.00257848990633
3 1.43458703454 3.60489480216 -0.590661458611 0.00550185225965
2 1.1597719497 2.67314727602 -0.439218970889 0.00604564580182
1 0.804534548842 1.77927423763 -0.235147900163 0.00775570178462
0 0.409881532575 0.88707861849 -0.111236355619 0.00462676279369
0 0.215327391631 -0.462909564002 0.834114714491 0.00257334952338
1 0.36581501585 -1.06499177195 1.58976275316 0.00260179646815
2 0.224303380814 -1.65458740835 2.35681270799 0.0028497393896
3 0.218761430432 -1.77168506592 2.52178267214 0.000900282043034
4 0.287192331256 -2.38064272551 3.28167049628 0.00859565831109
5 0.270817068653 -2.98741174323 4.04583081282 0.00479695060731
6 0.140085994646 -3.42270947928 4.90932100932 0.0056432175137
7 -0.0514590280822 -3.74836430092 5.80883191806 0.00346393771215
8 0.144494128572 -4.17815847598 6.6623155402 0.00376854130162
9 0.202205421217 -4.35262987897 7.62027382786 0.00294405432111
10 0.121022171813 -4.77167593528 8.49716219095 0.00231438203364
11 0.352341726856 -5.43509381984 9.17322616517 0.00286892855464
12 0.479934957353 -5.85226990958 10.0452558221 0.00267293370811
13 0.696208077634 -6.32482289601 10.8701270317 0.00305114719678
14 0.532526374386 -6.79571407441 11.7078398757 0.00752307168386
15 0.4432786305 -7.2749057828 12.5517399151 0.0123109671206
16 0.304718849793 -7.68515872647 13.4243118245 0.00339019329457
17 0.223558222491 -8.19473071667 14.2503328197 0.00525669199459
18 0.173042453951 -8.73065879579 15.0617312891 0.00327431986936
19 -0.052502625222 -9.40072190414 15.7309394773 0.0013903979066
20 -0.233376533665 -10.0103341631 16.4680490977 0.00779257468398
21 0.0767815270636 -10.4784417527 17.2629192147 0.00488235143174
22 0.545187621628 -10.9802732435 17.9523885857 0.00576263748213
23 1.1205812801 -11.5257479946 18.5157466296 0.00272109749056
24 1.61738709447 -12.0255671177 19.1860134962 0.0223412475886
25 2.06878188813 -12.3404747861 19.9868041829 0.00776582852706
26 2.68401942247 -12.6637974343 20.6652423125 0.00516358821452
27 3.20432090888 -13.0073834382 21.4096883321 0.00765722325859
28 3.84650573676 -13.2584132557 22.0928915789 0.00593044049787
29 4.62856312518 -13.585408269 22.5649630314 0.00290245739325
30 5.52590838542 -13.7165621143 22.909322637 0.00348134360364
31 6.46046889704 -13.6825257082 23.1663604905 0.00634389388958
32 7.22586292045 -13.7017228761 23.7614405149 0.00509140527895
33 8.04721747249 -13.6191224538 24.2696506287 0.0026615167361
34 8.82132497526 -13.490857543 24.8387166443 0.00502251099341
35 9.60326733084 -13.1489654453 25.2976177211 0.00238613372427
36 10.4303619126 -12.8790748888 25.7239020637 0.00447392961534
37 11.2006806842 -12.6788541778 26.2760277246 0.00193825460986
38 11.8915107125 -12.4034462713 26.8966033646 0.00782183965796
39 12.3360976593 -12.2211719203 27.7373573946 0.00231662817593
40 12.9107432486 -12.0899151155 28.505430236 0.00758918496161
41 13.5906472929 -11.7614413551 29.1105512122 0.00280309714162
42 14.2119774307 -11.1959644937 29.5902073867 0.0107308411881
43 14.8558815601 -10.5455772695 29.9015628196 0.00420887000931
44 15.4231724125 -9.77694361444 30.0477949905 0.00451263390909
45 15.9596121396 -8.98876158518 30.2042924976 0.00305240373202
46 16.258186997 -8.13093603062 30.5332637695 0.000889167146608
47 16.3586843772 -7.21751838393 30.8310508736 0.00589464489559
48 16.294522265 -6.27327906671 31.0225081766 0.00534299349114
49 15.8962934542 -5.42539055668 31.2554143552 0.00776604731384
50 15.5858716652 -4.63107834655 31.7067331101 0.00115590362669
51 15.8202379348 -3.87495150876 32.2583705499 0.00295240084318
52 15.776116187 -3.01751087379 32.6980456829 0.0013954222113
53 15.6715083456 -2.17433656616 33.1545813376 0.00311658346356
54 14.932543501 -1.59918131637 33.384503677 0.00181660287725
55 14.1329286237 -1.10546500602 33.5998192453 0.00432553473498
56 13.342980265 -0.748742205965 34.0215299334 0.00482366992026
57 12.4869464408 -0.77803014782 34.4629580947 0.00185904280771
58 11.5456137302 -0.702933641985 34.6535617307 0.0045471697794
59 10.6416310076 -0.676083915685 34.9847170396 0.00403531786603
60 9.76199819821 -0.744911482205 35.3701914105 0.00397166524593
61 8.82997545055 -0.857685744176 35.5824056436 0.0019088019609
62 7.91846780755 -1.12719636039 35.7329051521 0.00205214057597
63 7.11389254369 -1.53163459122 36.0721040056 0.00427936923741
64 6.37632096176 -1.66308437013 36.6757607045 0.00347490768871
65 5.78088656121 -1.93688629773 37.3799388575 0.00594790031496
66 5.15217828618 -2.49782083378 37.842818858 0.00388221698272
67 4.58121959212 -3.10259578065 38.3243779666 0.00688452703221
68 5.07898858857 -2.46874289131 38.847018186 0.00228989716957
69 5.43763275244 -1.81554605483 39.4529797623 0.00918371762899
70 5.87924405518 -1.102605911 39.9194540521 0.00345421123538
71 6.1686768396 -0.246556913798 40.2413670818 0.00334662433727
72 6.16819337225 0.52320553975 40.813613474 0.00452969958153
73 6.09511917955 1.21237344035 41.4762965979 0.00429092513461
74 6.19090313109 2.04066656793 41.9487577222 0.00140558299228
75 6.44546642802 2.83543582844 42.4196874032 0.00424815205075
76 6.53863970151 3.69990178732 42.8215324664 0.00684873394496
77 6.46182273559 4.5337773022 43.2853799478 0.00413926594776
78 6.37453980057 5.41580871679 43.645919652 0.00650879332486
79 6.6054516002 6.32582496113 43.8272518558 0.00505147358834
80 6.61852880314 7.28121698839 43.8059280201 0.00521426985994
81 6.60904494162 8.23617370687 43.8268495928 0.00338209288852
82 6.42181113289 9.17032226938 43.8914533597 0.00402485221333
83 6.29246528163 10.108970386 44.0069928366 0.00424143094575
84 6.19465333345 11.0551052025 44.081842145 0.00478210933427
85 6.14173319265 11.9782877907 44.3151768902 0.00317109352275
86 6.14075565176 12.9315262375 44.302557987 0.00303187323324
87 5.83971597702 13.8187390002 44.4772353277 0.00414474429828
88 5.36668310756 14.4851102445 44.96711489 0.00415867118069
89 4.69160560982 15.1505927729 45.0566426366 0.00382812414826
90 4.2110224466 15.9565498266 45.2158296975 0.00526078457983
91 3.97476466805 16.8394281509 45.479587218 0.0041919574809
92 3.38962566901 17.5882729625 45.5064690271 0.00539798482754
93 2.5013827943 17.8923028775 45.6526137503 0.00447766108921
94 1.64284400463 18.0217962028 46.037515078 0.00247138471045
95 0.901594149735 17.4309835119 46.0896786659 0.0037135846558
96 0.0865235886473 16.958045485 46.2011088872 0.00159821138861
97 -0.811619252187 17.0418328918 46.4952360291 0.00481229564423
98 -1.70198513735 16.939095758 46.8047761357 0.00348364649333
99 -2.27365916133 17.3341124859 47.4497617667 0.00512409401225
100 -2.54592409089 17.5045186349 48.3414673309 0.00458788382946
101 -3.16954238525 17.6340223882 49.0422108543 0.00754771469308
102 -3.9308951735 17.746335157 49.592023309 0.016138457318
103 -4.73681367511 17.8691424928 50.0671592197 0.00573611923991
104 -5.54803702816 18.0870494471 50.495152406 0.00292581941268
105 -6.31563272472 17.8135723326 50.9684782465 0.00885319078552
106 -7.01208436374 17.3537478124 51.4032653364 0.00621974331339
107 -7.33803811915 16.7790948174 52.0724174519 0.00328689358564
108 -7.67406313942 16.1174189905 52.6489078433 0.0170152685114
109 -8.36728310105 15.7752761278 53.1782560993 0.00527595624663
110 -9.00293945628 15.4038534139 53.7563961465 0.00342684485882
111 -9.61556411673 15.1639027373 54.4215907288 0.00416525793086
112 -10.0991813151 14.8964247527 55.1757977423 0.00464778839477
113 -10.4546159415 14.5387478511 55.9622730739 0.00212045593228
114 -10.3219593814 13.801993278 56.5200030451 0.00742910332001
115 -10.016955315 13.0238637228 56.9324208131 0.00645271125635
116 -9.34750921722 12.5757329124 57.3986942289 0.00379696073271
117 -8.59723734298 12.2096221986 57.8085116906 0.00658361413877
118 -7.85603750188 11.8827098876 58.2626692092 0.0120001033789
119 -7.48329176726 11.0372039128 58.3222113498 0.00417010646021
120 -7.48246665135 10.1219631374 58.4564951157 0.00292007118562
121 -7.38366886641 9.20937024114 58.5655294445 0.00112356376175
122 -6.68268258068 8.60953858536 58.618493545 0.00578091324855
123 -6.00908358878 7.97886332134 58.6127141742 0.00600381665555
124 -5.24202696832 7.5402420723 58.8740304763 0.00760317837034
125 -4.64161811555 7.31789089687 59.5347479375 0.00466546653059
126 -5.05828309741 8.10073307945 59.773411785 0.00250667014972
127 -5.6987464848 8.67620848073 60.091157143 0.00416604060417
128 -6.39584166792 9.00696698375 60.586457735 0.00623827934002
129 -6.63436531624 9.72541776405 61.1008135231 0.00606716685604
130 -7.25344557863 10.2144032055 61.5612838419 0.0023052429291
131 -7.70451752921 10.9852708519 61.3740604936 0.0134253296438
132 -7.69174249228 11.8793016211 61.2129162952 0.00665779165438
133 -7.53951982539 12.4660657962 60.9464687999 0.00688711720266
134 -7.92451777006 12.4328787981 61.7283328845 0.00787713935338
135 -7.5298001029 11.8933387188 62.2806529565 0.00487695853435
136 -7.6296172128 12.271623309 63.0519580178 0.0032664302746
137 -7.4799543356 12.7367780068 63.7629444645 0.0116823532048
138 -7.0363813066 13.4422498606 63.5748543881 0.00916454113745
139 -7.12800219003 13.517058735 62.7337884701 0.00588572959023
140 -7.25535875267 13.4356200616 61.9024186872 0.00483226607532
141 -7.44004672757 13.4236179068 61.0817575234 0.0145388696996
142 -6.7338540161 13.5116933887 61.5052001077 0.00705303141236
143 -6.71289739017 14.2519588562 61.1494569804 0.00654697129846
144 -6.66649917286 15.044431371 60.9647212077 0.00633255834428
145 -6.84703211598 15.7120195674 60.5450810389 0.0069111892039
146 -6.17193148536 15.2986095703 60.6675689873 0.00483946261179
147 -5.52385730062 15.383890742 61.1166931212 0.00515831915319
148 -4.99347896989 15.9640266818 61.1007098007 0.00680615337936
149 -5.11790703893 16.6507699642 61.443564586 0.00733147285989
150 -5.21570020535 17.0904318441 62.0656543884 0.00468327757426
151 -5.78684400396 17.3610713432 62.4886114556 0.00534432997334
152 -5.50637304457 17.7547448042 63.0654667792 0.0070666112464
153 -5.53727055625 18.4482390022 62.8085549255 0.00361011677466
154 -5.60642503189 19.1435976891 63.0328649034 0.00447839124948
155 -5.38547343602 19.8323369865 62.9739103017 0.0084223010107
156 -5.30311578256 20.0464881493 62.3010745518 0.00327007133348
157 -5.70764178921 19.6157533697 62.6823122164 0.00329172600085
158 -5.16874373485 19.8872714264 63.0293672105 0.00291408590096
159 -4.82953211017 19.8487769748 63.6294985654 0.0067880916486
160 -4.93954807981 20.3185845203 63.1587449603 0.00713667740158
161 -5.45144284159 20.0181476686 62.8805012474 0.00870755285913
162 -5.98679507697 19.6985051594 62.9775999895 0.0127200230868
163 -6.16846424904 19.2805504731 63.3540991668 0.00419084632405
164 -6.41748051893 19.7834023026 63.2242085278 0.0347274544515
165 -6.69906331423 19.61366143 62.9592259705 0.0278130167585
166 -6.60479503109 19.7529619051 63.1455577835 0.00968944174319
167 -6.71131598165 19.7716008378 62.9791158751 0.0025738321153
168 -6.70603307231 19.8988325223 63.113478738 0.0060878652031
169 -6.78025325124 19.7709546269 63.1589939987 0.028341529883
170 -6.78754132703 19.7703974038 63.1993468138 0.00531584173988
171 -6.78034016104 19.7597779762 63.1762211406 0.014828965665
172 -6.78007510621 19.7598156161 63.1756668495 0.0010633093143
