30 -4.67031822034 0.381330712872 4.901127821 0.0167776789581
29 -4.64696801412 0.397044249475 4.89536143605 0.00829100837445
28 -4.63278275044 0.390603806771 4.94688538283 0.00538783088758
27 -4.56261434288 0.409470706281 4.93841859847 0.00574514323867
26 -4.47576939671 0.438826333357 4.96409829152 0.0100108292812
25 -4.54144372822 0.560434742976 4.95153714534 0.0270666344956
24 -4.63215947283 0.29369955703 4.93444914896 0.0117171363329
23 -4.28400410465 0.356511110727 4.9776050034 0.0468725563228
22 -3.93955469402 0.55030603831 5.4043670184 0.00764876166017
21 -3.64502158529 0.0331989201023 5.52359009528 0.00656759955886
20 -3.50056928797 -0.314019598715 6.02669529181 0.00489945099036
19 -3.76460842495 0.0855151090726 6.45434762265 0.00796733150066
18 -4.1138275968 0.647538266358 6.49282520866 0.00383367636944
17 -3.90326790275 1.10558894542 6.04691479852 0.00861440431312
16 -3.32615377717 1.2825530326 6.38693929756 0.00349939174048
15 -2.67639863499 1.3390433397 6.64183068722 0.0098201481069
14 -2.50298825901 0.76728447207 6.23956953069 0.0182780641295
13 -2.45043591649 0.424885446937 5.57114152477 0.00961562626071
12 -1.76866731816 0.281372319962 5.25137460663 0.00835293579868
11 -1.32657386522 0.247584903363 5.89205325814 0.00593633290875
10 -0.721214757663 0.622048004437 6.22565044423 0.00853781200741
9 0.0246639976317 0.349495901254 6.28366246941 0.00728621913721
8 0.64077129159 -0.164599881307 6.19736294014 0.00530362548326
7 0.270931764685 -0.499939081889 5.55501801414 0.00589851528255
6 0.510884740731 -0.293675055257 4.79883025837 0.00580804250836
5 0.726390610096 0.0120565476064 4.06341143418 0.00484048213088
4 0.630013727345 0.566538466378 3.45469922931 0.00587235358886
3 0.86594969155 0.844813709182 2.70420392068 0.00562591950777
2 1.13015079912 0.775299360622 1.91071444193 0.00909715578885
1 0.850540054789 0.183601681143 1.37546142374 0.00387648436016
0 0.439260862987 -0.149382323954 0.712063959825 0.00159924321061
0 0.804930882372 0.367511585021 -0.448557854323 0.0042322741043
1 1.63624577527 0.618935065672 -0.927977761698 0.00368746629595
2 2.4890974698 0.782602813617 -1.40751504484 0.00276653955245
3 3.35477158261 0.805825258414 -1.89139239039 0.00627188776538
4 4.17271028423 1.24630415121 -2.23912687995 0.00579738709721
5 4.92529834218 1.80862995259 -2.55739115216 0.00480594368044
6 5.60206763391 2.46921126726 -2.8564678288 0.006500850904
7 6.35132977655 3.09754995519 -3.02240044732 0.0198039653293
8 7.02893997013 3.81778167518 -3.09724659657 0.00635820459213
9 7.6796078578 4.54703982709 -3.26527427992 0.0078133981191
10 8.22724443448 5.35400937714 -3.44476840801 0.00389447186054
11 8.77467998864 6.13627712049 -3.71245828765 0.00273066989788
12 9.36643518624 6.89523108088 -3.95133644411 0.00472950072049
13 9.97032590251 7.64383839874 -4.19235936477 0.00748867962417
14 10.43092967 8.48467405005 -4.4452139134 0.00623018866741
15 10.8064573289 9.34616146499 -4.76119660772 0.0041306404981
16 11.0803680848 10.2207720224 -5.13937030706 0.00418163703638
17 11.2456731256 11.091464124 -5.58379965046 0.00254802192618
18 11.2864498457 11.9740674744 -6.03353842573 0.00631884655334
19 11.2367926575 12.8543147677 -6.48689713581 0.00282871049959
20 11.1089274383 13.7125999831 -6.96627418455 0.00298833841905
21 10.8381982831 14.5325120298 -7.45332485927 0.00503720080842
22 10.7271328694 15.2709468809 -8.10534912088 0.00403638126197
23 10.3519030505 16.028680551 -8.62274638056 0.0333541336954
24 9.94378610546 16.8239505941 -9.05072650233 0.00633092394726
25 9.43129478449 17.6149225647 -9.35696470542 0.00420899013851
26 8.91496081515 18.4245006807 -9.60187114307 0.00342444278906
27 8.34673417183 19.191543344 -9.8677955773 0.00712275064276
28 7.84068562974 20.0108089795 -10.1013864073 0.00206270800468
29 7.35327989571 20.8519385988 -10.2930834092 0.00724245204202
30 6.7163141905 21.6107451142 -10.3066262333 0.00390549487424
31 6.24269984331 22.4770259205 -10.2236276207 0.00427669978649
32 5.70806279044 23.3111041652 -10.216259619 0.00398480008666
33 5.06903972258 24.0625995453 -10.1244647067 0.00498040761058
34 4.36003167686 24.7130135075 -9.8883859061 0.00323310037374
35 3.51317463065 25.1851465137 -9.68507492749 0.00174980318608
36 2.62197853812 25.5944388915 -9.54497368482 0.00266292452001
37 1.71513267129 25.9884041933 -9.48368330415 0.00727824451623
38 0.809073254687 26.3863396753 -9.43976159619 0.0055113645827
39 -0.0580552131093 26.8637483398 -9.40354654616 0.0162457377547
40 -1.01661790809 26.9305428722 -9.64356509681 0.00642186505974
41 -1.9152137518 26.7476380918 -10.0176129141 0.0075794245033
42 -2.76959505722 26.3316999675 -10.2964140651 0.00631460347614
43 -3.63521289039 25.9297257643 -10.5604644002 0.00247702719434
44 -4.4484495242 25.4979851848 -10.9249201367 0.000846530641826
45 -5.22516879098 25.1529125025 -11.433095115 0.0131147739642
46 -6.02551415246 24.7759191247 -11.877734035 0.0024545035413
47 -6.80318047565 24.3988996315 -12.3608947426 0.00194624659854
48 -7.60682790774 23.9756004988 -12.7549300854 0.00384998200309
49 -8.3527807514 23.4523498444 -13.1422206905 0.00618924936148
50 -9.10228668308 22.9158364815 -13.5034926132 0.00492673662654
51 -9.86569621398 22.4138653502 -13.8846459476 0.00592347573241
52 -10.608377652 21.8465154162 -14.2109492195 0.00301575376414
53 -11.3270630799 21.3029110514 -14.6206951546 0.0061363514349
54 -12.0807350149 20.9116858847 -15.1293758032 0.00226089352278
55 -12.868247339 20.5131487795 -15.5774482822 0.00583911068468
56 -13.580193587 19.9672754808 -15.9955670886 0.00438358243868
57 -14.2163027378 19.4593984764 -16.5586560914 0.00706925320816
58 -14.7895738784 18.8997822044 -17.1397919399 0.00190955143633
59 -15.3363629554 18.3472393084 -17.7523499431 0.00461478522601
60 -15.9774178412 17.8260335891 -18.2971388198 0.0013834150108
61 -16.7556103429 17.3710962168 -18.7055260788 0.0032650655416
62 -17.4854363118 16.7643866662 -18.9857062221 0.00422058487816
63 -18.0799586434 16.1133132266 -19.4349937924 0.00727186139985
64 -18.7159235366 15.4372936769 -19.777922323 0.0209809244991
65 -19.3533255762 14.7438097708 -20.0803513978 0.00634874645564
66 -20.0473961225 14.0751592294 -20.3032971291 0.00409838720546
67 -20.7367135166 13.3976313045 -20.513657609 0.00454791984375
68 -21.2877068115 12.6333292209 -20.8147138859 0.00498711241344
69 -21.7864718625 11.8277644824 -21.0985933147 0.00660897169455
70 -22.1576259331 10.9875330242 -21.4652528022 0.00212705725524
71 -22.4001770867 10.192043876 -22.0005711081 0.00122654874835
72 -22.7901765065 9.47118991374 -22.5541538275 0.00267773696398
73 -23.11335252 8.63495826673 -22.9717146502 0.00277343895741
74 -23.1141750358 7.75959503552 -23.4319129404 0.00544806390461
75 -22.8988827611 7.07660751115 -24.1139772747 0.010867505238
76 -22.6692571176 6.36049994959 -24.7560559337 0.014082980984
77 -22.3050082042 5.6658497299 -25.3579600381 0.00448990872299
78 -22.0072372221 4.96201421409 -25.9851559022 0.00577629025327
79 -21.6208844185 4.18136438076 -26.4526588197 0.00410535603893
80 -21.2356265119 3.39665564856 -26.9141391955 0.00333439383738
81 -20.652532798 2.70637502895 -27.3148646818 0.00896449271778
82 -20.0437101045 2.01862152759 -27.6798302162 0.00371510892312
83 -19.5067032623 1.29153942948 -28.0795524438 0.00566867088451
84 -18.997353938 0.594591008363 -28.5607364179 0.00247527399785
85 -18.4100994463 -0.0841850288958 -28.9742947266 0.0034321537186
86 -17.7097108704 -0.727971447708 -29.2417215041 0.00641208686852
87 -16.9839197585 -1.39565205423 -29.3032602832 0.00381138077366
88 -16.2796554161 -2.08800219756 -29.3338623119 0.00533517494057
89 -15.5908433069 -2.7959612445 -29.3117522135 0.00215685548796
90 -14.7902434548 -3.37418896013 -29.2834249942 0.00868708677196
91 -14.0937424613 -4.05937313606 -29.13735855 0.0038016629832
92 -13.3972446869 -4.75967788282 -29.120122643 0.0150790692161
93 -12.6279090541 -5.37903297208 -29.1163947671 0.00400076523794
94 -11.7855906453 -5.88228784514 -29.0039680938 0.00396676420816
95 -11.1246282176 -6.60333458599 -29.1401180589 0.0103661795173
96 -10.7455078669 -7.49101106172 -28.9318302655 0.00241063680856
97 -10.3635331143 -8.36024402941 -28.6605902634 0.00266129246661
98 -10.0151467241 -9.26947366174 -28.4966166051 0.00221980637931
99 -9.55249149011 -10.1376024887 -28.5814714805 0.00811238399858
100 -9.08651175403 -11.0026109416 -28.6780541125 0.00680206942777
101 -8.50099420022 -11.7957392223 -28.7295747139 0.00554243184325
102 -8.07729979647 -12.6467059569 -28.4635465126 0.00405149880406
103 -7.52091544353 -13.4485596357 -28.3159713747 0.00868605923096
104 -6.92384991127 -14.1950544952 -28.0702659787 0.00426393938372
105 -6.51540930523 -14.9676883765 -27.6116961418 0.00416801637003
106 -5.98950553245 -15.7211544971 -27.2516319112 0.00505534709416
107 -5.47972523537 -16.4436947091 -26.8135773399 0.00651844727173
108 -4.79914428659 -17.1522018694 -26.7218738812 0.00555342625243
109 -4.09769868926 -17.8391731011 -26.6244893623 0.00834558993062
110 -3.4133262116 -18.5392764272 -26.5031926141 0.00907576360262
111 -2.76201968174 -19.0974209447 -26.0159960651 0.0058218010081
112 -2.02572234801 -19.421928727 -25.4454414941 0.00454296078675
113 -1.28291866763 -19.7094653411 -24.8637020191 0.00120797648817
114 -0.580732945643 -20.0043827223 -24.2369586187 0.00702791304729
115 0.0409368595812 -20.3066469374 -23.5334895747 0.0019302656977
116 0.666885227377 -20.3016596758 -22.7713494899 0.00277481166812
117 1.31156220282 -20.015010692 -22.0822984588 0.00310092371681
118 1.8156170987 -19.6052643566 -21.3403047531 0.00139817694654
119 2.30933662511 -19.0414209303 -20.6994192022 0.00379064927131
120 2.65637088619 -18.324784227 -20.1178079875 0.00513676207327
121 3.09476566132 -17.6559963307 -19.5410423509 0.00303824054038
122 2.8365450283 -16.8540791855 -19.0289319791 0.0115626039568
123 3.68664657742 -17.2748861695 -18.7609188353 0.00117206212286
124 4.47883712827 -17.7377618524 -18.4007010611 0.00304209808375
125 5.23169922253 -18.2073782137 -17.9715459637 0.00251083160249
126 6.00494423464 -18.4656601801 -17.4175741364 0.0030087508724
127 6.82009967517 -18.6604544152 -16.8989487159 0.00218182343815
128 7.64368491789 -18.8418662374 -16.3889250558 0.00454693497931
129 8.54139235204 -18.8539258807 -15.9825738172 0.00484711142815
130 9.42274984101 -19.0419153563 -15.5839930204 0.00532087046496
131 10.3276147929 -19.1661950948 -15.2143980521 0.00216023258106
132 11.2432228416 -19.3565619139 -14.9042963745 0.00505231677127
133 12.2067031922 -19.3008414842 -14.7064109958 0.00971808158636
134 13.1581163468 -19.3711403236 -14.951644437 0.00144856225156
135 14.0676056393 -19.6640013183 -15.1909839703 0.0129209983383
136 14.9953898179 -19.9661765394 -15.3240260578 0.00704339414579
137 15.8853333858 -20.3669712693 -15.193906693 0.00401770963012
138 16.7558360748 -20.7547570145 -14.9463032386 0.00645778210894
139 17.4955310342 -21.2586411321 -14.5361105046 0.00310917353209
140 18.3123342235 -21.1909186335 -13.9906577675 0.00498184778945
141 19.1894436629 -21.1423546322 -13.5463888152 0.00453314872192
142 20.1251647832 -21.0588787545 -13.2526182673 0.00628211855728
143 21.0507468287 -20.8958698298 -12.9604592989 0.00361704650327
144 21.8938634216 -20.4260703398 -12.7683022719 0.00398263420776
145 22.7344453049 -19.932877885 -12.6322207763 0.00509609973158
146 23.6139750386 -19.5083608027 -12.5123495164 0.00205000379894
147 24.4456829265 -19.0171039483 -12.6994996356 0.0127170287729
148 25.2935215039 -18.5378633352 -12.8378389523 0.0024471845786
149 25.5148458681 -18.4804848383 -12.8825666784 0.000354234913536
150 26.4459431083 -18.1734858123 -12.9428233563 0.00532779849651
151 27.3368640883 -17.7674707432 -12.8652590139 0.00375412348842
152 28.2049613482 -17.3086725374 -12.8841673777 0.00483977094622
153 29.0045195815 -16.7398707954 -12.921804602 0.00620956558466
154 29.6140653247 -16.01216511 -13.1726448184 0.00453674315522
155 30.103983111 -15.2934832369 -13.628053483 0.00533329642103
156 30.6821602577 -14.6297923973 -14.0626869034 0.0166907892929
157 31.2098803921 -14.0047831118 -14.6048068205 0.00613337219921
158 31.7090059666 -13.2018543465 -14.8670651876 0.00510671479505
159 32.2476817519 -12.4155255178 -15.0991754612 0.0284455528714
160 32.7307888509 -11.587735369 -15.3050723524 0.00575547542572
161 33.1143968847 -10.701903417 -15.4750185574 0.00415098357831
162 33.6061251009 -9.87362955814 -15.6558519551 0.00371007803634
163 33.9626620119 -9.10010089795 -16.1406464679 0.00320383867793
164 34.3545630771 -8.32884475431 -16.6009661718 0.00150259790916
165 34.7683814927 -7.51575769779 -16.9584965248 0.00593311881597
166 35.2158754983 -6.71896847599 -17.311711587 0.00516394671624
167 35.864437466 -6.65352036072 -18.0431441962 0.0044295552343
168 36.605339026 -6.61296619568 -18.6826881395 0.0025559105324
169 36.7534828443 -6.71620853084 -19.6456132465 0.00373052179798
170 36.7091918763 -6.82321864925 -20.6183619971 0.00641599859467
171 36.4341020812 -6.86437653658 -21.5574611388 0.00636754541212
172 36.0281135161 -6.84370135068 -22.4483169685 0.00735641185996
173 35.5306645977 -6.93625599702 -23.2864091547 0.00444930280647
174 35.0087232651 -6.97406645804 -24.1136421734 0.00619202544079
175 34.4688358595 -6.98044018493 -24.9299119523 0.00359264254148
176 33.9136148489 -7.26425944826 -25.6840479693 0.00285528775301
177 33.1913555828 -7.08163963105 -26.3182828248 0.000997271743184
178 32.5699114307 -6.86228942765 -27.0414624823 0.004200426751
179 32.0854141291 -6.42391140773 -27.7695780655 0.00606334679144
180 31.7769687758 -5.6246850362 -28.2413696795 0.00646681206114
181 31.4236723457 -4.82879625668 -28.6861593459 0.00353962925412
182 30.9222283152 -4.03078561854 -28.9460077281 0.0042875349115
183 30.3493680799 -3.23955978471 -28.910281892 0.0055257733776
184 29.6698199002 -2.54150628714 -28.832232494 0.00854575408148
185 28.8570795586 -2.0095395432 -28.9376109812 0.0338707723825
186 28.1247243002 -1.36613725209 -28.8911128474 0.00449808033001
187 27.4493279063 -0.666638889158 -28.973081652 0.00390282539717
188 27.3487144868 -0.423179972856 -29.0196085473 0.00215049289357
189 26.9747284946 0.472505386916 -28.9432377365 0.00367883445175
190 27.3485642235 -0.283185343408 -29.4301185344 0.00974793323101
191 27.7458325864 -1.03670834548 -29.9007352694 0.00381768377304
192 28.0669867036 -1.69811196993 -30.5382075598 0.00531619332022
193 28.4615257041 -2.06914481484 -31.3465652117 0.00352215330319
194 28.927639807 -2.50506597143 -32.0807918787 0.00150745918997
195 29.423396322 -3.07886730052 -32.6899527858 0.00675474025787
196 30.1453040001 -3.58259916716 -33.1028188525 0.00572604700237
197 30.8829152727 -4.12636144491 -33.426955877 0.00682841617828
198 31.8276192667 -4.31551662927 -33.5530490373 0.00416501622866
199 32.7613170079 -4.43193390876 -33.7948768598 0.00405237088275
200 33.7248595169 -4.43522980735 -33.9173660513 0.00471270458059
201 34.6552966611 -4.39546227403 -34.1926408999 0.00253111924699
202 35.5788963579 -4.367552219 -34.4910412977 0.00354987531718
203 36.4992167677 -4.43447192875 -34.7928245952 0.00696610022156
204 37.414526914 -4.46795842575 -35.1137673334 0.00367488178256
205 38.362358255 -4.60783407286 -35.267226909 0.002440147826
206 39.2881961013 -4.62126140975 -34.9774397792 0.0041496264249
207 40.1346528442 -4.67677685603 -34.5067902086 0.00839724795459
208 40.9827376396 -4.63546868853 -34.038468027 0.0108901234166
209 41.8480834086 -4.26222576426 -33.8128430971 0.00298830024126
210 42.5412351514 -3.7085311643 -33.4232143953 0.0068810708651
211 43.064591916 -2.91213507734 -33.250371328 0.00343052977866
212 43.5256038616 -2.06445479713 -33.1694197486 0.00245650362886
213 43.8817081603 -1.16428434309 -33.1858238511 0.00828892508077
214 44.0745906768 -0.229540252622 -33.3458028683 0.00629307673653
215 44.021373986 0.687755518557 -33.6485874049 0.00669195761839
216 43.8902183354 1.43650055352 -34.2466562753 0.00611553591471
217 44.5348347709 2.03700434931 -34.6447455721 0.00691680770773
218 45.1744968061 2.64342219979 -35.0408750043 0.00227060916313
219 45.8436426255 3.23134658199 -35.4152265964 0.00590311555185
220 46.6225954084 3.78100897538 -35.5696252166 0.002250498761
221 47.243420118 4.51946166903 -35.6109822067 0.00607957073566
222 47.6998144742 4.64323401197 -34.7690029331 0.00752384298567
223 47.9737841413 4.93609276266 -33.8909984824 0.00568082966205
224 48.3177548276 5.2634444954 -33.0510739787 0.00448291269634
225 48.4978781272 5.76750186804 -32.2487014618 0.0020141079426
226 48.5837632703 6.15569601869 -31.3699804009 0.00386336183019
227 48.7199743974 6.60389208996 -30.5272304092 0.00164192658992
228 48.6822153192 6.7922605832 -29.5823684012 0.00879147603237
229 48.6784538468 7.19209680457 -28.7057236255 0.00395391145034
230 48.6805362236 7.6897700216 -27.8810554588 0.00474896440512
231 48.4940148894 8.23443269907 -27.1093206237 0.00316985686489
232 48.4020701216 8.7411760683 -26.2960348611 0.00343471018572
233 48.0115283162 9.04351476548 -25.4700186161 0.00352806009045
234 47.5895095559 9.32993719925 -24.6541818226 0.00499389923675
235 47.178258327 9.98434475535 -24.0821491423 0.00285046706633
236 46.7764720144 10.5552314889 -23.4210967277 0.00316670360585
237 46.2693494626 10.7378977016 -22.6251102847 0.00682626749708
238 45.7668950863 10.9866707181 -21.8448765866 0.00375693000688
239 45.0021638241 10.9514746246 -21.2650934991 0.00146365768616
240 44.1065214706 11.252138001 -21.0947868749 0.00528066618574
241 43.232874319 11.637691272 -21.1888102215 0.00395466395088
242 42.4270882727 12.1161192497 -21.393755951 0.00350664489355
243 41.5377212294 12.3020110974 -21.7006477032 0.00309890158841
244 40.6020507054 12.426023289 -21.8688073215 0.0034312282673
245 39.6771614211 12.6286231858 -22.0175202181 0.00616843645885
246 38.9284533406 13.1219569307 -22.3548202819 0.00514762960606
247 38.0306306086 13.4042335926 -22.5308529207 0.00356905645837
248 37.1428062078 13.6359719805 -22.8034040493 0.00450187965097
249 36.2680429906 13.7161813605 -23.1827628794 0.0053217186097
250 35.5593181553 13.8934842282 -23.8002225421 0.00356513621185
251 35.0028592995 14.4385657453 -24.3547490894 0.00585794868009
252 34.8953088692 15.2986505008 -24.7568725707 0.00342912623921
253 34.7718724463 16.1089400462 -25.2474951936 0.00256053645416
254 34.5256150603 16.9321990911 -25.6640958815 0.00655007955795
255 34.1635967974 17.7569823329 -25.3489545899 0.00461009636229
256 33.8584679045 18.4759915779 -24.8012362559 0.00450022460859
257 33.5485562848 19.0357989913 -24.0940659413 0.00294218970599
258 33.1291412118 19.7146903803 -23.5727166153 0.0031792257695
259 32.4054165682 20.059912048 -23.0579132544 0.00711241238303
260 31.9189450483 20.2375592495 -22.2585808253 0.00481814093747
261 31.3951750132 20.2544727377 -21.4638848712 0.00281191733312
262 30.9671397899 20.4737709569 -20.6426969667 0.00346958380296
263 30.3537078529 20.5663750566 -19.9217113346 0.00569910604476
264 29.7377516715 20.7271724959 -19.2158765653 0.00378096632045
265 29.1965806605 20.6591990929 -18.4378426377 0.00467692386144
266 28.7751213005 20.4502825788 -17.6128240315 0.00434473111738
267 27.9478381988 20.5427297741 -17.1575750923 0.00517906887542
268 27.4202946823 20.4931196889 -17.9443042759 0.00467602566635
269 26.8210555363 20.1978481154 -18.6166761111 0.00445245521628
270 26.3317965309 19.91454089 -19.3768681456 0.00887843796621
271 26.1108354434 19.5040732027 -20.2004405608 0.00416281875717
272 25.6187773814 19.3783757819 -20.9982920224 0.00546366701318
273 25.0667849622 19.5398915373 -21.7480996437 0.00247245958406
274 24.6173226322 19.3914182881 -22.565714093 0.00226284826493
275 23.7755948496 19.190288853 -22.1887700126 0.00252825890074
276 22.9172503915 18.8963779462 -22.4478379831 0.00298338238342
277 22.4359119747 18.2281656047 -22.907765832 0.00417580447235
278 22.2509888852 17.3506015426 -23.1977154853 0.00499061155633
279 22.1396692135 16.4915570814 -23.5675481506 0.0122599832269
280 22.0304299166 15.5637002095 -23.6704572977 0.00347084314384
281 21.8566243139 14.6766050569 -23.9261701542 0.00532716489348
282 21.7678884398 13.9760810934 -24.5450033124 0.00210209382143
283 22.2524208266 13.1808204409 -24.4309199738 0.00432416723492
284 22.4539339783 12.2655894069 -24.4058541911 0.0102507280884
285 22.5369411938 11.5079129935 -23.8624606003 0.00600791752134
286 23.0434178093 10.8099683458 -23.5014662494 0.0157464867885
287 23.7084326207 10.1836362197 -23.3174581866 0.00474528355734
288 24.3969544593 9.66733705556 -22.9621169177 0.00412501543166
289 25.0866990215 9.04862243556 -22.8809582654 0.00777220495183
290 25.8192388342 8.69260331466 -23.3273693013 0.00289272207759
291 26.6993288941 8.56936807341 -23.5948006893 0.00138448124437
292 27.4184129603 8.40902322304 -24.1591336091 0.00483868022423
293 28.2343662755 8.38101271768 -24.5979170171 0.00414802290738
294 28.6497795175 9.10518122467 -24.1974470446 0.00773196459475
295 28.3515338527 9.71949293844 -23.5742582696 0.00591771912481
296 27.6826696887 10.1686228954 -23.1240768807 0.00540976631556
297 26.9060574657 10.2747031489 -22.6392143821 0.0058237895607
298 26.055571337 9.94043824242 -22.5330393553 0.00366704563136
299 25.2958296207 10.1430018957 -22.0566868246 0.00383310973864
300 24.4103701387 10.2042033971 -22.291554207 0.0135621994846
301 24.0630660609 9.36975723143 -22.4304182708 0.00790648879808
302 23.5415922502 8.67044981959 -22.6973795369 0.0100604967418
303 23.0486342813 7.95006503448 -22.951928338 0.00634096414253
304 22.8551272355 7.08523698009 -23.146152284 0.0122274668564
305 22.7597002901 6.34232324294 -23.6515055616 0.00725877173281
306 23.2530025965 5.77269005665 -24.1454869605 0.00365510668925
307 23.218042037 4.97938327543 -24.5682869442 0.00289729419085
308 23.8276551694 4.3649642405 -24.8090080976 0.00437119741594
309 24.2551500378 3.87445616319 -24.1911721708 0.00680356506074
310 24.1347464917 3.13467392916 -23.703105701 0.00633002475345
311 23.7824773357 3.1554032185 -22.8832312637 0.0101818452587
312 23.4502491763 2.7449660597 -22.1692330738 0.00984807664305
313 22.8289432177 2.50278879287 -21.5899257551 0.00811069824748
314 22.5492072549 2.21780818365 -20.8058051547 0.00600877788113
315 22.2990771054 2.17809651423 -19.966053712 0.00626727822308
316 21.9355197232 1.85366165943 -19.2410693532 0.00771617502944
317 21.303151389 1.32548324382 -18.9666118783 0.00545362349563
318 20.9876699636 0.664957359574 -18.5046943483 0.00754915924667
319 20.7937530186 -0.0769532067915 -18.1134451962 0.00766001748062
320 20.2472678019 -0.732527744495 -18.0521411296 0.00630517892106
321 20.2750803072 -1.46924649502 -17.6255154511 0.00304187322639
322 20.5440824234 -1.50010594077 -16.8191271653 0.00537945679162
323 20.1177656465 -1.38473157596 -16.096983937 0.00600536257403
324 19.361811984 -1.72251793172 -15.9502800311 0.00435901394563
325 18.5598893392 -1.76387962545 -16.1882941092 0.00352705864289
326 17.8220963016 -2.0780217305 -15.9567780838 0.0095020347705
327 17.7369249733 -2.62211219693 -16.5740301234 0.00438937452558
328 18.0263184245 -3.10743530198 -17.1726359638 0.0155244893455
329 18.1752421435 -3.75730761769 -17.628048457 0.00294287525134
330 17.76694856 -4.34651123398 -17.9922479931 0.00556067535881
331 17.004265072 -4.22260861604 -17.8063389445 0.00649759222399
332 16.7240960981 -4.60714119196 -18.4341560821 0.00850781460659
333 15.9494499478 -4.58366809052 -18.4619515183 0.011830874642
334 16.5058326122 -5.06133320001 -18.6553901392 0.00821354071614
335 16.644839502 -5.07114280137 -19.3889874035 0.0109011688756
336 16.8269090733 -5.19317870115 -20.0828170628 0.00689433279489
337 16.8357251143 -5.39043080515 -20.7695014769 0.00922298275388
338 17.3862657871 -4.96826056024 -20.7789499795 0.0117523094539
339 17.9693052909 -5.03989318287 -21.0938168477 0.00753652919807
340 18.4283685302 -5.44112901972 -20.8788840955 0.00294734749017
341 18.8909724386 -5.14668688578 -21.2058234112 0.0100052658277
342 19.135425071 -4.66778641746 -21.4897345562 0.0379598607478
343 19.1505122892 -4.54906282764 -21.927444561 0.0143180030583
344 19.1049373562 -4.2965174587 -22.1984626438 0.013917492041
345 19.2289035077 -4.31063474288 -21.9429257478 0.0122920608425
346 19.2482561923 -4.09800490597 -21.9660806266 0.00811452683912
347 19.2628013184 -4.03516391067 -21.8058766726 0.0262416398201
348 19.2636146701 -4.07174373231 -21.7578536002 0.00959716070428
349 19.2532758251 -4.05044760516 -21.7390736738 0.00896711421273
350 19.2464912423 -4.0487692793 -21.7321355326 0.00838079998785
