152 6.04930432183 2.46420443599 26.5761215391 0.0101156705025
151 6.06105112894 2.46843344056 26.5724778678 0.00784433701197
150 6.0695563012 2.47448483969 26.6025325346 0.012238113297
149 6.05887781141 2.44840816967 26.6690078659 0.00583311306213
148 6.04751840475 2.53928861533 26.6924351035 0.0168582507638
147 6.00311122904 2.6539486407 26.8115292908 0.0131936597317
146 5.87937732459 2.56310654565 26.6259112945 0.0163041300791
145 5.55782531186 2.62071115433 26.7181708756 0.0101576938922
144 5.86948727093 2.36149553336 26.7137779517 0.00921161912427
143 5.69335790492 2.54100016355 27.0908416319 0.00807885490538
142 5.33939947687 2.85580913547 27.222674607 0.007612802238
141 5.38034630544 2.38614189769 27.4547751472 0.013038145248
140 5.18940844415 2.11598425025 27.9273645063 0.00441290127167
139 5.02299065673 1.59758993665 28.1591490804 0.00700946465511
138 4.63105622923 1.19256729071 28.4044991242 0.00725806859282
137 4.72390829896 1.0309887561 29.0141911909 0.000292965529311
136 4.73393927781 1.01951416563 29.057364085 0.00117445891476
135 4.56585762101 0.926986188571 29.1453975268 0.00406707154542
134 4.46922858217 0.925367717445 29.5444254921 0.0042152125671
133 4.21641374726 0.859753741852 30.254802474 0.00497959664631
132 3.61273642874 1.04219624273 30.685313109 0.00543877881239
131 3.00414810693 1.09452921484 30.2139049488 0.00720642520815
130 2.33595324015 1.47230602294 30.3574814729 0.00732442393598
129 2.03591145504 2.07080234306 30.778045516 0.018944888731
128 2.30737634809 2.73622813173 31.1607300578 0.00567730048742
127 2.10687767446 3.51996566753 31.2912980974 0.00335409373634
126 1.91515273598 3.85164245848 30.5619964861 0.00366393460563
125 1.42311848619 3.85185275122 29.8973876824 0.00682424864389
124 1.17504879966 3.63758573771 29.1313890589 0.00737470508836
123 0.913611065383 3.57522515024 28.336255648 0.0167256285489
122 0.510064549447 3.40043964828 27.6070478565 0.00513541879397
121 -0.215088559128 3.74085822083 27.3106592389 0.00788037731309
120 -0.584401107235 4.32072030238 26.794560249 0.00649915100968
119 -0.542997852966 5.17907690196 26.8754026026 0.00441656759987
118 0.28523718165 5.38042042905 26.7234016888 0.0330126225144
117 0.979676659991 5.15887291732 26.224319557 0.0111314063551
116 0.905070829137 4.2931734582 26.4075737709 0.00503285547566
115 0.693891043089 3.46244703987 26.6478900622 0.00547761174576
114 0.147998987958 2.75706366948 26.6207484786 0.00349777752295
113 -0.658156619375 2.53398759177 26.3054247202 0.00480376088489
112 -1.15141479874 2.63095437936 25.5631355119 0.0115047009638
111 -1.60628020515 2.35803800012 24.8352100476 0.00672943766323
110 -2.21663276245 2.04058787427 24.2506669451 0.00188985979619
109 -3.08981869066 1.861707949 24.1062784514 0.00513225278157
108 -3.19054753683 1.46375649186 23.2990708671 0.00248686401214
107 -3.51014252113 1.58170299751 22.4590359423 0.00351707715266
106 -4.11756665798 1.89033159287 21.8601733737 0.00328120125635
105 -4.85707649812 1.98479987006 21.341806032 0.00422003309111
104 -5.13836080735 2.17302814442 20.4971310702 0.00319238699983
103 -5.01072282252 2.48232871708 19.6498785668 0.00478935671705
102 -5.0205363018 2.83868868717 18.8100826241 0.00418204770179
101 -4.83547384553 3.31157293765 18.0508985937 0.00533606334088
100 -4.02500439901 3.35006338404 17.6294117503 0.00237793763892
99 -3.54055047291 3.00068899578 16.9357367494 0.0074315159103
98 -3.32839365308 2.53260163269 16.1756564942 0.00424668098479
97 -3.06610780295 2.97716996933 15.4157670874 0.00759466332706
96 -2.65376819363 3.40905512142 14.7153123339 0.00256355558831
95 -2.12288433531 4.074471985 14.3647808352 0.00437654837461
94 -1.47540773554 4.72361709903 14.2722256382 0.00473950379787
93 -0.940645832778 5.46992555871 14.3633766232 0.0113153378348
92 -0.175778425277 5.99044541408 14.3572566809 0.00361617667613
91 0.743903035426 5.9261502779 14.4440812372 0.00351384420119
90 1.60295869269 5.6241162956 14.2716351764 0.00598402091612
89 2.30570860823 5.88804504051 13.7254297978 0.00434242325317
88 2.75534503222 5.15845904949 13.3667150324 0.00523675606615
87 2.89559803756 4.38325241846 12.8720170004 0.00371613331503
86 2.87669970317 3.77490869231 12.1671860357 0.00381623450201
85 2.35710333884 3.71096961208 11.3960017266 0.00481583302483
84 1.91913448317 4.51469419961 11.2184240528 0.004275726838
83 1.73968321862 5.40830902258 11.0182499335 0.0106350354159
82 1.97859091868 6.19717218851 10.5763146696 0.00281390147453
81 2.46194946748 6.87934296135 10.1561096216 0.00380303695307
80 3.08147384244 7.3567415451 9.64109932081 0.00731232940945
79 3.65259843971 7.37524354768 8.89727921639 0.00548497135605
78 4.04430143244 7.10111124395 8.08915506011 0.00349720768444
77 4.17686920675 6.44671455839 7.42850223842 0.00634506172625
76 4.57970583838 6.03550293741 6.6848853119 0.00413151884742
75 4.90014819658 5.68052728376 5.87431955955 0.00306406368691
74 4.98012696751 5.27257519244 5.02942336589 0.0126563160161
73 5.06354705378 5.07332740353 4.11090372793 0.00478005183377
72 4.74727702739 4.84794254782 3.25033510023 0.0049917031485
71 4.39773770835 4.99066147206 2.38421982749 0.00615324466224
70 3.95152830687 5.15626962124 1.56716689508 0.0033830434942
69 4.18136667574 5.18200538311 0.649696485892 0.00722325285537
68 4.76350675692 4.97196725124 -0.0668378086118 0.00391349416281
67 5.32308422008 4.60891169478 -0.739380510499 0.00572838327289
66 6.07982567629 4.16239718477 -1.09435740046 0.00415379716625
65 6.76356094086 3.5556850777 -0.842763871279 0.00229789972987
64 7.19604099011 2.71270978786 -0.801929341132 0.00709691582726
63 7.70038407184 1.90949584966 -0.764701244762 0.00456031179088
62 7.83331050384 1.23597835662 -1.42143211114 0.00501094344714
61 7.64636083368 0.420327160369 -1.87205485502 0.0153818014598
60 7.18269153744 -0.410681409076 -1.84756488285 0.0015286001553
59 8.06004553651 -0.333003738668 -2.20935057078 0.00883496670896
58 8.7613012768 -0.136581428608 -2.82453241599 0.006425277649
57 9.47361719292 -0.19758914004 -3.45614427802 0.00862450711419
56 10.1564059266 -0.228917400335 -4.1228835552 0.00748199135233
55 10.7837371077 -0.616668864907 -4.73039699704 0.00591049914867
54 11.3152442979 -1.10096108028 -5.36048989484 0.00465355728048
53 12.0059303507 -1.48048081976 -5.90237161045 0.00850756032544
52 12.6689926341 -2.13371921706 -6.12475422626 0.00559600131427
51 13.213879344 -2.77159326655 -6.58649544571 0.00590804672683
50 13.6893526152 -3.58032091249 -6.78040309909 0.00149606143972
49 14.2669166585 -4.33033932738 -6.92814813647 0.00176018267991
48 14.6809871258 -5.16282468149 -6.69624719326 0.00721819908517
47 15.1457994564 -5.90208981344 -6.30002999732 0.00237888734458
46 14.8803347603 -6.76357528473 -5.97257351774 0.00409149548366
45 14.4963847926 -7.56928789257 -5.62054799054 0.00131866460126
44 14.0961062711 -8.43146958323 -5.75090172516 0.00325866905985
43 13.5858575918 -9.23867126912 -5.65534573327 0.00461922130504
42 12.9265934197 -9.90748206523 -5.45569875595 0.00227781794129
41 12.1712190256 -10.431392298 -5.1780083354 0.00651182475278
40 11.2468221815 -10.6820990506 -5.10260611786 0.00608411670188
39 10.3517965308 -11.0325622592 -5.09770423155 0.00765662144515
38 9.52838445641 -11.454145764 -5.36104531524 0.00505925462109
37 8.59344826907 -11.6311629598 -5.50347607418 0.0050211960311
36 7.75781242803 -11.3457469185 -5.88664673912 0.00723483992172
35 6.8725142716 -10.9763059591 -5.8022360018 0.00586148010335
34 6.01721695988 -10.568042292 -5.97529469437 0.00392185959858
33 5.23342618312 -10.0290609813 -6.12967453757 0.0034310138876
32 4.66764503202 -9.27376752514 -6.32599614243 0.00462321735208
31 5.17683905147 -8.48959614631 -6.56162319056 0.00415356450295
30 5.68123406439 -7.95725328544 -7.1883906721 0.00226521045654
29 6.26159382682 -7.53193435451 -7.83122005309 0.0129060426357
28 6.79341942875 -7.51789324979 -8.63727977609 0.00359071994927
27 7.49079612829 -7.74677346337 -9.26511277497 0.00443645029524
26 8.21709693927 -8.02178210341 -9.83973809163 0.00364425313864
25 8.81604437713 -8.72838222096 -10.1144112721 0.00787814561165
24 9.31930854987 -9.53385681285 -10.2939907761 0.00378066941133
23 8.51602358011 -9.88623199218 -9.887237363 0.00271581160967
22 8.41044307665 -10.1232956739 -8.95524223924 0.00743764417354
21 8.64895676846 -10.4207829099 -8.06569718353 0.00513036483418
20 9.09212023158 -10.5022886721 -7.20888769352 0.0107205628426
19 9.62707460883 -10.5278274248 -6.4018216146 0.00198409093011
18 10.0705419485 -10.7507134793 -5.56990300399 0.00260688878584
17 9.36876945001 -11.1249496497 -5.01695801128 0.00363848898947
16 8.58466179427 -11.3115089866 -4.47936425841 0.00483250901322
15 7.71556214417 -11.1433840314 -4.0851812288 0.00469343310131
14 6.98554096094 -10.545752051 -3.86327937167 0.00722336816837
13 6.20136130814 -10.0838321122 -3.52891824092 0.00412440143976
12 5.49831146796 -9.4174124813 -3.48424730488 0.00612080263501
11 4.83504738644 -8.71624712719 -3.38715607501 0.00167433726243
10 4.1320365048 -8.07673695343 -3.19230368748 0.00424297381124
9 3.47010449817 -7.5127526681 -2.76163423689 0.00463171371106
8 2.7159637014 -6.93859082699 -2.55282004662 0.0112687915318
7 1.9245839741 -6.3767181525 -2.58423925217 0.00957300893311
6 1.13656919539 -5.83582329541 -2.7583265626 0.00369441543246
5 0.650458867658 -5.03274497879 -2.50742054244 0.0031561833007
4 0.123215014862 -4.25565551764 -2.25720458772 0.00357504781858
3 -0.0832176483932 -3.4041812525 -1.83619159336 0.0064559404897
2 -0.174259608722 -2.53322342234 -1.413626958 0.0080244552693
1 -0.228886738276 -1.69405459651 -0.924806797701 0.0014614959459
0 -0.0999889057004 -0.868961495011 -0.425939803527 0.00392927310142
0 -0.146903814673 0.90579186328 -0.36022430839 0.00497626609769
1 -0.120077932185 1.82161353069 -0.723831807264 0.00396826718351
2 -0.402973024898 2.74570089165 -0.917560915272 0.00673281154953
3 -0.799375373265 3.62663278806 -1.11281865496 0.00521366895642
4 -1.2132757264 4.4941251435 -1.33029390627 0.00619643596356
5 -1.60176088667 5.39882119548 -1.36964767507 0.00512150738221
6 -1.96937172392 6.30924308411 -1.45203122347 0.00726997097191
7 -2.51337586877 7.11146209829 -1.62834935933 0.00244758944293
8 -2.99558697338 7.97018028459 -1.65220177208 0.0126759852237
9 -3.5631348275 8.7745382672 -1.68378613228 0.00746732901686
10 -4.16079156111 9.55045444788 -1.78688570345 0.00347373904448
11 -4.8400919464 10.253404531 -1.6678382603 0.00371222769
12 -5.56340585512 10.8559680575 -1.37902780606 0.00294696246737
13 -6.29948096968 11.4780403444 -1.17708847387 0.00191959874584
14 -7.03866088406 12.1282511876 -1.1593261215 0.003701001951
15 -7.50745711073 12.9940080534 -1.15217508703 0.00353948137326
16 -8.18699331574 13.6817449234 -1.33793535776 0.00169571969494
17 -8.80814943316 14.380668498 -1.64600282872 0.00432462640383
18 -9.5592706863 14.9588117936 -1.91179625317 0.0194927829908
19 -10.3569122567 15.5162946699 -2.05800072815 0.00454940293135
20 -11.1793900051 16.0048332508 -2.28846992427 0.00324041320313
21 -11.9587226787 16.4133354231 -2.72890982397 0.00364272609224
22 -12.8613346192 16.7235723164 -2.96778889703 0.0191106466454
23 -13.8380899707 16.8314521214 -3.00801584684 0.00285884852247
24 -14.8044960856 16.9498806078 -3.14675069277 0.00586784239128
25 -15.7127306098 17.1088063955 -3.48866739383 0.00200536736573
26 -16.6644962931 17.3396792005 -3.40058685424 0.00384880273788
27 -17.5599076099 17.5726434228 -3.06771888069 0.006018004209
28 -18.4929276458 17.7797256499 -2.8371377585 0.00752739215387
29 -19.4208707851 17.8192485418 -2.51514175824 0.00407077947292
30 -20.2930500833 17.7602272405 -2.06564886039 0.00699107017654
31 -21.0777938932 17.6571250082 -1.48291117496 0.00443878020613
32 -21.8471889914 17.3624467203 -0.94716060336 0.0079066589884
33 -22.730257586 17.0998712715 -0.605598912317 0.0019356592701
34 -23.2533259354 16.9621050783 -0.525823144175 0.00155608501576
35 -24.1880775357 16.670952078 -0.531648871122 0.0021602623239
36 -25.0385856556 16.1966209416 -0.431135863012 0.00409618807639
37 -25.8208424073 15.6082269747 -0.441012106906 0.00575872398118
38 -26.6170619627 15.0407528949 -0.484924166148 0.00342415505942
39 -27.5913372058 14.9548615009 -0.451106023825 0.00228308921045
40 -28.4838115872 14.5535568396 -0.443953667601 0.00413123241241
41 -29.3338956677 14.0706877112 -0.404275566951 0.00388008811115
42 -30.0459945957 13.5753816493 0.0483842874186 0.0134654941168
43 -30.8014190479 13.0434249089 0.369057381223 0.0121520434675
44 -31.4110952022 12.3657375997 0.722354964663 0.00509224543957
45 -31.8412267201 11.6014373414 1.15405112502 0.00319550497936
46 -32.208064006 10.7430893821 1.4437553808 0.00211419716912
47 -32.4836787563 9.84133474188 1.70064677341 0.0069911943098
48 -32.4545742985 8.87915801533 1.8680737627 0.00506281773627
49 -32.2223716053 7.94650631319 2.04298864834 0.00550494733935
50 -31.9309696296 7.0175048979 2.12064556456 0.00719112299532
51 -31.5916040905 6.10329580437 2.06981408729 0.00749780708427
52 -31.5521560542 5.20511721685 2.4504484242 0.00558079395989
53 -31.225470187 4.41918224107 2.92841319966 0.00355625236635
54 -30.9916737212 3.54809369931 3.30138055828 0.00351210190361
55 -30.8221973848 2.66262411665 3.67494347591 0.00332784637637
56 -30.5689156655 2.12854089008 4.45153346421 0.00312751864858
57 -30.5027386087 1.57552747016 5.16104238267 0.00170712487834
58 -30.2684495015 0.876505774007 5.80001459768 0.00493574064987
59 -29.8067384786 0.222617169749 6.35736626568 0.00336480424619
60 -30.2336249272 0.946299177545 6.85249486658 0.00393451240849
61 -30.6075833816 1.68606391809 7.36605510297 0.00542478218832
62 -31.2148238348 2.04264663291 8.04039124888 0.008587356768
63 -31.8963448959 2.29256905059 8.69081218346 0.00353524938364
64 -32.7039590551 2.50024804398 9.1949992175 0.00569935574474
65 -33.4123979148 2.50566852209 9.86388700917 0.00625744879547
66 -34.3095219051 2.44511564701 10.2381726235 0.00597907868056
67 -34.8665904448 2.64202199702 10.5085987937 0.00413000707129
68 -35.690505166 2.7644283906 11.0077796308 0.00203808757025
69 -36.6218986129 2.92803751089 11.2276855859 0.00153749754816
70 -37.4856866584 2.98912409884 11.6667329665 0.00565777279488
71 -38.220460839 3.01306938648 12.3006504444 0.00334061415274
72 -39.1062471474 2.89176676998 12.6780373654 0.002373831165
73 -39.8967043661 2.93406646147 13.2393696358 0.00428024027603
74 -40.50486259 2.84861854075 13.9906357243 0.0175496668577
75 -41.1127699144 2.71750065094 14.7343608439 0.00436795112046
76 -41.6533489342 2.71171640232 15.5388978775 0.00518700973838
77 -42.469873339 2.6844252139 16.0596380005 0.00349543346773
78 -42.9295243706 2.63569222744 16.9111658566 0.00212744782146
79 -43.0332753436 3.12240211381 17.742340376 0.00117901616854
80 -43.0634144231 3.68101676176 18.533133332 0.00332643579906
81 -43.0979687385 4.35276708687 19.229824809 0.00641155417589
82 -43.0766460063 5.05610077968 19.8946361654 0.00481672220793
83 -43.0204613739 5.6669298933 20.6432732646 0.0045395289424
84 -42.8931252667 6.45985287103 21.1827212267 0.0017527076428
85 -43.2868391372 7.14034527914 21.7463738814 0.00664712022441
86 -43.8944223236 7.6418601221 22.3070682428 0.00480973010677
87 -44.6420041725 8.19253605432 22.5756256972 0.00334701978549
88 -45.1725608409 8.62403730084 23.2587271617 0.0027516332243
89 -45.7267892802 8.9918015314 23.9598747753 0.005816523141
90 -46.2782645189 9.39370199013 24.6437492905 0.0070662174594
91 -46.9881094531 9.58355579719 25.2702446116 0.00417738723645
92 -47.5575351073 9.5669443762 26.0497653717 0.00510784400875
93 -48.3651207734 9.84370771182 26.4995351712 0.00438329508964
94 -49.2281606048 9.93978553349 26.9195935228 0.0039760821287
95 -50.1263663021 10.0735893873 27.2440356271 0.00367815627656
96 -50.853576483 9.83696141272 26.6567225258 0.0019167791334
97 -51.5778933289 9.78444162673 26.0225319483 0.00277237487149
98 -52.0573466509 9.54288989197 25.2217171196 0.00330228016034
99 -52.6292443975 9.13047820164 24.5646774691 0.00321127445252
100 -52.5636014641 9.0376883944 23.6075423291 0.00320637570337
101 -52.5324658118 8.80643335717 22.6726030748 0.00342668887083
102 -52.8554005183 8.15751126131 22.0384558979 0.000840756903473
103 -53.2442659539 7.65247460352 21.3164542282 0.00377011550084
104 -53.4997631605 7.36522149806 20.4335106888 0.00304478925679
105 -53.8451212182 7.25940767468 19.5410276497 0.00278599604703
106 -54.0783075714 6.92340775575 18.6696500896 0.00335057980462
107 -53.9149178346 5.97787429447 18.7362096817 0.00503044976581
108 -53.8634291956 5.02177713451 18.6485404965 0.00595200425029
109 -53.7312655663 4.0699791014 18.6339206069 0.00218380402593
110 -53.6939672203 3.12352594059 18.472199119 0.00468116033365
111 -53.7670746941 2.27115616428 18.0351966451 0.00357441195204
112 -53.4581983603 1.38556910457 17.8291390224 0.00653910305565
113 -53.2032110381 0.460518621645 17.8103097408 0.00465283244866
114 -52.5387164268 -0.216034344064 17.6649449227 0.00362265190638
115 -51.9881440962 -0.985257286122 17.5067728391 0.00588063865938
116 -51.3472985684 -1.66517506054 17.7212143029 0.00418628644721
117 -50.6360258422 -2.02829489701 18.2511616374 0.00330329810166
118 -49.9793247118 -2.39659870574 18.8438419151 0.00310309182657
119 -49.2176259145 -2.70038686672 19.3388674078 0.00523867051261
120 -48.6745646855 -3.44895321949 19.5861200895 0.00333209133795
121 -48.0192171032 -4.1430378266 19.5188277827 0.00502397611516
122 -47.282555776 -4.75270530491 19.4956649747 0.00546683874948
123 -46.5441477094 -5.28042500685 19.7962436778 0.00882269108701
124 -45.6026788727 -5.21500029687 19.9438055041 0.00638304362566
125 -44.7881784091 -4.72362866465 19.8639510574 0.00208751226951
126 -43.9488561095 -4.29904448547 19.702260598 0.00374318637067
127 -43.1739686846 -3.76652596969 19.5405422953 0.00601163234607
128 -43.0920210542 -3.08621131405 18.8771275784 0.00501240239962
129 -42.8400935248 -2.51654590966 18.1554379424 0.00340289802578
130 -42.5787399198 -1.86275460115 17.5133753752 0.00218344005404
131 -42.5241532687 -1.12118553338 16.9179176046 0.00430449369678
132 -42.8266517268 -0.272520520531 16.6105493537 0.00614322574107
133 -43.115238435 0.633079517377 16.5728629927 0.00460120330982
134 -43.7501242145 1.2566133596 16.9077610024 0.00591799201985
135 -44.3978582529 1.89291206817 17.1875603386 0.00649509410809
136 -44.711444338 2.69138851422 17.5944452681 0.00166492094148
137 -44.699290567 3.41364856944 18.2105871764 0.0106217590422
138 -44.641093155 4.09100981696 18.8716066218 0.00330807638443
139 -44.760259659 4.79973293597 19.4895144999 0.00330870811858
140 -44.6725379534 5.63321386698 19.9309082984 0.00496516319268
141 -44.8965270006 6.51928625235 20.1769010191 0.00767428968587
142 -45.8235372318 6.67156491857 20.2832825899 0.0165382743145
143 -46.4031646546 7.37242350344 20.033184215 0.0204975431603
144 -47.0024967996 8.04429607139 19.7620838679 0.00756725260816
145 -47.4302555529 8.52136975411 19.0750011483 0.00139979660052
146 -47.9024828038 8.92981721715 18.3732478294 0.0137930723526
147 -48.6125844994 9.0865177782 17.7824765918 0.00338044520938
148 -49.2122675374 9.35383424456 17.114753209 0.0046494000018
149 -49.4888084407 9.82985128943 16.358033783 0.00585266086231
150 -49.7186231269 10.2560630653 15.5583865883 0.00801924970035
151 -49.9805806227 11.005452 15.0683082111 0.00533077420927
152 -50.6717611232 11.5907392015 14.8496088863 0.00762043510719
153 -51.3579034714 12.171114443 14.6092609141 0.00358194667979
154 -52.1019060091 12.7073856823 14.4580364647 0.00233875888231
155 -52.8104929621 13.2780779644 14.2699934228 0.00379702392025
156 -53.5583301928 13.8278308143 14.2817224316 0.0113356394588
157 -52.8274889226 13.7821221938 14.8488675098 0.0069037093745
158 -52.0248323788 14.1434717115 15.1311301203 0.00563575468548
159 -51.2420852239 14.6129411111 14.9937022515 0.00665386748495
160 -50.7540431631 15.3933787086 15.0357957647 0.00494044701616
161 -50.242290386 15.0308921884 15.7100298897 0.00686904860626
162 -49.6205202582 14.8356481982 16.3580433325 0.00218993003083
163 -49.5471360041 14.5486676774 17.2279104842 0.00391764383132
164 -49.3120594951 14.3861092832 18.100190119 0.00323143762669
165 -49.2388939609 13.4787358505 17.9977475167 0.00370511853513
166 -48.9963347891 12.6135254601 18.1708207885 0.00471507817093
167 -48.8489492924 11.9913035025 18.8243348442 0.00541084826795
168 -49.1940107982 11.8483759945 19.6575975798 0.00272006659339
169 -49.4298637136 11.491426635 20.4633465767 0.00664996507137
170 -49.6438173214 10.9955480001 21.1959496819 0.000756400332383
171 -49.5807979354 10.1692370244 21.5703590898 0.0154573822353
172 -49.050971412 9.46139886636 21.7599806223 0.00526070744894
173 -48.4798894051 8.98939529824 22.2759118045 0.0356017576976
174 -47.7268729897 8.51935871514 22.3207562455 0.00554155513651
175 -46.9045708977 8.40363748788 22.0102427571 0.0301224494591
176 -46.108771416 8.600290444 22.3070017688 0.00744127245384
177 -45.7012878996 9.08666720349 21.7144741359 0.00869185211037
178 -45.3713477862 9.18061344911 20.9219550041 0.0115476735463
179 -45.5250049467 8.61197145704 20.301139581 0.00629443747098
180 -45.2587338326 7.81190482381 20.1881302717 0.00395830919515
181 -45.3952481817 7.01342451371 20.4391050577 0.00495833042842
182 -45.6161139239 6.21470839642 20.2772959665 0.00679610345198
183 -45.7865561865 5.39515444199 20.3348662708 0.00418639808146
184 -45.3469578146 5.15783110418 19.6636855474 0.00643127851716
185 -45.1068784325 5.43192696003 18.916207962 0.00412652472067
186 -44.8631731894 5.66511671267 18.1600386371 0.00433427960705
187 -44.7874082587 6.0735254569 17.4484936268 0.00852008273753
188 -44.6664319441 6.19302156767 16.6503249271 0.00533556813354
189 -45.2561947049 6.43545047436 16.1512726963 0.00389088928041
190 -45.8657394941 6.92632313067 15.9625287452 0.0107210467793
191 -46.6042465425 6.98760013299 16.236288041 0.016170371799
192 -47.1864231268 6.5382251354 16.0138651068 0.00664557937539
193 -47.6547032571 5.95737129313 15.8782003984 0.0136458927753
194 -47.8474013159 5.2685101792 15.7046515853 0.00430050160913
195 -48.3041573257 4.79158991299 15.3967507728 0.00709388169794
196 -48.6129416171 4.4698821104 14.8366368299 0.00746991788445
197 -49.1809902456 4.44189424975 14.4280871882 0.0100181995387
198 -49.2193054613 3.87900792428 14.0528475046 0.00722782216494
199 -48.7475540587 3.95278546406 14.5081621858 0.0104069723499
200 -48.935959746 4.46381786147 14.8260289935 0.0117224844427
201 -49.2251290335 4.19960715108 15.2724553619 0.00379431600371
202 -49.5213303399 3.91535696747 15.6830523305 0.0101366129244
203 -50.0261586351 3.92783173834 15.8796083772 0.00342671745377
204 -50.2378389849 4.05601008104 15.4126049483 0.0079790653401
205 -50.1326904396 3.84300399524 14.980250951 0.0124705284071
206 -50.529562656 3.67768047295 14.9421611889 0.0165713081768
207 -50.6418459421 3.93534988863 15.1162815849 0.0120556711509
208 -50.5221826008 3.82220980506 15.3135653522 0.00694102896472
209 -50.5435910255 3.84868808472 15.5295963356 0.011094768106
210 -50.6920353641 3.90840613959 15.5503778778 0.00644988916069
211 -50.5950092545 3.91667570326 15.4633459613 0.00795821670121
212 -50.651391897 3.98198345759 15.4203616896 0.0107771486747
213 -50.6183360957 4.0126315634 15.4537571857 0.00613865952059
214 -50.5895212275 4.03172667095 15.4643587777 0.0131533387312
215 -50.5847235027 4.03154691052 15.4597285289 0.00643725668782
