165 -4.70070118601 -0.63836425574 61.6298485039 0.00623725544101
164 -4.7023983144 -0.632750540361 61.6273249464 0.0039045725751
163 -4.69486929402 -0.627475540824 61.6365985681 0.00704462128873
162 -4.67158412634 -0.629545662553 61.618124007 0.00633911924054
161 -4.66285963476 -0.631031491269 61.5703096226 0.00925692379757
160 -4.64913994462 -0.554767043821 61.5969731091 0.00753965250532
159 -4.69696559563 -0.641315428357 61.6493016386 0.00532372448901
158 -4.74161742644 -0.769086413502 61.6348919234 0.00920998262345
157 -4.85709240102 -0.866010588684 61.7352336006 0.00716861574802
156 -5.02833216401 -0.756060403958 61.6552412124 0.00362795036332
155 -5.08320918681 -0.743697119008 61.8870596502 0.0125394102396
154 -4.96639276557 -1.00271657276 62.0175657869 0.00908348075238
153 -4.68866371213 -0.93243345974 62.4323981669 0.00873643042286
152 -4.44697074703 -0.41469909121 62.4868280971 0.00595354687572
151 -4.05982203169 -0.551746929409 62.9179663303 0.0097213088335
150 -4.16412221841 -0.670544745439 63.5247028972 0.00809991699951
149 -3.73417588131 -0.870009442104 63.0805756301 0.00921549058754
148 -3.84750399609 -1.37711989502 63.5086500052 0.0075110198814
147 -4.29341463298 -1.56817319103 64.0007196872 0.0277988048093
146 -4.80583998302 -1.38924308661 64.510320341 0.0031652366441
145 -5.43055138713 -1.69797238101 64.7854342401 0.00460920282708
144 -5.98891056722 -1.89300553932 65.2577784681 0.0102569204949
143 -6.49132044254 -2.01214390881 65.8322271525 0.00373503638562
142 -6.67092106795 -1.72838439374 66.5340206676 0.0058884102258
141 -7.45328304116 -1.71683725958 66.4774594531 0.00920544642648
140 -7.43181474582 -2.12815011781 67.1597303469 0.00198707599666
139 -8.15512332433 -1.92510553543 67.4376559813 0.00492661695809
138 -8.43276861629 -2.61197159359 67.1190090819 0.012045557066
137 -9.1660025403 -2.76111670886 66.7867194 0.00916134422291
136 -9.72527827083 -2.78265170712 66.1768191523 0.00672171068385
135 -10.5374906385 -2.68967004189 66.0179521361 0.00532864779621
134 -11.2329420703 -2.40173506681 65.6508757261 0.003621986155
133 -11.339589869 -1.66803361213 65.2552610369 0.00675496892579
132 -11.7494665576 -1.35371052378 64.5851020688 0.00590312930848
131 -12.1515084869 -1.2332759021 63.8452812924 0.00771264250433
130 -12.088439304 -0.688707003996 63.1883719788 0.00403821032599
129 -11.8855635199 0.0678138279606 62.8390280168 0.00492056074875
128 -11.2214552959 0.602244650324 62.721298213 0.00613397548473
127 -10.3669644074 0.480727335275 62.6765763047 0.00435770801396
126 -9.79241188425 0.399256195271 62.0316254684 0.0375655708673
125 -9.71564273547 -0.120711223571 61.3174651665 0.00331314591121
124 -9.26427397625 -0.726683740988 60.8515752144 0.004205704409
123 -9.26292414506 -1.50725101189 60.4251886536 0.00450233515841
122 -9.18036742172 -2.35072099935 60.1497375216 0.0052996933499
121 -9.43914696533 -3.16003549725 59.8740461511 0.00707686504423
120 -10.2932777801 -3.40806341408 59.766054096 0.00336496254449
119 -11.1376362911 -3.60487698408 59.9972276233 0.00386643739054
118 -12.0112576656 -3.81535959727 60.001877786 0.00420123263712
117 -12.6872461308 -4.34928892923 59.7403106122 0.00425168345879
116 -13.4423846665 -4.55346709571 59.2913145989 0.00712485294495
115 -13.8472930548 -4.33626315094 58.5116603707 0.00576488606884
114 -14.3155987078 -4.54240907723 57.7630123656 0.00402680158668
113 -15.0454766961 -4.68036648646 57.2413781987 0.00458919337407
112 -15.5538234142 -4.59953935751 56.4915415929 0.00393238113756
111 -15.9931128939 -4.08978995626 55.8782854958 0.0067177205753
110 -16.1455320717 -3.35946245421 55.3532521708 0.0192174382481
109 -15.2506520961 -3.26639998259 55.5318989915 0.00538215257791
108 -14.3386838152 -3.17253341124 55.4737739982 0.00563106287629
107 -13.4234643947 -3.26558560924 55.4874367685 0.0101748209642
106 -12.5523204475 -3.56658748473 55.5262456242 0.00608263229983
105 -11.8898873758 -4.16398522071 55.2853605748 0.00219305707108
104 -11.5875043366 -5.00979549037 55.0667465257 0.00443643654763
103 -11.3332130574 -5.86282262088 55.3200614313 0.00239761988486
102 -10.9591807215 -6.65260626992 55.6264389877 0.00272605761502
101 -10.7750530704 -6.94460391432 56.4871770088 0.00345859387465
100 -10.4404589774 -7.29652592687 57.2779591961 0.00685745767221
99 -9.89841837255 -8.0505912284 57.2797235553 0.00215779350571
98 -9.19761645219 -8.56576479661 56.9527034195 0.00414843234528
97 -8.60312613752 -8.97261290733 56.3639970203 0.00962271566716
96 -7.88835602849 -9.2099694293 55.8147667398 0.00488778647615
95 -7.49216803845 -9.12754039312 54.9735398544 0.00414277235321
94 -7.20853473218 -8.87879255117 54.1188158965 0.00571715859284
93 -6.93585504351 -8.17665160978 53.5651261386 0.00618466307152
92 -7.08380759166 -7.41970853366 53.0349937179 0.00815301130761
91 -7.26866135782 -6.69408026724 52.4712257413 0.00381466300797
90 -7.06197544993 -5.95489937673 51.9321927598 0.00563581003429
89 -6.79316652814 -5.35890932153 51.2582377622 0.00274950350502
88 -6.65135461857 -4.7340127937 50.5712740133 0.00506111986261
87 -6.1886602462 -4.01435844889 50.1821576361 0.00779624939098
86 -5.50118515295 -3.54750048641 49.7404294256 0.00484261261762
85 -4.9658247239 -3.34051341574 48.9932655585 0.00874843766707
84 -4.12575011289 -3.22185954106 48.5814900535 0.000947031049424
83 -4.04524648092 -2.4116808033 48.1052064688 0.00493256189437
82 -3.77125778053 -1.62836183715 47.655422651 0.00135631448978
81 -3.69139883318 -0.873232759574 47.0942489886 0.00504333846871
80 -3.14767824464 -0.216027975401 46.6880631909 0.00442139646133
79 -2.5845918431 0.424969724565 46.2809970681 0.0101091101444
78 -1.94886821101 0.823309951991 45.7034352826 0.00458723936215
77 -1.24617641208 1.10751781261 45.1351798097 0.00412899153539
76 -0.531441910295 1.5717129217 44.7206311807 0.00292785843101
75 0.356017052203 1.77949689132 44.4600223971 0.00644689600792
74 1.26349947671 1.81333141984 44.1852904228 0.00147003211064
73 2.13287643541 2.19320940909 44.2004027245 0.00328531703936
72 2.94443303089 2.58211551693 44.5026526388 0.00355646837345
71 3.85668260366 2.78621616496 44.6701199311 0.00305238436381
70 4.76034523407 2.62923447638 44.4224010907 0.00405639541468
69 5.51616579057 2.20230071686 44.034997022 0.00611025490251
68 6.23597948057 2.01854946564 43.4405913348 0.00432070651951
67 6.94612208134 1.72863733076 42.8769509415 0.00834492871851
66 7.70258850187 1.37738475835 42.4165937617 0.00270117575939
65 8.20664537356 0.598621256442 42.1991492841 0.00493827485531
64 8.54233367099 -0.286948041079 42.0904566266 0.00664007666258
63 8.62549147165 -1.10930802967 41.613876595 0.00381963118763
62 8.27676861242 -1.68011144115 40.9327315502 0.0119985481496
61 7.79803689474 -2.00206799389 40.1705751556 0.00405946131685
60 7.05521474126 -2.16987858152 39.5925302963 0.00135334249397
59 6.55572747494 -2.26343302455 39.3234674398 0.00577611223884
58 5.62639709274 -2.40267778639 39.1437970858 0.00362701473414
57 4.69476893134 -2.61775902195 39.102493474 0.00567282642373
56 3.77436923458 -2.79733481554 39.2961695898 0.00382752100306
55 4.13547587941 -2.24619416383 38.6004799541 0.00588991707315
54 4.56348778095 -1.87287592571 37.8280311835 0.0041844110086
53 5.24046475025 -1.38741303057 37.3532441333 0.00237254755981
52 6.05113527763 -1.67475955904 36.9290376755 0.00404683359556
51 6.29652961242 -2.40879486873 36.3620293399 0.00281940417434
50 5.95968196298 -2.91050750358 35.6163161792 0.00578518517848
49 5.72777606533 -2.58310357034 34.7437109313 0.00589151261987
48 5.17977050304 -2.31779176894 34.0005354974 0.00629088315352
47 4.89944564298 -1.93670751312 33.1636913054 0.00582139947282
46 4.71365166245 -1.09841204435 32.7312233398 0.00467424586019
45 4.59723340387 -0.291291352205 32.221279815 0.00458182019736
44 4.79793033895 0.415667131285 31.6001801525 0.0060714423711
43 5.27129003223 1.11499628019 31.1383172511 0.00353839124931
42 5.7880412037 1.76476000454 30.6507409234 0.00386896619912
41 6.32611909313 2.23602547279 30.0057048975 0.00648853609517
40 6.83808907401 2.42801584739 29.2120890572 0.000710058748736
39 6.90525777897 2.41814763089 29.1041528348 0.00652903742658
38 7.21970232021 2.42138232794 28.1899224834 0.00272497581561
37 7.47870097052 2.42506828418 27.2582841591 0.00419715226924
36 7.61658065846 1.96669390768 26.4179207761 0.00303837287964
35 7.17121208108 1.64975535182 25.6199343992 0.00259219938916
34 6.98809402993 1.24640859133 24.7598406339 0.00432740243395
33 7.24224333556 0.801634248893 23.9388893507 0.0018276005705
32 7.61133021493 0.110803719676 23.3708074315 0.00897410061454
31 7.83915487601 -0.750199923337 22.9917065351 0.00192868768386
30 7.94672758898 -1.68102887089 22.7487132046 0.00323215853608
29 7.83181652824 -2.56603068479 22.3731440789 0.0068424856337
28 7.59323771695 -3.25240262636 21.7324830544 0.00367122811508
27 7.26960324444 -3.79053215484 20.9944711592 0.00646794075664
26 6.83685440725 -4.22304443238 20.2426005571 0.00646115507189
25 6.55640900765 -4.48090504779 19.3507634225 0.00166296173716
24 6.30883107568 -5.06915240933 18.6206431231 0.002896498912
23 5.88964834004 -5.64805394127 17.9651001995 0.00398760119005
22 5.37445115543 -5.99516175691 17.2200007574 0.00409071944611
21 4.85145648866 -6.46842432362 16.5537751403 0.00531088085254
20 4.44328359767 -6.89517515865 15.7835282316 0.00424411641605
19 3.82905533923 -7.1685410905 15.0833260783 0.00106013764944
18 3.14435278652 -7.0204804877 14.4113089069 0.0125107272301
17 2.53417364615 -6.68831857931 13.7324657306 0.00432843257067
16 2.12111984725 -6.54219306656 12.8651856958 0.00688474686587
15 1.62698689641 -6.29844035132 12.0645332071 0.011675360761
14 1.15000879274 -5.93581538077 11.298664318 0.00443096751128
13 0.661185660333 -5.40542787376 10.6463479185 0.0032928029092
12 0.111915915927 -5.19339434335 9.8720398422 0.00394297663516
11 -0.503856567557 -5.02581211343 9.13772860259 0.00506892420991
10 -1.06537230884 -4.85434984736 8.36168822791 0.00736378383605
9 -1.54455333814 -4.59312171405 7.55564311753 0.00311490573361
8 -1.88142876961 -4.22353115786 6.72031826727 0.00169714244986
7 -2.19018724596 -3.81741905383 5.89103339738 0.0211881280779
6 -2.36618035759 -3.39025519808 5.03303011152 0.00217160541294
5 -2.31351179926 -2.85182973017 4.22245869091 0.00311475734694
4 -2.32468060543 -2.36713766355 3.37692434649 0.00462409800852
3 -2.18906107869 -1.81827361579 2.58282376279 0.0157386646205
2 -1.77851411533 -1.17566505132 1.97484750981 0.00412128290723
1 -1.23621833008 -0.663404459597 1.34640436953 0.0178616488646
0 -0.631777762966 -0.250725724663 0.700642731371 0.00282353693003
0 0.324653152186 -0.884257048719 -0.286144402137 0.00447986863431
1 0.752142292556 -1.75054368711 -0.475396790778 0.00564449032521
2 1.21139505853 -2.55673649614 -0.804039856992 0.00381066156871
3 1.53074824775 -3.48638585517 -0.853503666918 0.0050053543529
4 1.97734687844 -4.34295743378 -1.0415561873 0.0014884990238
5 2.41465992081 -5.20196497494 -1.23990856682 0.00345257038214
6 2.75123318598 -6.01227177503 -1.68552073484 0.00328558974147
7 3.09779709131 -6.72033364904 -2.27455302154 0.00417786968574
8 3.5163468455 -7.51506837221 -2.67627894286 0.00414020369167
9 3.94418779796 -8.26939854292 -3.14103133512 0.00510763987449
10 4.86226766505 -8.45358889867 -3.44271168645 0.0233404204022
11 5.77413614655 -8.4784239776 -3.80995704208 0.0196642297384
12 6.68737435605 -8.31308554281 -4.13383122193 0.00352539064458
13 7.618606605 -8.14205243656 -4.3977133635 0.00669927841982
14 8.4140440279 -7.73523573047 -4.80717372114 0.0102890131245
15 9.21514669643 -7.29438906042 -5.16681317885 0.00628042983302
16 9.83644683323 -6.74600697918 -5.69459584201 0.00445120149074
17 10.5479650909 -6.11475814466 -5.9400488909 0.0103911054861
18 11.0654641095 -5.6184041558 -6.22658360641 0.00940669027762
19 11.4535717864 -4.85175220269 -6.70017608164 0.00501503047073
20 11.9556236166 -4.06619328873 -7.00546620557 0.00317473628477
21 12.4513965971 -3.25010976525 -7.22997676042 0.00620683300928
22 12.8877009219 -2.39865672065 -7.44576828993 0.00488036357717
23 13.1989360542 -1.48533796068 -7.62082103063 0.00152032022987
24 13.3035204309 -0.565853179012 -7.94524360761 0.00806538457018
25 13.4264889369 0.406720639208 -7.93230111563 0.00433589230489
26 13.4960491967 1.38450526798 -7.94120668611 0.00539001130337
27 13.4379093561 2.35884029996 -8.03074023191 0.00580651250719
28 13.0779052127 3.20544068359 -8.36864324121 0.0041063315429
29 12.7396147716 3.92901387402 -8.93649487056 0.0083244826985
30 12.3323390448 4.60326913796 -9.51921083661 0.00853944556934
31 11.6223363122 5.05979312023 -10.0162384267 0.00271381437068
32 10.7064938478 5.38511379761 -10.1372789682 0.00252566871218
33 9.79562255074 5.32504676299 -9.78244803468 0.00370837710112
34 8.97215018533 5.81560387183 -9.58196627629 0.00362006144116
35 8.17664743388 6.27365573141 -9.24112319493 0.00777812182781
36 7.21113818882 6.40030606972 -9.14075892202 0.00419566588133
37 6.26000815015 6.62933732187 -9.10936603404 0.0133522510873
38 5.29420269241 6.47685814678 -9.07292649793 0.00938547060752
39 4.36260684311 6.35060241835 -8.80260557699 0.00948992682356
40 3.40105644368 6.20248864489 -8.70372414872 0.00734688295143
41 2.50972600069 6.111387719 -9.09513966323 0.0106839408147
42 1.65983254398 5.90811075322 -9.53301116203 0.0059904681876
43 0.729474926075 5.74297837707 -9.78216088257 0.00421145221387
44 -0.203020855894 5.50163032206 -9.94595119456 0.00456403817487
45 -1.15702925165 5.2914184401 -9.94663694515 0.00431489077282
46 -2.11440615368 5.12134683183 -10.039179846 0.00684877801959
47 -3.06361998997 4.93371240742 -10.1711645926 0.00911580754413
48 -4.0052122348 4.72065531398 -10.3162893269 0.00484803053497
49 -4.87212798156 4.27371291222 -10.3539387666 0.00321529232344
50 -5.73142678406 3.83043113014 -10.4867019435 0.0032639469124
51 -6.44474037952 3.16762582737 -10.4221701895 0.0109582480321
52 -7.17946523917 2.52862819707 -10.4805895653 0.00585464047841
53 -7.85806770059 1.90200607273 -10.7937536039 0.00429726623912
54 -8.58747401717 1.36144670659 -11.1497254191 0.0204612390144
55 -8.96886673689 0.48335856196 -11.3311374005 0.00541810862626
56 -8.78571898298 -0.290522754787 -11.8940080488 0.00419054377309
57 -8.14550252026 -0.842603040933 -12.3779550879 0.00182219737344
58 -7.31574810772 -1.05513653777 -12.8416987045 0.00718706919828
59 -6.54687608991 -1.26816284567 -13.4000162746 0.00277044600512
60 -5.73756704951 -1.5099051715 -13.8843313327 0.00715307561666
61 -4.9874411592 -1.0094243303 -14.2506176627 0.0064751772117
62 -4.41049297201 -0.241209633091 -14.4045654112 0.0058176563288
63 -3.71800810477 0.417865809722 -14.2247104488 0.00603055256458
64 -3.20377318323 1.22214798182 -14.4103623586 0.00104481117887
65 -2.73688259342 2.03042775928 -14.1375577598 0.00504222354569
66 -2.34204757459 2.90187778869 -13.9645076729 0.0111088933796
67 -3.09341311136 2.76521968814 -13.3633269866 0.00290840027762
68 -3.91383202103 2.80013873529 -12.8437109848 0.0114088990912
69 -4.666095988 2.37057589244 -12.4046081175 0.00300021925347
70 -5.43835332657 1.95608687022 -11.9865537042 0.0220405503506
71 -6.09207583553 1.44243320799 -11.4867447658 0.00452339983752
72 -6.71568220441 1.06165672174 -10.8488913316 0.00315147769028
73 -7.29538064978 1.24589878953 -10.0935083704 0.00470370368691
74 -7.70818692965 1.13415007255 -9.22319736346 0.00318442400556
75 -8.47494924258 1.22753599727 -8.63757548197 0.00409481567295
76 -9.36862117862 1.31647252008 -8.2736872445 0.00654898375586
77 -10.1643928836 1.37072556546 -7.72387038393 0.00373219937835
78 -11.0662617907 1.29202930649 -7.37983660632 0.00427496168263
79 -11.9684172266 1.02802753001 -7.14782618527 0.00612610715559
80 -12.8071156844 0.932603544155 -6.67408340995 0.00607873718047
81 -13.7147389491 0.887205747737 -6.34190475469 0.00181743801931
82 -14.4577925257 0.426672982496 -5.92737322989 0.00156507894424
83 -15.0502616065 -0.193273772178 -5.47952900241 0.0126155515042
84 -15.5888675417 -0.965396350261 -5.26023352604 0.0055062720826
85 -16.1330615186 -1.64032976035 -4.8333769912 0.00418151263744
86 -16.5279087778 -2.39750936268 -4.3814809406 0.00297058139731
87 -16.8848749613 -3.15121888184 -3.89401050764 0.00502112570072
88 -17.3066600573 -3.96335283543 -3.58592668495 0.00593822450896
89 -17.9647713622 -4.66522237485 -3.66234055349 0.00420100652378
90 -18.5978546036 -5.36870660705 -3.85052397829 0.00446370205223
91 -18.9417837636 -6.26182187524 -3.97129209952 0.00241659895685
92 -19.3425254861 -7.13865684473 -3.99919708745 0.0285666561151
93 -19.7784504548 -7.99681329597 -4.00637344103 0.00445458568214
94 -20.3089009832 -8.77265042615 -3.7998272494 0.00423957549269
95 -20.9798749151 -9.4598399106 -3.85361705257 0.00341779364343
96 -21.7236907745 -10.0174741602 -4.10000646111 0.0045189674614
97 -22.5492426976 -10.4430709736 -4.34824317856 0.00318512445836
98 -22.9249148542 -10.7499352769 -4.66243782909 0.00356694859086
99 -23.335413908 -11.6139885949 -4.67550262319 0.00598444517277
100 -23.3954800656 -12.5482699166 -4.48107556234 0.00277171342029
101 -23.5666071085 -13.4762714588 -4.63376884982 0.00597313239515
102 -23.5673359838 -13.5137229951 -4.6436217697 5.85281586114e-05
103 -23.7687811613 -14.4179824586 -4.84237413365 0.00519270656752
104 -24.1016122971 -15.2124968949 -5.23571011747 0.00567455696522
105 -23.9853540898 -15.7342315968 -4.45440385888 0.00951929512138
106 -23.8898445782 -16.181677853 -3.62697962901 0.00642014419254
107 -23.9023439708 -16.4165020042 -2.71193210095 0.011122603027
108 -23.6336871907 -16.5459030921 -1.81709964439 0.00715134946329
109 -23.1175963622 -16.5676147233 -1.02934222408 0.00424553522562
110 -22.3791466929 -16.6803618659 -0.456939554744 0.0040151072093
111 -22.1193530322 -15.9430602072 0.0658604337832 0.0104700472916
112 -21.8588881865 -15.1082199539 0.406843780947 0.00307088043019
113 -21.7751594968 -14.1853011236 0.552355982415 0.00448732101915
114 -21.5302979203 -13.2846966766 0.465652061022 0.00522205133923
115 -21.3966391089 -12.3980672963 0.735990140049 0.0062329494389
116 -21.41819368 -11.7340182354 1.39504576312 0.0140025207435
117 -21.1036623524 -10.98321934 1.85114845858 0.00545545047151
118 -21.0847524553 -10.3181604931 2.50425617624 0.00474936329538
119 -21.5454157199 -9.60251001125 2.8818331789 0.00890614324506
120 -21.9876416504 -8.78608603474 2.91710471275 0.00342573277394
121 -22.6836855556 -8.55427344878 2.34742190119 0.00585429613927
122 -23.513032326 -8.36499854217 1.97803399092 0.00178001026583
123 -24.2215389593 -8.43545691087 1.38396705338 0.00490883181603
124 -25.0653155239 -8.46481457784 1.0036688441 0.0047483645243
125 -25.9143072314 -8.83139916912 1.00751746227 0.0189398162578
126 -26.7612337149 -9.11848409368 0.789821878466 0.00645190076219
127 -26.8829683154 -9.45692513421 -0.0565488155173 0.00392497753196
128 -26.7649905817 -9.87104823278 -0.867911373393 0.0032242175555
129 -26.8107403079 -10.7821305667 -0.95987729437 0.00446760398998
130 -27.1747862972 -10.3194186083 -1.66199851877 0.00521070927657
131 -27.6979385108 -9.86954266708 -2.26249460587 0.00583904891844
132 -28.0793387344 -9.75182788399 -3.08415331265 0.00438801397765
133 -28.1525818097 -9.6127995372 -3.98291474966 0.00627457170732
134 -27.865667094 -9.73290293841 -4.83856030951 0.00943164950119
135 -28.2203344047 -9.31927592509 -5.56391113739 0.00301796374719
136 -28.5407706878 -8.77719571122 -6.2154075305 0.00685128170485
137 -28.6538152832 -7.89828205755 -6.04065304036 0.0041287034015
138 -28.7012588358 -7.02417146685 -6.25737786308 0.00935798566288
139 -29.4706045931 -6.78767230367 -6.6570767759 0.00598384651854
140 -30.2380022385 -7.16140320915 -6.93050487431 0.00307690553495
141 -30.6415963449 -7.46421060376 -7.67076405011 0.00401114935715
142 -31.5050931959 -7.50582427583 -7.89655528117 0.00827590738407
143 -31.8294605593 -8.20958592335 -8.33501128607 0.00285007758521
144 -32.0960278092 -8.99283088529 -8.66030484661 0.00511249242965
145 -32.058647476 -9.52326930043 -9.37083052855 0.00800472562197
146 -32.0356559151 -9.48010933477 -10.2538238692 0.00350999784978
147 -31.847302286 -9.7683131033 -11.0663958713 0.00581392026671
148 -31.3298301171 -9.92559975075 -11.7597944903 0.00582081741086
149 -31.9139301605 -10.0165608685 -12.4067427934 0.021533688358
150 -32.1450014281 -10.3388319967 -13.1752203144 0.00796100918598
151 -32.0312270006 -10.0343518383 -13.9713803362 0.0203461540642
152 -31.9758360363 -9.64023705688 -14.7177708714 0.00314582650524
153 -31.7862513408 -8.94805800333 -15.1595181123 0.00525973576442
154 -31.4198076885 -8.63564229972 -14.4721751123 0.0117715155254
155 -31.0112328647 -8.08338046968 -14.0084316634 0.00922563752823
156 -31.0297522008 -7.36822032368 -13.6070519259 0.00650628378319
157 -31.3353816588 -6.61504213126 -13.5721890187 0.00745329049017
158 -30.8699451064 -5.99268886827 -13.7857004812 0.00396550997287
159 -30.8759245925 -6.61196191653 -13.2758964252 0.0104418457056
160 -30.3956584573 -6.87783515002 -12.711937554 0.00429052561276
161 -30.1163896899 -7.37542331763 -12.1781017563 0.00443328026027
162 -30.1177485805 -7.37563378582 -12.167909702 9.48801722193e-05
163 -30.3110616871 -7.05280700169 -11.8043206704 0.00666162437592
164 -29.9541235439 -7.38282835307 -11.7205351635 0.00556447558948
165 -30.0488067725 -7.44250902197 -11.2665200953 0.00835271334611
166 -30.3003884586 -7.58194251305 -11.5797472454 0.0107416758774
167 -30.1116785664 -7.31806470402 -11.7357581158 0.0203822252218
168 -30.2246151126 -7.43565175991 -11.905955036 0.0115975103909
169 -30.2619873738 -7.51377781656 -12.0574687424 0.00803917790042
170 -30.3251167734 -7.39787911735 -12.026860939 0.0282915013008
171 -30.2977664898 -7.38706004594 -12.0321271444 0.00386530542551
172 -30.3142128857 -7.38630538351 -12.020419904 0.0108663059693
173 -30.3143662752 -7.3845590282 -12.0200872942 0.00248730190125
