185 25.6083941246 -13.2224344327 49.8758327585 0.00556595452079
184 25.6060025153 -13.2273054303 49.8760153848 0.0142693863713
183 25.6421637349 -13.2237191669 49.882108276 0.0084084458265
182 25.6917993761 -13.1865850441 49.9017606991 0.0143824727104
181 25.7649680517 -13.0931503045 49.9304329528 0.00917532335391
180 25.9037519198 -13.0247018744 49.9897715846 0.00910248632905
179 25.8534758469 -12.8240273264 49.9405817649 0.012665065477
178 25.7592576009 -12.994273402 50.1476565854 0.00831597852845
177 25.8153246557 -13.1897558567 50.4156647336 0.0182478570709
176 26.2207161544 -13.0212848011 50.485928958 0.0170366241171
175 26.4316155689 -13.0291130227 50.0052576608 0.0128993342911
174 26.3256959968 -12.7100366374 50.4721593643 0.0181236815286
173 26.5992496981 -12.3483574458 50.9154129411 0.0060575705834
172 26.8193041597 -11.9031196353 50.494491711 0.00740379579899
171 26.317548955 -11.5462939688 50.2306938675 0.00574963259684
170 25.6810202748 -11.6270937122 49.9949577809 0.00585659618716
169 25.5549234276 -11.9159588725 49.3724591139 0.00459031122575
168 25.3341407589 -11.9469812566 48.7008932426 0.00767936658428
167 24.681210953 -12.2063597956 48.5371199203 0.00341593330129
166 24.0399714379 -12.2612715406 48.1968703664 0.00486338425803
165 24.092006614 -11.5447612254 48.0351843263 0.00931650238493
164 24.7344090917 -11.9148085154 48.1602756657 0.00366835766724
163 25.0386780897 -12.4748960464 47.7499975945 0.00583786963401
162 25.7384269458 -12.1654748191 47.7934225568 0.00402511611778
161 26.278336468 -12.6294100682 47.4937723797 0.00954967732461
160 26.9530174351 -12.8385553367 47.1507468439 0.00654038006
159 27.7218172926 -13.0179329136 47.0752614269 0.00306851131189
158 28.050865515 -13.4625143095 46.5007449928 0.0114228383534
157 28.5836317223 -13.8524457447 46.0275586621 0.00293369251847
156 28.1097440266 -13.8533158206 45.3635756319 0.00486104524719
155 28.7523416117 -13.8595349198 44.8541723909 0.00452979242516
154 29.360293285 -13.5206733349 44.4128827287 0.00482991862244
153 28.974652074 -14.2517550254 44.3638028717 0.00510029956479
152 28.743654467 -14.7230443113 45.0111037227 0.00528738387653
151 28.5618572218 -15.5394990964 45.0346547436 0.00778489767856
150 27.9355410439 -15.977939532 44.6791218556 0.00554140113302
149 27.4362344149 -16.0119833 43.9945718989 0.00259199460662
148 26.62692481 -15.8178260497 43.8272858105 0.00911815803421
147 26.5626356773 -14.9737184368 43.7062786861 0.00699000510276
146 26.3609887592 -14.5390197635 42.9913640499 0.00635605322756
145 26.3315718897 -14.4967489505 42.1279020637 0.00346244935126
144 25.9388473658 -14.0800647289 41.4776565072 0.0230445816686
143 25.9400373432 -13.6774290414 40.6961328641 0.00735800768465
142 25.8085186971 -13.3403189512 39.8909463638 0.00234326864015
141 25.6005390004 -12.8873948896 39.1612560508 0.00497679860999
140 25.6259420962 -12.5060603907 38.3618069753 0.00495106011986
139 25.883050315 -12.6121514251 37.5180610085 0.0103913399709
138 25.5348690996 -12.7551214259 36.7086259151 0.0029549301196
137 25.2885913152 -13.0462838902 35.9002056148 0.00662648465796
136 25.1232578084 -13.1511156436 35.0252252107 0.0100982169433
135 24.7599000393 -13.1350136365 34.2017532032 0.00392088195771
134 24.2459765898 -13.0600058986 33.4650076643 0.00589482397734
133 23.5261043911 -12.8280949509 32.9716335603 0.00405659075151
132 22.9864837076 -12.2206751293 32.5747497615 0.00850200513337
131 22.2306755715 -11.8109725478 32.8635436247 0.00348260389688
130 21.7050999325 -11.3469757596 33.4411495229 0.00489689698593
129 21.2952739035 -10.6757180988 33.8983487646 0.0054937501578
128 21.0460174641 -9.80321245881 33.8166843924 0.00408789977157
127 20.7224277459 -8.97619164842 33.6077218597 0.00448403199026
126 20.5849990237 -8.07330596567 33.5857243103 0.00395650938381
125 20.8280170596 -7.22087327657 33.3598481552 0.0030044073652
124 21.2372954972 -6.59798577192 32.8275937327 0.00369555422056
123 21.0140312315 -6.15626002913 32.2846639325 0.00348129464885
122 20.9586803985 -5.47313566587 31.6618925141 0.00356457757567
121 20.779831118 -4.67780751028 31.2213958015 0.00755418252257
120 21.1499056118 -3.98954485814 30.720403343 0.00392760797046
119 21.0771094603 -4.21295250805 29.8208838708 0.0066678626604
118 20.5946055425 -4.91712328689 29.4511191076 0.00349386343403
117 20.0469951821 -5.62006139199 29.1818016761 0.00512692559326
116 19.4168588559 -6.08698036182 28.6781610545 0.0126317230067
115 18.6194810679 -6.19655273811 28.2036107063 0.00546413304127
114 17.7594901506 -6.46276900009 27.95054524 0.00395748639244
113 17.1841268902 -7.11077112165 27.5970625724 0.00383188848709
112 16.6218239105 -7.8593124386 27.6164815846 0.0129201457637
111 16.0142522485 -8.51400398921 27.3279583533 0.00908408692155
110 15.3162934625 -8.67415745855 26.7185164381 0.00394990083898
109 14.7762904505 -8.56394879276 25.9556402034 0.0024934701593
108 14.1825136518 -8.23964574647 25.3011160898 0.00477034750966
107 14.2443094208 -8.68137000087 24.4710552544 0.00220122572715
106 14.2217771105 -9.36459382137 23.822403611 0.0157128594457
105 14.3387127254 -10.1936966393 23.3857134853 0.00758107208036
104 14.1606968931 -10.9260793699 22.8148757786 0.00283614728185
103 13.7783396346 -11.4771009489 22.147783072 0.00512796959842
102 13.1409137895 -12.0356805183 21.7267137066 0.00308426610694
101 12.2070239282 -12.1803636798 21.6720984677 0.0035147713088
100 11.3203437743 -12.5115730255 21.703650377 0.0166005432851
99 10.3942578199 -12.5713686725 21.5047991485 0.00312543405287
98 9.54371851984 -12.4453895194 21.1018708683 0.0034457124376
97 9.02653442661 -11.898785129 21.6818802588 0.0055491550524
96 8.33018072036 -11.2528851329 21.6469423188 0.00355931393826
95 7.87787848954 -10.4527377425 21.4033363115 0.00257798286295
94 7.76805696378 -9.52099330122 21.2470351272 0.00415789666629
93 7.60890667249 -8.61681062415 20.9966792549 0.00533936044508
92 7.58678954593 -7.68357739206 21.1842328484 0.00342605539655
91 8.10826341943 -6.94671202129 21.4882952472 0.00723616333674
90 8.72742999702 -6.26711444631 21.2362870123 0.00948822840114
89 9.42750128691 -5.90828387236 20.6959091596 0.00333147526258
88 10.2590365577 -5.51394864372 20.4425397085 0.00710302141212
87 11.0868558981 -5.11561533844 20.1808262084 0.00435780853882
86 12.0251543754 -4.99924519851 20.0422260407 0.00493990687101
85 12.8970193076 -5.31580394636 19.810455448 0.00484411997687
84 13.7013738596 -5.83249849052 19.7807911338 0.00476266111692
83 14.0785327635 -6.51148923865 19.2214937447 0.00289791365285
82 14.4406781169 -6.98804952251 18.4740568816 0.00398579907645
81 14.2692220154 -7.5378219467 17.7085699855 0.00993813528557
80 13.9222526833 -7.92051289123 16.9008126592 0.00175931926442
79 13.3937378548 -8.0493068984 16.1111068493 0.00378860247484
78 12.6162644259 -7.90422159634 15.5687181858 0.00378317553515
77 11.7181433738 -7.68680712221 15.3116330789 0.00343107618959
76 10.8414177473 -7.34637992034 15.1220685403 0.00479976837856
75 10.0297132346 -6.84430408566 15.0209382959 0.00468643200202
74 10.5233425469 -6.80595595908 14.197766373 0.0263940489225
73 11.3666495994 -6.74633772943 13.7382111196 0.00698030846184
72 12.272022494 -6.91702324553 13.4591755697 0.00689121449493
71 13.1784132259 -7.17905165373 13.265888793 0.00245672714123
70 13.7640574875 -7.90388002408 13.5099327072 0.00443182751682
69 14.2084976378 -8.74748227324 13.6486717885 0.00359279523907
68 14.8170261762 -9.4012627446 14.0110269717 0.0018402806652
67 15.3775450038 -9.99479423997 14.252694381 0.00407210933835
66 15.8324259145 -10.7871443626 14.5694985888 0.00398699170844
65 16.377954082 -11.5848171885 14.608813543 0.0128434363845
64 16.8753299634 -12.4049348142 14.4790178337 0.00360653796012
63 17.2210012937 -13.2714702768 14.220402422 0.00542923254799
62 17.4367538301 -14.2154620268 14.2117106824 0.00482552791194
61 17.5714484654 -15.1715900686 14.2886573085 0.00749360177709
60 17.6377880949 -16.1277612876 14.4313032479 0.00295744557453
59 17.747281392 -17.0688817419 14.635339404 0.00401067563123
58 17.4691959685 -17.9043252057 15.0409872403 0.00527594536173
57 17.2749800783 -18.7140017453 15.5381253419 0.00561596296045
56 16.6882968713 -19.425195813 15.8394960002 0.00595864242294
55 15.8755738182 -19.88621071 16.1008436818 0.00477919102159
54 15.0789136503 -20.4402008009 16.0882340021 0.00398168611767
53 14.250483397 -20.9292759122 15.9593069026 0.00513089662682
52 13.3805328199 -21.3572338906 15.9082873795 0.00498648003101
51 12.5971372544 -21.9215035859 15.8038321583 0.00737672505524
50 11.7118950265 -22.3215093188 15.8027265581 0.00345582472747
49 10.8091642473 -22.5200533254 16.1022324644 0.00437924522213
48 9.92690873713 -22.7199684439 16.4573618527 0.00394350993206
47 8.98297197716 -22.7993234999 16.6750878005 0.00425892774572
46 8.07188143155 -22.8187588339 17.0137279429 0.00287104668533
45 7.49164220598 -22.0755704016 17.2510442991 0.00235246190232
44 7.18384281662 -21.155316867 17.31321164 0.00368792287266
43 7.04998642118 -20.2308538257 17.583934844 0.00432949995103
42 6.75731390168 -19.3187605744 17.752993678 0.00569184604048
41 6.60248393136 -18.375552018 17.9346536645 0.00677748987679
40 6.41975401731 -17.5010653148 18.3208419177 0.00108786842988
39 6.41147224597 -16.5455669226 18.5057579225 0.00438999042079
38 6.17453730062 -15.6043290936 18.4316641219 0.00884418967158
37 6.17685557924 -14.6702684291 18.1563010853 0.00289149758376
36 6.47874129471 -13.7547310897 18.018009169 0.00508436229831
35 6.71403592273 -13.1026915476 17.333373073 0.00195216370771
34 6.82325379311 -12.5327035104 16.5506206 0.0062731537648
33 6.99053128051 -11.7745790462 15.961546037 0.00238394858075
32 7.22544941056 -11.1717784263 15.2324910265 0.00374282426584
31 7.67224567442 -10.4437907191 14.7629337388 0.00284516323321
30 8.24035272296 -9.88719218956 14.1991810991 0.00248715188194
29 8.98370797646 -9.53693041995 13.6745434382 0.00317559378291
28 9.57815633614 -8.9481119838 13.1739112913 0.00472869641231
27 10.2951072673 -8.49265483172 12.694784745 0.00662714503656
26 10.8792193236 -8.2670719865 11.9466650803 0.0107820328051
25 11.3340547137 -8.21033986589 11.0849562624 0.00570872668741
24 11.8591248688 -7.98231745162 10.2942455555 0.00357619523933
23 12.4791529784 -7.75858987505 9.57412448863 0.0080633274953
22 12.2102309734 -7.47978661573 8.67759524144 0.00285295726153
21 11.9227521006 -7.55128775333 7.74684814642 0.00336794000365
20 11.7465196351 -7.76501173729 6.81008121581 0.00434049855307
19 11.5009750565 -8.09909985483 5.92545874732 0.00126007716706
18 11.1518122461 -8.21301633435 5.02009682887 0.00366256612034
17 10.398144925 -8.50976738714 4.47391859765 0.00468742768136
16 9.6740912041 -8.83346000871 3.90324624 0.0104316916184
15 9.09186156808 -9.01482090002 3.33430368043 0.0054192874001
14 8.37298821042 -9.06781515709 2.67338866359 0.00348602682958
13 7.68806405977 -8.90617552377 1.99414863727 0.0118636644766
12 6.96251759384 -8.52767504618 1.4579783026 0.00426382559688
11 6.09800827506 -8.30948518994 1.0550867441 0.00345599433473
10 5.35139936274 -8.03704806728 0.484148636703 0.00221149908228
9 4.61368914908 -7.60890638107 0.00441221339702 0.00623780463186
8 3.80082479308 -7.22325029661 -0.38090750259 0.0042745967778
7 3.16808713227 -6.54185213092 -0.686655218973 0.00482546394042
6 2.45574467298 -5.90319056149 -0.894126996721 0.00390479446269
5 1.64793564985 -5.35474661637 -0.822018573038 0.0049216238131
4 1.12803486277 -4.53297920811 -0.707071147899 0.00165022282147
3 0.639381205943 -3.68750791762 -0.634350886407 0.00606501202162
2 0.258911125737 -2.78982065732 -0.541558677095 0.00319799989275
1 0.249722542542 -1.83997211248 -0.302576536196 0.00617938212739
0 0.275136789314 -0.937207858085 0.077101970349 0.00624354004452
0 0.198622710037 0.220064095314 -0.936471332982 0.0055889897813
1 0.541380365534 0.404542917218 -1.83817652932 0.00541660838745
2 0.893471198357 0.625876693444 -2.72777828903 0.00514807718171
3 1.28607052095 0.764486002381 -3.61703843411 0.00592763945985
4 1.60803413575 0.994057133358 -4.51566228336 0.00174478575584
5 2.08855984214 1.3902907463 -5.27445114961 0.00252224458196
6 2.79055833744 1.57417059829 -5.93540157802 0.00295511586314
7 3.4844637276 1.85896165612 -6.56841547601 0.00794926987953
8 4.23568109596 2.2128880102 -7.09119005292 0.00307992100958
9 4.93239046745 2.67249151082 -7.60704188103 0.00206503576826
10 5.61695913633 3.25995204482 -7.99282628816 0.00394558437038
11 6.3430498056 3.70805995824 -8.47701898403 0.00372732071191
12 7.14554837093 4.27101462117 -8.51175870118 0.00374874771174
13 7.75461700908 5.03787538216 -8.45774725813 0.00700956118516
14 8.09856441942 5.92976073958 -8.67661161624 0.00623493622814
15 8.51148772951 6.79256223327 -8.89209752951 0.00396378913077
16 8.89899853704 7.56390967537 -9.35701687467 0.00428659763637
17 9.22980447696 8.37404256409 -9.79897225106 0.00440928015747
18 9.04492993446 9.27350242783 -10.1419012047 0.00608444566507
19 8.91896197002 10.2011727847 -10.4318091367 0.0051662163754
20 8.71213359743 11.0767504964 -10.8202201788 0.00383616707118
21 8.53090349777 11.9232350827 -11.2792922987 0.00437279782934
22 8.35608233324 12.8159061754 -11.6432013166 0.0240359902901
23 8.03386050304 13.7117867368 -11.8715084633 0.00474902824263
24 7.51284006899 14.5119879664 -12.0871733056 0.00384042750924
25 6.92934904215 15.2977055382 -12.102713415 0.00475609386181
26 6.33240113123 16.0696594632 -12.1771513552 0.00255075265235
27 5.52821891931 16.6271434507 -12.164518052 0.00247795550665
28 4.66353752685 17.0839437271 -12.1301536653 0.00362878788778
29 3.80563662378 17.5193637689 -12.3083618058 0.00174647911756
30 2.92502305442 17.9440922657 -12.2716410221 0.00644659676134
31 1.95674355432 17.8378361729 -12.1821428019 0.00118972405141
32 0.999611796977 17.7987151223 -11.9841790654 0.00227134208016
33 0.0997433290357 17.7182825691 -11.609298695 0.0198175944902
34 -0.813429655268 17.606158076 -11.2789423141 0.00533806055755
35 -1.73372524755 17.2833473571 -11.2153712836 0.00240749813357
36 -2.53572087329 16.8823288193 -10.826593827 0.0030609297736
37 -3.3384292934 16.4669459815 -10.4550006374 0.00566766940155
38 -3.9753243827 15.8954782881 -9.9833290429 0.0043412307387
39 -4.60790202235 15.2774948548 -9.56821561994 0.00347707808965
40 -5.15927275966 14.5746071974 -9.17313741093 0.00665328021893
41 -5.54406976291 13.6955643118 -8.99190738355 0.00640872650126
42 -5.87260708994 12.7824799161 -8.88447604017 0.00548106938072
43 -6.1016514829 11.8337258911 -8.86897058474 0.00288272763758
44 -6.31436131882 10.8811784334 -8.87635285616 0.00720346887312
45 -6.60847023605 9.95409146571 -8.79771919987 0.0207316408719
46 -6.49233294006 8.9976916809 -8.64745791599 0.00336490699683
47 -6.25976074104 8.05180497401 -8.60597729393 0.0053911396164
48 -5.93571367518 7.13880145132 -8.71347124067 0.00385257982101
49 -5.49693045245 6.33731136828 -9.05263490129 0.00300870902615
50 -5.05573325028 5.57376940996 -9.4675197756 0.006305590756
51 -4.66281790308 4.88782532307 -10.0372137582 0.00802070360805
52 -4.30808578391 4.0798373539 -10.4495752382 0.021063244495
53 -3.8816483837 3.21216587788 -10.5602681138 0.00602103147518
54 -3.304212853 2.4316716336 -10.6224328386 0.00428444109953
55 -2.61889480439 1.74375882173 -10.6793176988 0.00381196857067
56 -1.9328521787 1.06064348437 -10.7715864937 0.00542739846342
57 -1.53175638586 0.176347829517 -10.8216299966 0.00566484041627
58 -1.05814292472 -0.672362530714 -10.8053259996 0.00417821121583
59 -0.426665697554 -1.40283602249 -10.6949305617 0.0063602336613
60 0.434893037953 -1.77138444187 -10.4381495549 0.00334377528769
61 1.26219275936 -2.26350038848 -10.3073537233 0.00169685170403
62 2.16462194821 -2.62271790773 -10.2959507034 0.00217081571973
63 3.00136784189 -3.09314939058 -10.1478743766 0.0129895037645
64 3.82088792498 -3.517652349 -9.84710122595 0.00323203931102
65 4.60944013204 -3.87048655245 -9.40462706943 0.00165264997032
66 5.38798632409 -4.28957899866 -9.00446450577 0.00502280734061
67 5.88488238181 -4.4177792426 -8.18068206397 0.00754910075379
68 6.2741751992 -4.13033005326 -7.33978560656 0.00853835855527
69 6.87351090662 -4.12629515129 -6.5774734453 0.00326893450293
70 7.21269475043 -3.99128291491 -5.67915159817 0.00539158786252
71 7.65510492393 -3.59543009972 -4.91294446359 0.00246668146693
72 8.15890400569 -3.06654117283 -4.27613379073 0.00543017059546
73 8.51863754704 -2.47131792277 -3.6016915245 0.00923477588252
74 8.80225155272 -1.81587386075 -2.94781660894 0.00466995200323
75 9.55898252575 -1.25583778303 -2.72327446282 0.00204044659787
76 10.2764247317 -0.701983069258 -2.38404488643 0.00421332331141
77 10.8734128432 -0.104851711839 -1.91153846955 0.00527858701793
78 11.0855261339 0.734337120729 -1.4798184681 0.00362045517013
79 11.2657927999 1.54489741293 -0.984058948419 0.00312978081146
80 10.9408731481 2.35314795444 -0.564515344608 0.00381893744082
81 10.1727497128 2.8859579584 -0.318745106257 0.00167034852649
82 9.49520704401 3.39636583924 0.144620579298 0.0035614031797
83 8.78773709652 3.8352616785 0.635304792975 0.00464385391547
84 8.05565298558 4.36973628462 0.969409050325 0.034348744374
85 7.3128705336 4.8025823421 1.40539061502 0.00567216523987
86 6.8704763593 5.52993149286 1.85672176812 0.00437076117542
87 6.68714785962 6.43763946065 2.12162348112 0.00505817799546
88 6.59504931788 7.394089954 2.06092734782 0.00266882370388
89 6.64757705495 8.33180843817 2.27206973408 0.00259375981089
90 6.67196148418 9.26635613274 2.50085184123 0.00707948229557
91 6.33820900902 10.1412139415 2.72124358397 0.00467428328723
92 5.79473632411 10.869774136 3.03523026601 0.00123033542945
93 5.13972278699 11.4555156668 3.4257551078 0.00635248807819
94 4.30015976332 11.8192519324 3.71984043166 0.00867296810478
95 3.42752332537 12.0576421558 4.04247043431 0.00509231092468
96 2.58259769898 12.2339052325 4.46292681736 0.00727487577897
97 1.64730502777 12.4443093016 4.42589501063 0.00719845767798
98 0.69679564642 12.4440491186 4.55176975054 0.00333259642031
99 -0.100742459773 11.9215276031 4.65016186975 0.00549053587294
100 -1.01244263119 11.6362770336 4.57719455684 0.00277402256196
101 -1.73448488505 11.0805257371 4.87273921274 0.00293158674689
102 -2.58960917234 10.8991663749 4.48154526518 0.0128662427251
103 -3.47089504642 10.648668187 4.20682042214 0.00362906460656
104 -4.39846068361 10.5275080902 4.00895574169 0.00349926538534
105 -5.24818352872 10.0900785443 4.0218306394 0.00163998650503
106 -5.92386196027 10.1168878996 3.34607323632 0.00350545183619
107 -6.65043526226 10.2913488621 2.75042725197 0.00610856916035
108 -7.37106610197 10.6126725393 2.21248234204 0.00509917113128
109 -7.91347520442 10.8279071374 1.45691062187 0.00491688896263
110 -8.56060071255 10.4165276126 0.889346166724 0.00426467852737
111 -8.80922714454 9.56895087812 0.530416138282 0.00653212506613
112 -9.06049546529 8.84420693216 -0.0349739993248 0.0057779832393
113 -9.65760682302 8.12451720271 0.143836313388 0.0070803991899
114 -10.188814326 7.40900901924 0.477032695454 0.00442496634831
115 -10.1282257285 6.46227816023 0.413022851592 0.00572821057287
116 -9.96202516593 5.56648362232 0.143029996463 0.00171292116479
117 -9.60060024908 4.74423350054 -0.166669290111 0.00659750448456
118 -9.32359065663 3.9139826035 -0.534387390873 0.0095648045096
119 -8.91011620361 3.07481903226 -0.688618493663 0.00353060624336
120 -8.26845065384 2.37939224562 -0.741013721351 0.00526485056728
121 -7.61345798768 1.69777750527 -0.683952021636 0.00861170743167
122 -7.0446755097 0.987833214056 -0.943530989221 0.0129141582543
123 -7.68192070155 0.843373928362 -0.261298525582 0.00617246993589
124 -8.16976873458 0.706853645421 0.535236399013 0.00716836954375
125 -8.7608683676 0.541677290233 1.25099275368 0.00404706466136
126 -9.57966719218 0.495701160114 1.71446709031 0.00496254191862
127 -10.2237739034 0.213342809808 2.34033244934 0.0151042334251
128 -10.9174511607 -0.419021494297 2.32802804752 0.00277482604401
129 -11.442379176 -1.15159398584 2.0666648066 0.00240110159145
130 -11.8404917841 -1.67749949131 1.39924514986 0.00361153921395
131 -12.256557792 -2.20169755399 0.742361353669 0.00313250303304
132 -12.442902272 -2.32495469475 1.6530089558 0.00390941615801
133 -12.9183869678 -2.29201724127 2.4595155549 0.00287931302208
134 -13.6569705511 -2.44812892062 3.01282591221 0.00685455979705
135 -14.4472853017 -2.42607184763 3.51141952561 0.00626025818743
136 -15.2700298927 -2.45312666039 3.95167725525 0.00324601712816
137 -15.9309973824 -2.08231557951 4.49590613051 0.00524123148163
138 -16.5540004313 -1.64052961356 5.03013966763 0.00587003754278
139 -16.6963585998 -1.48819072436 5.93803295203 0.00507569674787
140 -16.6426741018 -1.17762015986 6.81349674403 0.00491196767435
141 -16.7548608768 -0.680733723975 7.5907436116 0.00193099265204
142 -17.4230628396 -1.31522743187 7.478882932 0.00714764078164
143 -18.1372369407 -1.90385496051 7.52632093034 0.0100513751062
144 -18.4741219316 -2.74530924008 7.3440401595 0.00453503504237
145 -18.6176657704 -3.64642578442 7.20187354501 0.00316564026843
146 -18.1957443531 -4.40623700137 6.89152869891 0.0038816964964
147 -17.4668173959 -4.90156553805 6.6209420009 0.00690933806224
148 -16.7128046162 -5.13128978222 6.14569362358 0.00689022756707
149 -16.1701559654 -5.63158667339 5.5985212306 0.00463179002571
150 -15.7196084882 -6.42858946284 5.54333875631 0.00284856084538
151 -15.0116700592 -7.01042663067 5.53110522585 0.00223164060227
152 -14.5073590696 -7.73414144098 5.28449341713 0.00597307529232
153 -14.0908366702 -8.16499090201 4.59325181026 0.00390418370585
154 -13.6808576618 -8.98013696583 4.55852565896 0.00405342039888
155 -13.2898936869 -9.77417547949 4.77849854067 0.00595599190855
156 -12.7931796432 -10.2421864173 5.38146457342 0.00944633021855
157 -12.0067000762 -10.0027442763 5.76564883079 0.00456563174009
158 -11.1957306441 -9.67577426958 6.00229890193 0.00278293800378
159 -10.6956687356 -9.72489117554 6.75583379477 0.00464616770323
160 -9.89870393629 -9.62262104932 7.1691345886 0.00894718049637
161 -9.23431398546 -9.45689240957 7.75429802264 0.00785866829678
162 -8.50068228227 -9.01204748062 8.01753000533 0.0101182110301
163 -7.84782963076 -8.40745424582 8.09808229144 0.00736591190755
164 -7.18475448655 -7.84513060706 8.29072275958 0.00483569719517
165 -7.08440581042 -6.96700702181 8.38071074015 0.00422903996436
166 -6.79452834707 -6.22321448183 8.76693478679 0.0109042792773
167 -6.32463363842 -5.55462452086 9.09812330311 0.00864315493191
168 -5.93979228071 -4.92666859733 9.57563992231 0.0034006747282
169 -5.60536100034 -4.34297612286 10.1370319508 0.00605855759245
170 -5.41998819133 -4.10433230329 10.956776779 0.00601853411102
171 -4.74332212752 -3.68467270349 11.3057619263 0.0185698873614
172 -4.828830038 -4.2706472622 11.9276872901 0.00678399696277
173 -4.25601303778 -4.84530980988 12.1929920816 0.00544874496629
174 -3.46041328248 -4.86735084719 12.4912237505 0.00706368331188
175 -2.62393393464 -4.90662127066 12.3806676929 0.0096842919752
176 -2.23691655853 -5.13223978872 11.6721768527 0.00622298751989
177 -1.57638880335 -5.39608945881 11.2397478334 0.0118965527864
178 -0.971532475298 -5.71561568278 10.7842061295 0.00696131991665
179 -0.348087967222 -5.96720229189 10.3232078883 0.00456437175619
180 0.125766437362 -6.60141717498 10.4949233333 0.00600405917499
181 -0.027109811009 -6.99274273343 11.1813659356 0.00678311347394
182 -0.288816273827 -7.16068908193 11.9124250286 0.00233448985545
183 -0.428639095961 -7.64867191976 12.5193185107 0.00511894602825
184 -0.521004815948 -8.08478082752 13.1653477986 0.0052151928132
185 -0.421755242749 -8.80269470965 12.8848982721 0.00626746153869
186 -0.00199222502741 -9.39440275052 13.1377624697 0.00432630049512
187 0.15739874017 -10.0505298049 13.4910925005 0.014053197761
188 0.00495616985042 -10.7722769265 13.5380394417 0.00864334280038
189 -0.0968326562134 -11.4880382569 13.5719174756 0.00387642912275
190 -0.566996409752 -11.8621930681 13.1809733414 0.005516746767
191 -0.980255826339 -11.9342064602 12.6126650868 0.00603336664602
192 -0.658960695105 -12.3180816921 12.1331700059 0.0170572983023
193 -0.170836082423 -12.7432245152 12.0668119483 0.00527172962906
194 -0.308595338377 -12.1250053323 12.0090223728 0.00291963346726
195 -0.652744094688 -11.7982712936 12.4204160001 0.00854065347424
196 -0.899826904952 -11.7362762168 11.8752889724 0.0117585623443
197 -1.18727055704 -11.513086879 11.4501994528 0.0102833944402
198 -1.68350219125 -11.3670585754 11.4545548942 0.0156540930914
199 -1.34307564546 -11.1004212203 11.5531927218 0.00919258129675
200 -1.35283340174 -10.7120082082 11.6216220802 0.0169212464863
201 -1.16162599333 -10.9237877486 11.629353243 0.00383794370346
202 -0.965509337115 -10.7657910453 11.7041250394 0.00811042509453
203 -1.1460481329 -10.6528633319 11.7495377319 0.0128980123356
204 -1.14484179172 -10.6810017058 11.6002704551 0.00795044961346
205 -1.04949294409 -10.723729082 11.5526004547 0.00632043498291
206 -1.04731443653 -10.6841821166 11.4725436267 0.0042396984073
207 -1.07781446188 -10.6679828109 11.4080867543 0.00986160019334
208 -1.07947039584 -10.6355697511 11.3863483115 0.0118301564334
209 -1.07844809076 -10.6411599612 11.3775079464 0.00875526755064
