24 -40.2546419685 -34.7353900095 51.8039323667 0.0186737050759
23 -40.2637097848 -34.7567881547 51.8283118708 0.0182654000129
22 -40.1727348994 -34.7452720613 51.8631266307 0.00896435772218
21 -40.0570384375 -34.6727960348 51.8779400901 0.00587283518407
20 -40.1154330049 -34.826434565 51.857737727 0.0136099584542
19 -40.0759637403 -35.030534179 51.9714554248 0.00864856102984
18 -40.2356209513 -34.8294918466 51.8572015257 0.00642604286017
17 -40.3726530722 -35.104349536 51.7446921702 0.0138188728257
16 -40.2028398198 -34.9315382917 51.4078022759 0.0089781021567
15 -40.2653968593 -34.9233860218 50.9512202386 0.00839520654573
14 -40.3615561029 -35.1756371294 50.5296202197 0.0088362448911
13 -40.0318913262 -34.765028701 50.4198046709 0.0103651381059
12 -39.5785095772 -34.5918199566 50.7332279302 0.0213977874264
11 -39.1108864612 -34.1939255172 50.931117743 0.00504263199234
10 -38.6699027965 -33.7580338038 50.7088781565 0.0076303206489
9 -38.0020114998 -33.6901640251 50.8007453272 0.00728612455028
8 -37.3865513411 -33.9209936604 50.5768910617 0.0063393441578
7 -37.4357736597 -33.9331393907 49.8695167508 0.0164332390296
6 -38.1100630902 -33.7858370277 49.6067473634 0.00667360602302
5 -38.5639049717 -33.3684835116 50.0336872717 0.0033812993214
4 -38.8178921461 -32.6586125344 49.9970999542 0.00482044269327
3 -38.254169923 -32.1877824669 49.7928976845 0.0052452025026
2 -37.6672112869 -32.1125305426 50.2864504521 0.00816053250049
1 -37.1545951451 -32.0903397933 50.876624424 0.00899875789822
0 -36.5274295093 -32.5229321959 51.0950353264 0.00490759124409
0 -0.425097138147 -0.502575279593 0.742688715903 0.00280850284737
1 -0.767160751437 -0.928126010714 1.57141038637 0.00231340745356
2 -1.03978064211 -1.38417444816 2.40959770336 0.011300153666
3 -1.13668574612 -1.96775982612 3.20631438363 0.00643806038358
4 -1.09956955707 -2.35278711691 4.12014044584 0.00625835997179
5 -1.06111228831 -2.90114317445 4.94622744888 0.00529754438714
6 -1.02029720392 -3.28383333169 5.86080779135 0.00534669645945
7 -0.985755501812 -3.77922692114 6.71980806298 0.00504247749545
8 -0.94387271472 -4.25000956858 7.5921890518 0.00412205748264
9 -0.772187818428 -4.70259789894 8.45825940334 0.00625773501798
10 -0.573534916511 -5.28980001048 9.2328622421 0.00344503004061
11 -0.480621784432 -5.79254215868 10.0830915524 0.00367707828912
12 -0.423033933783 -6.32077675332 10.920872284 0.00419562023368
13 -0.136548477336 -6.78721159578 11.7482394526 0.00506713139306
14 0.116230758934 -7.2841882866 12.5687435734 0.00895525672882
15 0.55518173893 -7.85050140484 13.2547189127 0.00615467934375
16 0.953221586489 -8.43292106454 13.9520236966 0.00401025731403
17 1.32385215311 -9.02291288833 14.6579845464 0.00399100988237
18 1.74451814875 -9.56262275957 15.3760016943 0.0037889846554
19 2.42800950072 -9.93822344212 15.9887618098 0.00338203477152
20 3.21052343965 -10.2624166945 16.5047181656 0.00265643864688
21 3.90776724129 -10.6980163366 17.0594466132 0.00523677713124
22 4.58212502686 -11.1115125761 17.6576374844 0.00155786235311
23 5.28882776042 -11.457944385 18.2610518328 0.00404842543157
24 5.95643165779 -11.8839403618 18.8579884953 0.00433570680354
25 6.65243272347 -12.3628361754 19.3772808981 0.00279858573865
26 7.16332888643 -12.7885619495 20.1129490806 0.00421631022921
27 7.53491346309 -13.3519244066 20.8395554334 0.00501133175802
28 7.67537682335 -13.6915477275 21.7606220012 0.00295646824777
29 7.77607536655 -13.9873306742 22.7017828477 0.00623661439586
30 7.91459349707 -14.2310146783 23.6529767954 0.00469100729383
31 8.0346584066 -14.4888153521 24.6029256147 0.00218228671322
32 8.24569489485 -14.7103436149 25.5461314199 0.00362307494468
33 8.4501168248 -15.0551348489 26.4530569415 0.00264658537368
34 8.70781693757 -15.5667682667 27.2623301795 0.00320546154347
35 8.99599086913 -16.064609985 28.0698999108 0.00314279232669
36 9.6455678265 -16.4153453508 28.7317091994 0.00243578636952
37 10.168308024 -16.7362456757 29.5106444867 0.0221099201776
38 10.7353847283 -17.046239656 30.2623096416 0.00422502135503
39 11.1597874766 -17.3321987753 31.1112927936 0.00762905453709
40 11.6633197424 -17.4391780694 31.9583880994 0.00560613511238
41 12.1434599689 -17.5802591883 32.8139873289 0.00415097443888
42 12.6207584776 -17.7035562989 33.6738817857 0.0073884170196
43 13.0694735436 -17.9446877465 34.5240812316 0.00859651645898
44 13.4185655127 -18.244289865 35.4019184026 0.00158596128394
45 13.7048629054 -18.3832795255 36.3405088776 0.00317020235735
46 13.8486547989 -18.6680283842 37.2788234557 0.0292709618623
47 13.9612350812 -18.9693747776 38.2159965179 0.00421104615425
48 14.2163928569 -19.2370183141 39.135217622 0.00374450877641
49 14.1551666743 -19.4056657472 40.1096374137 0.00312681922865
50 14.1019441304 -19.5705485238 41.0851478897 0.00584007671228
51 14.1665341278 -19.3889472921 42.0569508241 0.00454418720793
52 14.1667408143 -19.3876835861 42.0651269296 7.03507489417e-06
53 14.2720393595 -19.1804369125 43.0277338024 0.00628770900709
54 14.2488264226 -18.9498300021 43.9904552419 0.00284253218105
55 14.244772004 -18.7852194219 44.9668779493 0.00249863261515
56 14.1882757301 -18.5606892034 45.9296134606 0.00519053700066
57 14.0727134854 -18.3306736982 46.8857072952 0.00525813118766
58 14.0093689467 -18.1898063359 47.8636898812 0.00418095627228
59 13.7383679749 -17.9441757542 48.7837030618 0.00401906679973
60 13.4764964452 -17.7822509996 49.7246339724 0.00384514853396
61 13.2723466606 -17.598207497 50.6757076493 0.00214726750907
62 13.0886403886 -17.4604038415 51.6386846147 0.0022248303071
63 12.8087822171 -17.2078396762 52.5540453794 0.00270154832072
64 12.5199780838 -16.8514639607 53.4312650046 0.0022068425256
65 12.0987787029 -16.5909504998 54.2883533258 0.00333595024844
66 11.6297520072 -16.3949112271 55.137704994 0.00404586578473
67 11.0950621739 -16.2362730053 55.9554270615 0.00610497843875
68 10.5317915586 -16.0131993011 56.7380949373 0.0044129224902
69 10.0028268357 -15.8974026413 57.5665525776 0.00638970892112
70 9.59007557411 -15.7642975551 58.4561595075 0.00276910495511
71 9.19232733568 -15.5441830983 59.3352341434 0.00315576123454
72 8.84620792879 -15.2901096026 60.2268770218 0.00473515180947
73 8.53222657924 -15.2503415758 61.1645124048 0.00361486265616
74 8.12941425302 -15.2563678472 62.0683629142 0.00341952239001
75 7.70905574743 -15.2562714562 62.964171304 0.00713601994869
76 7.12938690947 -15.2157856026 63.7650040066 0.00457781159977
77 6.52464713126 -15.2481744604 64.5473949045 0.00312086644774
78 5.98781217154 -15.3623613842 65.3705786477 0.00436436818343
79 5.37913977977 -15.347249136 66.150351919 0.00732330440545
80 4.64094352896 -15.3363472024 66.808762978 0.00356525681077
81 4.01387236852 -15.2487339147 67.5687960357 0.00537812704009
82 3.43433053806 -14.923867444 68.3016139424 0.007954626004
83 2.76714779617 -14.4325821818 68.8417002567 0.00325603782965
84 2.09025578861 -13.715743513 68.7643862586 0.00417802019249
85 1.32279767623 -13.1063333698 68.631838125 0.00611367751904
86 0.69021016406 -12.7073411918 68.4604579807 0.00241588882772
87 -0.168652197247 -12.2812377619 68.2205007215 0.00525325663739
88 -1.07143141655 -11.9257038854 68.0327403159 0.00368249719746
89 -1.97992348617 -11.698233213 67.7172794939 0.00505977916814
90 -2.89755235971 -11.5841292157 67.3687758543 0.00358466285713
91 -3.82713583502 -11.5581599828 67.0346552181 0.00133384535124
92 -4.79924214994 -11.6049564115 66.8637932657 0.0256649209701
93 -5.77231919941 -11.7278609827 66.7462373045 0.00189055212313
94 -6.69775242106 -11.9651577815 66.4951487105 0.00365265777698
95 -7.61512274894 -12.3195428523 66.402845493 0.00357870661794
96 -8.46293290364 -12.8245180783 66.4454023483 0.00530441993652
97 -9.30956531441 -13.3207297806 66.5570453509 0.00257060381195
98 -10.1909671846 -13.7661796869 66.567891221 0.00410214297974
99 -11.0722796674 -14.1839146114 66.4126045708 0.00419592646009
100 -11.9334196851 -14.6645245497 66.3608968634 0.00319597019179
101 -12.860264218 -14.993871443 66.4482991074 0.00173035440461
102 -13.6794093131 -15.542643504 66.3939174797 0.00574245902766
103 -14.4559216435 -16.1061569223 66.1605186993 0.00386275173272
104 -15.3500735848 -16.4799353647 65.9716373651 0.00235297152403
105 -16.2308379591 -16.9244156737 66.010557718 0.0035998119913
106 -16.9438431082 -17.5672414092 66.2411187504 0.00235814861532
107 -17.7529233384 -18.0718714089 66.4969431292 0.002477065072
108 -18.4787355039 -18.6687314532 66.7996225942 0.00321895963981
109 -19.1661875044 -19.3536758894 66.9807783553 0.00561338646015
110 -19.8012751891 -20.0905872335 67.1482385525 0.00555752432029
111 -20.4172193426 -20.8487318041 67.2900379883 0.0109980995331
112 -20.9067059868 -21.6441035477 67.6091408752 0.003442336008
113 -21.3045173259 -22.4785956281 67.9545832338 0.00442636091027
114 -21.5454156671 -23.3992935044 68.2155616767 0.00432889395426
115 -21.8003403205 -24.3460825293 68.3264434525 0.00425124041512
116 -22.0832526698 -25.276445559 68.4936976852 0.00437184572657
117 -22.3134074432 -26.2215417667 68.6589168666 0.0014293915168
118 -22.4129714758 -27.144631079 68.9927878843 0.00376006432085
119 -22.592194581 -27.9780821899 69.4894558869 0.00269936347199
120 -22.6859649511 -28.891749287 69.8496449751 0.00346927378602
121 -22.677530143 -29.8022566133 70.2292992303 0.00421540253575
122 -22.7433584045 -30.6276504943 70.7655628193 0.00324111867445
123 -22.6207764937 -31.5712870172 71.0254141389 0.00411855824926
124 -22.3894053914 -32.5300472852 71.0355805932 0.0042076097349
125 -22.1526172742 -33.4830586324 70.9436658983 0.00339032143876
126 -21.7561269642 -34.3835529219 71.0111874369 0.0064414685297
127 -21.3276554757 -35.2701853166 71.0638351342 0.0054625809164
128 -20.8256163033 -35.9883003859 70.6114092565 0.00559813785856
129 -20.1535921819 -36.6161373555 70.2558348132 0.00613467923167
130 -19.8180017865 -36.9504383961 70.0626051316 0.00372155466277
131 -19.2039086694 -37.6154802288 69.6738805092 0.00363237619762
132 -18.6940374551 -38.3458401406 69.2531612507 0.0049055799524
133 -18.0746124295 -39.044926094 68.9404356718 0.0117623867625
134 -17.4111775683 -39.7121484094 68.6497531955 0.00290941508353
135 -16.9800270167 -40.5014159998 68.2485792397 0.00288588171581
136 -16.3119616064 -41.1880302789 68.0208196095 0.00451088534421
137 -15.4211999597 -41.5984609174 67.9339506717 0.00516566406683
138 -14.9485101277 -40.7570619208 68.1286694934 0.00264624630822
139 -14.6102161765 -39.8447200413 68.2783283162 0.00587288794441
140 -14.2634344523 -38.9508380324 68.5013664516 0.0057703799189
141 -14.2440848812 -37.9672673191 68.4693665937 0.00768118856313
142 -14.1079667153 -36.9996703155 68.351957761 0.00289416358847
143 -13.9412960786 -36.0474921143 68.1674399913 0.00493421012629
144 -13.78583405 -35.1080071661 67.9194189736 0.00510641167531
145 -13.6377996996 -34.1567186053 67.7162864551 0.00597703194291
146 -13.4704287965 -33.7100886672 67.5629163893 0.00169303562556
147 -13.1955537798 -32.7708827007 67.5220067819 0.0031657387063
148 -13.0645825919 -31.8418165925 67.241094936 0.00413846509143
149 -13.0936462968 -30.8703273864 67.1213782137 0.00538915143489
150 -13.4559936099 -29.9989796787 66.860263054 0.00281828967895
151 -14.103789125 -29.3403061932 66.5360546547 0.00468369360704
152 -14.7911025096 -28.786171403 66.1130423112 0.00357393786158
153 -15.3844991294 -28.3521657272 65.4665865222 0.00261790600328
154 -15.7167633444 -28.0723578563 64.5891993698 0.00293538422077
155 -16.0950268375 -27.9056525221 63.7017979728 0.00738600967242
156 -16.4420314759 -27.7428803662 62.801206999 0.00570858501257
157 -16.790892221 -27.6592520942 61.8907277751 0.00563490656394
158 -17.0127612658 -27.6121469841 60.9389039483 0.00226733874117
159 -17.188214984 -27.7363016082 59.984392784 0.00251028308058
160 -17.4341173521 -27.8826579793 59.0488537707 0.00327979781995
161 -17.7055670096 -28.0308930907 58.1208095714 0.00400190575611
162 -18.0759726955 -28.2427083383 57.2407165854 0.00562995597732
163 -18.4973615332 -28.0574355975 56.3779385345 0.003751797941
164 -18.6464318933 -27.9596404779 55.4164744583 0.0109520803149
165 -18.8175297857 -27.4974173217 54.5724012626 0.00554921494856
166 -19.0469244294 -27.1592907365 53.6846198499 0.00622947820428
167 -19.5543947955 -26.7000272982 52.9874562019 0.00580458325332
168 -19.9769245344 -26.3785095983 52.167476204 0.00852243011881
169 -20.51523194 -26.0429733054 51.4249967016 0.00349088728734
170 -20.9992228074 -25.6655375786 50.6655714656 0.00471311898585
171 -21.4684327569 -25.3045581326 49.8892448175 0.00649274422304
172 -21.779069629 -25.078701815 48.99181427 0.00777828914713
173 -22.2183950926 -25.0885653335 48.1204771562 0.00373467385923
174 -22.7746827779 -25.2752509713 47.3409602983 0.002278750598
175 -23.4093905053 -25.2906532249 46.6002455186 0.0028806689497
176 -24.0739344939 -25.076068957 45.9192054569 0.00813397513353
177 -24.6226260639 -24.8501155582 45.145310705 0.00342400010649
178 -25.2114912815 -24.6435788155 44.3960857577 0.002382623412
179 -25.3632134093 -24.7395493992 43.4376151695 0.00332446349648
180 -25.4695990195 -24.6634332328 42.4714052522 0.00241850939729
181 -25.1710755857 -24.6797739027 41.5434749123 0.00309092254678
182 -24.9382633706 -24.614634796 40.5991243521 0.00768139439235
183 -24.5836059794 -24.5272289091 39.695688793 0.00578239892147
184 -24.0580835618 -24.305928931 38.9058333308 0.00388023421243
185 -23.9502488235 -24.0568460222 37.9702687424 0.00495955864628
186 -23.73171475 -23.9242758735 37.0304538486 0.00358469320918
187 -23.6687027384 -23.6822922379 36.089291798 0.00149183214937
188 -23.5877748871 -23.2671902909 35.2122321064 0.0055373117106
189 -23.7433755875 -22.4939982505 34.6419508428 0.00429568316994
190 -24.1999224472 -21.712991918 34.2837165851 0.0038048473151
191 -24.6811580399 -20.8676152403 34.2917718798 0.00240935346756
192 -24.7744367589 -21.1684122688 35.2124909413 0.00527865128199
193 -25.0104060807 -21.1825463091 36.1562263787 0.00582629807252
194 -25.5248468334 -21.2421150989 36.9794177771 0.0021429977279
195 -25.9787638102 -21.5468815478 37.7836018643 0.00186402315502
196 -26.3996360258 -21.6285553436 38.6564047768 0.00324448182043
197 -26.9842846201 -21.6486045669 39.4329038591 0.00350145308463
198 -27.3727007986 -21.6517844516 40.3240695123 0.00764820199482
199 -28.0521411644 -21.4230471104 40.9798805651 0.00527995464924
200 -28.5929448587 -21.3063116171 41.7784374254 0.00315977973414
201 -29.0816784402 -20.9954402385 42.5581682235 0.0124393267784
202 -29.4991077699 -21.4493602222 43.3078531645 0.00487836666607
203 -29.627747626 -22.3041951667 43.7485448158 0.00435838593099
204 -29.6674891071 -23.1505706502 44.2209752609 0.00504746514945
205 -29.6289357973 -23.7041995295 45.0166319023 0.0334189940367
206 -29.4684036581 -23.8608241539 45.9588217106 0.00678961760404
207 -29.4412435378 -24.1363712207 46.8865195585 0.00114186706147
208 -29.5092447587 -23.6520869316 47.7218845033 0.00383406304111
209 -29.7884028329 -22.9741895838 48.3533759619 0.00428341428408
210 -30.295540406 -22.5569474556 49.0637489362 0.00437587053852
211 -30.9449280857 -22.296380854 49.7314068529 0.00502342343159
212 -31.656152159 -22.174820453 50.3749582508 0.00873642316013
213 -32.2330016133 -22.3820495091 51.1221213167 0.0035075498304
214 -32.9532434671 -22.477602795 51.7589077247 0.0046579770175
215 -33.7527302804 -22.3515015584 52.2857916414 0.00628626584436
216 -34.244847653 -22.5777152398 53.085173083 0.00282289363277
217 -34.4554404463 -23.1645777367 53.8221654203 0.00575619660045
218 -34.4894947046 -23.7431159727 54.5937962572 0.00320792402328
219 -34.5258073162 -24.4090723804 55.2908914911 0.0025075117818
220 -34.5504971321 -25.0856878212 55.9779240857 0.0033230780695
221 -34.5302466852 -25.8507497391 56.5645542047 0.00608609185775
222 -34.2043737526 -26.6266377486 57.0343939539 0.00172282500694
223 -34.2431627287 -27.4550959203 56.5435779181 0.00343167779596
224 -34.4115192736 -28.1435910865 55.8907686542 0.00318094977005
225 -34.4956396523 -28.914038533 55.3186422333 0.0033557935244
226 -34.5203998968 -29.2301198835 54.4088910499 0.0240812415771
227 -34.5671064384 -29.5435995129 53.5009096116 0.00521862804525
228 -34.4938455002 -29.9604804714 52.637846735 0.00460683191848
229 -35.0293035309 -30.7269088396 52.418004694 0.00173590623921
230 -35.5445286916 -31.4824661134 52.1248718443 0.00905361645375
231 -36.0599736887 -32.2582554656 51.8939757356 0.00484757886822
232 -36.2000668125 -32.3958625339 51.8163839193 0.00440691603235
233 -36.6078272415 -33.2261565084 51.8838970554 0.00709138977394
234 -36.6689345642 -34.1115962469 51.6196842867 0.00624515898135
235 -37.1695549721 -34.8485030029 51.3720531366 0.0043178503558
236 -37.3661521134 -35.6879570719 51.0404822477 0.00191889383352
237 -37.529151726 -36.5762425998 50.8489871383 0.00652474535445
238 -37.6850421349 -37.4824124475 50.9117097797 0.00333177532645
239 -37.4559046608 -38.3733683631 50.8719070637 0.0225630855049
240 -36.9143946769 -38.927846946 50.3850164436 0.00498543169563
241 -36.6586420424 -39.464969423 49.69082295 0.0046662416765
242 -36.0167602825 -40.1113780957 49.6425080989 0.00341047593337
243 -35.2220924975 -40.5386780337 49.5147377289 0.00259021112686
244 -34.5099869963 -40.8861715101 49.0657061819 0.00350497904105
245 -33.7476403188 -40.8665356442 48.5696142521 0.00516441428342
246 -33.105300233 -41.1505657204 47.9936668004 0.00536181481056
247 -32.728478672 -41.8393268314 47.5406969929 0.00604253229105
248 -32.3306245648 -42.4942315298 47.0602211655 0.0135003077915
249 -31.4347847262 -42.5525030365 47.0050224654 0.00932085368992
250 -31.6959703745 -42.1837850468 47.779792705 0.00696359805633
251 -32.1611833129 -42.9392348602 47.8836763226 0.0053840859094
252 -32.0379302343 -43.812548196 48.0108608184 0.00525337191566
253 -32.2745817485 -44.6499827047 48.192176686 0.00586463253076
254 -32.6579604656 -44.9271614044 47.4415526477 0.00263376278765
255 -33.1113064029 -45.5928204222 47.0737772151 0.00361145433732
256 -33.3379241761 -46.2500522112 46.5277354665 0.00560219104017
257 -33.403170174 -47.1217895562 46.4192356228 0.00685669696939
258 -33.530547526 -47.7300793155 45.7987733554 0.00701863181792
259 -33.6691126286 -48.5257300366 45.4644338901 0.010353499431
260 -33.1351944048 -49.2093770832 45.4271363832 0.00941692555024
261 -32.6471537143 -49.856383601 45.7233823257 0.00593807557662
262 -33.2394844511 -50.340620445 45.3320932775 0.00616507623016
263 -33.6371662695 -50.8825032361 44.8027061427 0.00557902558177
264 -34.1773020014 -51.0958084004 44.1792260021 0.00720959805619
265 -34.4646451241 -51.8310610912 44.4842675098 0.00496975239191
266 -34.0306453158 -51.4344581004 45.0886465621 0.00539008871157
267 -33.8329061334 -50.8583084643 45.6654531712 0.00620471326208
268 -34.1342186664 -51.1010827984 46.4046148215 0.0078155873821
269 -34.4613383741 -50.350945421 46.2899616533 0.0101801851997
270 -34.8996463412 -49.6945528546 46.079318068 0.01006923624
271 -35.5837295387 -49.4947732443 45.7009512669 0.00806420287315
272 -36.1081200172 -50.0237467154 45.423232166 0.00340610128675
273 -36.3426076975 -49.9845829245 44.6676393551 0.00315353224642
274 -36.5873161202 -50.0470383913 43.9210214872 0.00781715898271
275 -36.8464005437 -50.5266481625 43.3669182983 0.00895293686292
276 -37.2577436363 -51.0611087098 43.0078366429 0.00526812385352
277 -36.8961360046 -51.6488414266 42.6991940148 0.00499679177659
278 -36.1866217166 -51.7753991488 42.4997164696 0.00844653492327
279 -35.5446142581 -51.4332372738 42.4068754093 0.00644317165539
280 -35.6857668806 -52.0839776863 42.685628472 0.00415295538892
281 -35.4131933065 -52.7384676713 42.7671770896 0.00630974505471
282 -35.0371880834 -53.2787320818 43.0080908468 0.00840995693693
283 -34.5639982286 -53.4304766182 43.4762910333 0.004744294521
284 -33.9460491129 -53.6850383057 43.5322096395 0.00816339842205
285 -33.7079906383 -53.2768033686 43.0856360804 0.00787433056764
286 -33.723822714 -53.2961603792 42.8252314255 0.00205075541176
287 -33.9791467199 -53.4024852645 42.6395128058 0.0122934512317
288 -33.9709838876 -53.6266971274 42.7664399989 0.00992435305954
289 -33.8112935779 -53.749602639 42.7946847744 0.00944358792782
290 -33.9289320903 -53.81543932 42.8724004837 0.0139802136964
291 -33.8395488615 -53.8209831712 42.8991163423 0.00497338029167
292 -33.7772784902 -53.7804216348 42.9016632717 0.00561596368235
293 -33.7949309503 -53.8148980874 42.9395077981 0.0175520735266
294 -33.8026288518 -53.817184623 42.942291869 0.00761206349859
