157 -19.3264795059 1.62927153683 -8.57197321671 0.00286275954148
156 -19.324954984 1.63041158223 -8.57300458362 0.0125934897002
155 -19.3060665184 1.63273080773 -8.55627052961 0.00702955691842
154 -19.3254757803 1.60841619249 -8.52351386176 0.00951616288175
153 -19.3794421253 1.66555984664 -8.51590738778 0.0157065705375
152 -19.3480767542 1.8023931292 -8.55553189033 0.00969228120603
151 -19.3812512881 1.6219108351 -8.61904933765 0.00732256255628
150 -19.2150946522 1.70802365955 -8.75840947864 0.0139448888433
149 -19.4243734972 1.63404457899 -8.98304879527 0.00742461188118
148 -19.1956299536 1.68625150664 -9.26117502034 0.00801533277729
147 -18.8129996075 1.82818370084 -9.19360217262 0.00678477018984
146 -18.9268524883 2.26098898829 -9.22141826427 0.00664599072078
145 -18.6528950412 2.29228244602 -9.61608304744 0.00905149132865
144 -18.3842569467 1.84874951669 -9.67307313917 0.0205779112476
143 -18.2180308768 1.32355129779 -9.43685905472 0.00764590092296
142 -18.0727121169 1.13161407584 -8.86053442521 0.00559172287104
141 -18.6342142985 1.29693303275 -8.60165147207 0.00429420358485
140 -19.1697220527 1.47828452309 -8.27692952453 0.0199921967947
139 -18.7136717913 1.98215082721 -8.44335943818 0.00739694152843
138 -18.071775943 2.27054419147 -8.31816497602 0.00605828001854
137 -17.6391455405 2.81610170285 -8.52488411369 0.00752388067733
136 -16.9680466601 3.02623622238 -8.75412052484 0.0089848675092
135 -17.5109124226 2.66902893903 -9.13775820422 0.0105982021415
134 -17.839004858 2.01039400199 -9.36548911255 0.00474318520146
133 -17.1910069092 1.68878217201 -9.64888930296 0.00678282957268
132 -16.6870610499 2.23686988847 -9.39755807514 0.0081485541707
131 -16.1894744436 2.48901412365 -8.82909569839 0.00308382137991
130 -15.7516157389 3.06362200566 -8.48030153634 0.0085323657903
129 -15.2647793963 3.62980641544 -8.16315797815 0.00574455503424
128 -14.7953588839 4.16763028728 -7.76550212477 0.00730602719082
127 -14.5168289844 4.58768889797 -7.11275718548 0.00459625250735
126 -14.1412426708 4.01740453303 -6.64387674423 0.00378627764757
125 -14.0218382659 3.22183648792 -6.4347292371 0.00599012554886
124 -14.0197434278 2.40926860929 -6.23731580956 0.00480154459259
123 -13.5682654168 1.76474558353 -5.94304049158 0.00523800323503
122 -12.7884766281 1.4719770349 -6.07930652396 0.00359741342805
121 -12.3026222368 0.844921157344 -6.37569393427 0.00617803689482
120 -12.552419096 0.0321767790944 -6.33956404637 0.00577400782513
119 -12.7727505021 -0.757369095865 -6.09620285843 0.00461470353328
118 -13.2789223361 -1.41964213924 -5.89263814039 0.00360593842834
117 -13.3481713553 -1.91790623027 -6.10766551815 0.00569192819656
116 -13.6996868957 -2.67652908573 -6.40044569406 0.0059772781692
115 -14.2713093728 -3.12907667327 -6.90876510917 0.0110403771438
114 -14.772443419 -3.08483342158 -7.64755110624 0.00594509126952
113 -15.525455664 -2.69137425928 -7.93021051639 0.00522133874634
112 -15.3675565231 -1.84109168239 -8.16960921045 0.00774206946611
111 -15.1918146599 -1.08651005627 -8.62835891548 0.00757684818489
110 -15.1990788533 -0.196847278811 -8.78146807239 0.00579445880354
109 -14.9098631698 0.659635227236 -8.74603295437 0.00358079518821
108 -14.0764364477 0.832813731075 -8.43579081673 0.00766616937918
107 -13.2451676607 0.531946303924 -8.226996364 0.00947470001759
106 -12.5089901501 -0.00318943825576 -8.18319351809 0.00323604824838
105 -11.7255886624 -0.463319117247 -8.10226708012 0.00265960845791
104 -11.1499621932 -1.1503898394 -7.92897017178 0.00226505360199
103 -10.6968541719 -1.9428929477 -7.96332983247 0.00389436958157
102 -11.3474407734 -2.49175578503 -7.62821914027 0.0033826605907
101 -12.01396512 -2.82781763455 -7.09743850007 0.00676133758612
100 -12.8009306332 -3.14181336633 -6.74540082912 0.0037382532104
99 -13.4460476194 -3.07138272547 -6.09487015436 0.0039286805326
98 -13.7793160829 -3.09456181431 -5.23738460531 0.00510411581164
97 -14.235247555 -2.78611764456 -4.49863883836 0.00516284650347
96 -14.5837780394 -2.00172381022 -4.16203844684 0.0330021300524
95 -14.5572261028 -1.13504365444 -3.82795693213 0.00766030566493
94 -14.5873394135 -0.26418994193 -3.50088392147 0.0346120640687
93 -14.6545180812 0.601946071366 -3.14980996358 0.00551723168924
92 -14.1698122649 1.38731429364 -3.3163433646 0.0104576081029
91 -13.6695729705 2.17866647593 -3.39433590618 0.00994924832961
90 -13.1762914324 2.94452838908 -3.63019938363 0.0130347699398
89 -13.0175875044 3.83583852908 -3.89377040243 0.0119921291943
88 -12.6543927389 4.56570728475 -4.37112397989 0.0112050996391
87 -12.4041186183 5.10673044585 -5.10628010997 0.00552906884466
86 -12.3597657603 5.88554085085 -5.64310387965 0.00810478565472
85 -12.241124176 6.64976633024 -6.19127439127 0.00276753177773
84 -11.99967625 7.5302623807 -6.44677637175 0.000874096133711
83 -11.7447550329 8.42808637909 -6.27969379225 0.00437828932873
82 -11.3468350058 9.26341670562 -6.07019899567 0.0143229117326
81 -10.8235959386 10.0527557103 -6.14917550076 0.00299670344406
80 -10.3952298703 10.8874028187 -5.99554965981 0.00640853597313
79 -9.58974570215 10.90623362 -5.48931654889 0.00369727338812
78 -8.76476564777 10.9237308258 -5.01472448683 0.00489145197928
77 -7.9978032045 10.6589820648 -4.51589572424 0.00566131925642
76 -7.17171290809 10.5659515291 -4.0499132426 0.00642333252986
75 -6.35062821082 10.3520725827 -3.61460631403 0.00432551652443
74 -5.49605628948 10.1457994554 -3.24404500936 0.00649057500386
73 -4.78894037393 9.86934872913 -2.66506457651 0.00314415663533
72 -4.10289377447 10.009430352 -2.01539216862 0.00371575275076
71 -3.3360003837 9.88434399086 -1.45943396724 0.00409390640896
70 -2.52557344536 9.65962293379 -1.00539632625 0.00398082439822
69 -1.77071619928 9.24092123937 -0.594339464239 0.00125598723416
68 -1.20284550137 8.7070806315 -0.0402257292699 0.00486376090575
67 -0.440841529433 8.15715470986 0.138335756111 0.00189890101366
66 0.0762135670055 7.35301658452 0.102976601357 0.00492094148713
65 0.648563878616 6.59057153899 0.187642135645 0.00160510785392
64 1.25440673061 5.92647344782 0.516904822882 0.00593615042585
63 1.47232975867 5.21042268741 1.11489417661 0.00804822093833
62 1.56237487018 4.44466720915 1.6846048695 0.00319454490664
61 1.32356440557 3.6874593015 2.22230589691 0.00370346441975
60 1.09355466853 3.04012172822 2.89190250003 0.000693815010743
59 1.04735558097 2.87123641677 3.03243384191 0.00334763568283
58 1.00546066486 2.01393099362 3.47392268006 0.00407532100382
57 1.14285210289 1.87316748149 4.41956767804 0.00162132461738
56 0.865173257866 1.7757241457 5.33960537754 0.00362671845527
55 0.83323576161 1.67151507706 6.29965684244 0.00317977625618
54 0.564887541609 1.36134333725 7.17461344211 0.0463002802219
53 0.162125979115 0.721234395725 7.7799029721 0.00524397604749
52 -0.265350587057 0.00275121901729 8.26957016313 0.0023290135912
51 -0.768750167841 -0.605465181821 8.83144438321 0.00200744411121
50 -1.50464247318 -0.920763877537 9.3775869189 0.00371626608512
49 -2.21512911882 -1.26528214456 9.93983571355 0.00585694334384
48 -2.98667422442 -1.69950632886 10.3350339505 0.00307580112713
47 -3.83953303484 -2.08446994893 10.5893021806 0.00203809766982
46 -4.77348915241 -2.31817008912 10.7053678638 0.00306391444899
45 -5.69652447011 -2.57761329733 10.8515069238 0.0030279148489
44 -6.57975695065 -2.86737955726 11.1288883692 0.00596621852063
43 -7.3938713526 -2.97205888016 11.6465889614 0.00378073022491
42 -8.06898444586 -3.27828723705 12.2732249155 0.00717047135235
41 -8.88419141147 -3.41982522449 12.7813073643 0.00426234597688
40 -9.65242999733 -3.62269704703 13.3397243616 0.0238837103429
39 -10.2952719463 -3.54268392692 14.0648392487 0.00603964417232
38 -10.9476152634 -3.01231396385 14.5535382091 0.0029530162155
37 -11.4967710271 -2.39492781548 15.0665671411 0.00230155919057
36 -11.7901037367 -1.79434957119 15.7733950833 0.00594165451721
35 -11.9641875388 -0.986465848408 16.2868383551 0.00249452090158
34 -12.3315369332 -0.579015614339 17.0907007478 0.00243424722986
33 -12.6004421148 -0.170257091657 17.9321349017 0.00109318483016
32 -12.1189871125 0.16205250299 18.710060619 0.00451510230334
31 -11.7645866849 0.634059148296 19.4842408189 0.00390008506431
30 -11.2619802897 1.11437880301 20.1658603687 0.00468518863075
29 -10.5445113474 1.44033019133 20.7378359716 0.00169792149986
28 -9.74492443744 1.74293449796 21.2039743586 0.00327870405233
27 -8.88763206233 1.7650882939 21.6654916606 0.00368988317969
26 -8.12446976671 1.58961285858 21.0861663155 0.00637268812678
25 -7.60696898463 1.37011649948 20.2901914771 0.00463099982515
24 -7.3692465999 1.25888411196 19.3514522899 0.00310046794192
23 -6.95353250098 1.01778252328 18.5033658108 0.00464469120007
22 -6.58811403275 0.614628895872 17.6944083055 0.00217151303072
21 -5.95594328513 0.299352084752 17.0225329419 0.00168750202584
20 -5.44873427089 0.17044158734 16.1997995977 0.00499798316473
19 -4.85091272002 -0.0759644298673 15.4698057134 0.00293971730221
18 -4.28560419558 -0.0449373119208 14.6756084509 0.00529211826187
17 -3.63526805694 -0.0127229685031 13.9492550974 0.00899151223511
16 -2.95956565608 0.0814552685778 13.2516175269 0.00266455624819
15 -2.18750540945 0.633859737852 13.0263808493 0.00417804169321
14 -2.05749216131 1.39849374022 12.4339972946 0.00530941518811
13 -2.13373949285 2.141320034 11.8052928308 0.00543220492274
12 -2.03185776063 2.42578138533 10.8766869103 0.00561702851913
11 -2.13207248635 2.51879138769 9.90956181415 0.00406331867566
10 -2.3065689271 2.66903676041 8.96022978115 0.00675491226666
9 -2.35125376771 2.84220068868 7.99965177964 0.00352244297346
8 -2.13698465569 2.7037030172 7.05636446394 0.00587259810915
7 -1.73590312501 2.62229106146 6.16885777169 0.00256676542442
6 -1.27427329546 2.47639931067 5.31981163622 0.0028941459217
5 -0.951911511312 2.36155958496 4.4041552591 0.00751399908768
4 -0.798679336666 2.31212333052 3.99866554963 0.0256444632747
3 -0.359187564189 2.13795253458 3.1418986554 0.0060259883383
2 -0.043987231522 1.69361251188 2.32886239649 0.00621193109168
1 0.220813292682 1.17172943204 1.544233705 0.00474433515232
0 0.192635159257 0.583958393046 0.761860080022 0.00358522144607
0 -0.0063989058252 -0.725962841526 -0.662544843761 0.0048856648157
1 -0.0117550929346 -1.3988805283 -1.37881006926 0.00685068629922
2 -0.151096880357 -1.94399349326 -2.18449684699 0.00337809864088
3 -0.235502145974 -2.364479155 -3.0686400638 0.00390777086077
4 -0.163285360499 -2.65069858298 -4.00587436712 0.00305761332127
5 0.0173203393294 -2.90415241113 -4.93783992944 0.00418221027381
6 0.168059695401 -3.29070130879 -5.8283795242 0.00840021511555
7 0.420541519134 -3.43850351927 -6.76610118597 0.00709324112453
8 0.841120198868 -3.80812762185 -7.5729296285 0.0131355371955
9 1.28759188701 -4.19690954715 -8.35613743175 0.00168395969915
10 2.14014301338 -3.96942181751 -8.78621447847 0.0016430912743
11 3.15192471832 -3.91701419914 -9.19197215899 0.0020905458943
12 3.77969206318 -3.3470208294 -8.69940154736 0.00424549030322
13 4.45405449465 -2.94479094202 -8.11209878347 0.00236475296322
14 5.16466593236 -2.42639519114 -7.67901960619 0.006072431516
15 5.97396576098 -2.16067503958 -7.19381033765 0.00148930358946
16 6.77196128213 -1.85415957861 -6.71404227219 0.00408830047237
17 7.29578989409 -1.38747650166 -6.02942536967 0.00748261054276
18 7.59832570422 -0.742873558459 -5.35602178293 0.00586959163474
19 7.72491844839 -0.0655162772851 -4.65931121263 0.00281137676243
20 7.73416347265 0.580371372359 -3.92250239839 0.000674279625618
21 7.71627665437 1.11571857263 -3.10196365404 0.00269758255052
22 7.75205289001 1.71000354789 -2.32378425249 0.00508656001674
23 7.75493673433 2.46432835035 -1.69880828081 0.00582551291601
24 7.68989354212 3.17335608499 -1.02619959989 0.0020442588128
25 7.50753793585 3.94929819868 -0.457150705691 0.00374437392039
26 7.40895931585 4.67095343078 0.197472463307 0.00451481120097
27 7.2185150713 5.363307822 0.863193977034 0.0107059499134
28 6.94368598516 5.93217769893 1.61097575754 0.00268416020078
29 6.55947355639 6.48891730029 2.31847534395 0.00402313240175
30 6.2603161109 6.74888521861 3.21349289728 0.00901672207304
31 5.85240384731 6.94780601854 4.08046532466 0.00194169172202
32 5.60953587818 7.22479855542 4.98701789438 0.00227742506577
33 5.33798636295 7.69236017859 5.80246273641 0.00500543168788
34 5.01733332427 8.20495689639 6.57148300397 0.0047438744093
35 4.74933158247 8.54942787447 7.44689274833 0.00641569200634
36 4.51219356682 8.91793654967 8.32120598587 0.00181349997831
37 3.95936132531 9.19872327057 9.07734071937 0.0024853713007
38 3.41193653131 9.35818430231 9.87169742662 0.00430785557603
39 2.8802089731 9.47947167627 10.6831324868 0.00290581169174
40 2.38864051073 9.58813743598 11.5211571614 0.00164090413483
41 2.14060791873 9.74144960657 12.4542922326 0.00319175056808
42 1.88505378177 10.0167141744 13.356762696 0.00365296118549
43 1.52092466717 10.2506311463 14.2331004793 0.00220621627796
44 0.986732711288 10.719574556 14.9036395987 0.00393731486868
45 1.29754846849 10.9724577494 15.7949112601 0.0113936983535
46 1.57399991967 11.5250327396 16.5513977004 0.00860673646545
47 1.90572970124 12.1152827095 17.2549497052 0.00341113998791
48 2.15856000187 12.5565319894 18.0884620357 0.0112317137192
49 2.38411080761 13.0791772335 18.8812702161 0.000681683575366
50 2.86101434374 13.5765290567 19.5723636273 0.00388076890696
51 3.32950205839 14.1543274759 20.2038289879 0.00916148209901
52 3.73934452191 14.6574712861 20.9321437331 0.00475245538266
53 4.16470965314 15.175827838 21.64037051 0.00645803917046
54 4.72152066943 15.4829222432 22.379596388 0.0117493543577
55 5.12727604411 15.8872787353 23.1681930285 0.00449076424508
56 5.43705896837 16.1247501201 24.0612187975 0.00251362193288
57 5.55366022037 16.4248299262 24.9810384511 0.00224025198445
58 5.56246134255 16.7355238641 25.9045887606 0.00299056484237
59 5.79979750772 17.0128699486 26.8079437881 0.00723934794901
60 5.65585100628 17.3067269839 27.7253901227 0.00166918770641
61 5.43192448506 17.6686447647 28.6014380491 0.00303084385581
62 5.38890574891 18.0149047495 29.5106482933 0.00393581195077
63 5.18015537043 18.1912418335 30.4452490657 0.00210101707597
64 5.39868176421 18.3847049701 31.3741173574 0.0083097270944
65 5.85096672702 18.7931815872 32.1328328855 0.00126922769916
66 6.00585005816 19.5229460465 32.7575308455 0.00495697009624
67 6.28872419254 20.2441383487 33.345932915 0.00181923226326
68 6.4219482727 20.9088374667 34.0436165577 0.00301196801081
69 6.63820387649 21.8269920725 34.2800786695 0.000986248925689
70 6.65387055277 22.6293797543 34.8294107092 0.0076860590099
71 6.70310473751 23.4981176183 35.2629568015 0.00994509624013
72 6.55878594791 24.357456993 35.6930165812 0.00452086930584
73 5.95114440561 24.56896443 36.4211799391 0.00310201664689
74 5.48441821787 24.7919769309 37.2436700085 0.00581447233589
75 5.07287360101 25.0616353676 38.081218716 0.00489002259704
76 4.50398101314 25.5207579471 38.7202936971 0.00779393235165
77 4.10465069954 26.0922168061 39.3956895529 0.00393942042228
78 3.76010651073 26.776471384 39.9913489528 0.00368393765171
79 3.25517940642 27.2755764876 40.6527173135 0.00456309762251
80 2.65084763331 27.7374294972 41.2547431861 0.00450489455292
81 2.32870301607 28.0859418864 42.1007068104 0.00203254160385
82 1.93454938771 28.3534786919 42.9455519944 0.00419139538963
83 1.41173328151 28.6419402409 43.7094967357 0.00440851245291
84 0.989571147004 29.0620876461 44.4743396363 0.00149097798206
85 0.472942941863 29.4290382285 45.2078082773 0.00241662378187
86 0.224641333011 30.057305176 45.9026922799 0.00469845934443
87 -0.184544668215 30.4815684241 46.6717493921 0.0064177009307
88 -0.372831007778 30.7090242438 47.5944192448 0.00654665570124
89 -0.59550653797 30.9051475847 48.5162569565 0.00274191839353
90 -0.731908517435 30.8310361443 49.4720389174 0.00496427273124
91 -0.913514782519 30.6251533246 50.400301183 0.00375267981118
92 -1.03445361828 30.4367779229 51.341872205 0.00347055489065
93 -1.72869805503 30.7428029787 51.9419457947 0.00470276908176
94 -2.3632014819 31.0362283414 52.6102292181 0.00194242460624
95 -2.96968766569 31.4207959989 53.2577886142 0.00544347475655
96 -3.64634174174 31.8022141811 53.8331177537 0.00420859882923
97 -4.37135535166 32.438790093 53.7819074635 0.00453616030244
98 -5.16306920471 32.9920933215 53.7857497892 0.00346180595636
99 -6.05971255041 33.3175223791 53.9364777106 0.00490291884859
100 -7.00735309786 33.4840895013 53.8575633714 0.00422722592774
101 -7.96531671999 33.5962616739 53.8228296821 0.00486304367273
102 -8.8970764886 33.6909901002 54.0547907381 0.00142825054826
103 -9.76121953331 33.6490170223 54.4819058163 0.0110333735953
104 -10.4319616736 33.4630926855 55.1492991097 0.00646487855157
105 -11.1024810138 33.2768845818 55.816221869 0.00634440878761
106 -11.6332531423 32.6989878929 56.3751401593 0.00235403809622
107 -11.9364806456 32.1121063118 57.0762872266 0.00469032164368
108 -12.3303489971 31.5101197006 57.7163982366 0.01289127355
109 -12.8578044061 30.8479791816 58.17314176 0.00406292283572
110 -12.2758397735 30.6841542538 58.921212792 0.000779321136457
111 -11.5790708766 31.2088879472 59.3257931662 0.00478605101033
112 -10.9404338224 31.791547116 59.7459163353 0.00376518432467
113 -10.1869420105 32.2522587492 60.124414794 0.00263555845846
114 -9.55060200878 32.8821818283 60.4724399073 0.00670213894346
115 -9.34263900927 33.8097381595 60.6070374289 0.00462893443303
116 -9.29390005074 34.7670429725 60.6539238055 0.00158496661927
117 -9.40943249748 35.689817178 60.4173307327 0.00384507939157
118 -8.67373118766 36.1727732384 60.7992509141 0.00519633307599
119 -8.26435065078 36.9963797006 61.0704329993 0.00275105675349
120 -8.00363645802 37.699437963 61.6680515323 0.009647174985
121 -7.37542256287 38.4221300035 61.6889243415 0.0106462390929
122 -7.01009414741 39.3031607243 61.6119363108 0.00401290701676
123 -6.55263858794 40.0911744278 61.3207260086 0.00216115197327
124 -6.06408906492 40.836128728 60.9727650611 0.00456314415078
125 -5.4452541481 41.5597361191 60.8879539488 0.00426275959281
126 -4.98888814095 42.3655932371 60.6525868515 0.00638762131356
127 -4.20809696613 42.9098507256 60.5751211435 0.00598335938026
128 -3.73638448087 43.7153859942 60.7736201127 0.00255110953365
129 -3.25809364714 44.5054930229 60.5342012356 0.00466654053476
130 -2.57544402921 44.8883150787 59.9889775801 0.00703171783052
131 -1.93811899838 45.3980688924 59.4966696207 0.00447445096877
132 -1.27010803514 45.8599085785 58.9986770224 0.00506589848048
133 -0.89209041036 46.6792296058 58.6952035065 0.00349260322534
134 -0.676402317393 47.5801772838 58.4777767929 0.00478444183615
135 -0.472370873437 48.4919510511 58.3002034289 0.00689491928709
136 -0.373219934251 49.4315658331 58.4017004046 0.00771437288397
137 -0.552196294119 50.3203631679 58.6835876248 0.00896416977132
138 -0.685665852512 51.1655052014 59.0928849936 0.0040768518955
139 -0.94332171652 52.0025842862 59.4555520542 0.00560364735129
140 -1.07155041398 52.7170418038 60.0645057401 0.00569171804855
141 -1.22089575005 53.5584591144 60.4716137269 0.00388809596463
142 -1.67320847632 53.9873862225 61.1837264791 0.00189395197728
143 -2.45432005135 53.8450079028 61.6979115817 0.00529998376759
144 -2.88944732393 53.8196235534 62.5371178658 0.00351796305342
145 -3.14636112314 53.7063599242 63.4397409258 0.00743393801902
146 -3.33878142255 53.2346765113 64.2346197267 0.00442750823948
147 -3.79428364067 52.6870551185 64.852978207 0.00265737106076
148 -4.17280910895 52.1316013748 65.5142799884 0.00961325692989
149 -4.18632694805 51.7084898497 66.3555890307 0.0043708508953
150 -4.21795950283 51.0223283074 66.9985681896 0.00488849576588
151 -4.04960060513 50.4839643675 67.7508635638 0.0121710277717
152 -3.70896703762 50.0389489048 68.5035009581 0.00693621812619
153 -3.35870161467 49.5787625998 69.2409956249 0.00189188904827
154 -2.92047779022 48.98725391 69.820160483 0.00240414665193
155 -2.48049766011 48.1958106343 70.0569669539 0.0050851809225
156 -2.20096289834 47.500089531 70.6161985786 0.012542473639
157 -2.08651809264 46.7270506383 71.1260129287 0.00484419533394
158 -1.49127739461 46.4811435984 71.8002018769 0.0142999844623
159 -1.26352973332 46.4988449228 72.7017054991 0.00534259423254
160 -1.12387740483 46.5684675885 73.6174461716 0.00897754556358
161 -0.936310518081 46.847928422 74.4811283324 0.00478467073117
162 -0.728741515344 47.0546350775 75.3595030007 0.00548809330428
163 -1.36100044342 46.4351392597 75.6240409623 0.00450051317035
164 -1.82468853645 46.226244462 76.3948435088 0.00311025990179
165 -2.35617370354 45.608025747 76.8259232814 0.00194310189758
166 -2.32234901805 44.844545967 77.3414673293 0.00440212134664
167 -2.46861137236 44.1119144019 77.8797820639 0.00830185991327
168 -2.62301244117 43.3274250913 78.3321540876 0.00101928950764
169 -3.05454837507 42.8030207191 78.9507196471 0.00197941400755
170 -3.27850798334 42.247460097 79.6466694153 0.00857249937799
171 -3.66163627887 42.0169962923 80.4463321087 0.00681595872267
172 -4.48547018804 42.324223453 80.6941158413 0.00157695618834
173 -5.11008955263 42.6631431713 81.2679792341 0.00628092326744
174 -5.69023690667 43.2432702352 81.6647974608 0.0101942162754
175 -6.17042457823 43.8639196546 82.1222911837 0.00310771814342
176 -6.81451839085 43.6008359164 82.7050266217 0.00388957560593
177 -7.25061387377 43.1660171183 83.3701691315 0.00598649247192
178 -6.91997015143 42.398014722 83.7137923754 0.00577686374367
179 -6.37903129137 41.7664090339 84.0632773606 0.0041170791788
180 -5.49356211538 41.629963432 83.9733289442 0.00351318691765
181 -4.62125086776 41.6956959584 84.181517108 0.00279307775264
182 -3.77614869725 41.9849099018 84.2754087378 0.00718796996516
183 -2.94781878408 41.6924964453 84.1015587388 0.0014102349917
184 -2.13414897009 41.3532370008 83.947579071 0.00315111304797
185 -1.26996738729 41.1596027157 83.8278930522 0.00806994818787
186 -0.619534781208 41.5210272616 84.3175373891 0.00437314602831
187 -0.023862582246 41.7588733285 84.9333132622 0.00319055775947
188 0.194720428639 42.0268780019 85.7514773312 0.00305377576998
189 -0.0693731888431 42.0410836386 86.5981278117 0.00812206744714
190 -0.485696719751 42.1790259722 87.3645995253 0.00371727822216
191 -0.702919819495 42.1264868572 88.2173663458 0.0199322606569
192 -1.09158720358 42.1225326776 88.9969512996 0.00496437908585
193 -1.27452977 42.2080092924 89.8416779911 0.00559936412206
194 -1.4673615417 41.6069750821 90.4324783342 0.00258356094252
195 -1.89960226398 40.8890704448 90.6362732688 0.00595752181754
196 -1.62373155774 40.1567356467 90.9901528265 0.0116459389187
197 -1.2290574347 39.5445477236 91.4307229662 0.00848197677088
198 -1.06784889479 39.0000833358 92.0572916857 0.020906966348
199 -1.25483044853 38.6203635225 92.7700437989 0.00622317817923
200 -0.911264244166 38.3519063743 93.4683981374 0.00853962463366
201 -1.53602637555 37.8323096053 93.4221506477 0.00877012634958
202 -0.878274260267 37.548244573 93.7893793456 0.00872120432568
203 -0.174625045654 37.6796804239 94.1290051733 0.0108937566149
204 -0.183269977562 37.5289786805 93.3641095157 0.00517445132363
205 -0.675906161091 37.5830243086 92.7723386178 0.00393383066382
206 -0.814775972649 37.5882835157 92.0182280061 0.00597104419434
207 -1.34142000274 38.0424815877 91.7206225635 0.00710354618148
208 -1.9059202214 38.276674468 92.147213074 0.00816630777847
209 -2.58991226427 38.3509488936 92.3939139183 0.0104633036363
210 -2.26494949724 38.2766607743 93.0232451261 0.00697930464546
211 -2.77675051226 38.5037720383 92.6082445278 0.00582801477796
212 -2.96969395716 39.0709881506 92.2789007993 0.00570882519739
213 -3.12573897317 39.2240061013 92.9132750254 0.0322001478408
214 -3.4823540948 39.4699150005 93.2882029371 0.0100979843282
215 -2.99213269485 39.4116063587 93.0860845332 0.00619560527453
216 -3.19872121958 39.8541661016 92.9504878715 0.00659819983181
217 -3.64572556694 39.7422268839 92.8297968413 0.0132515447074
218 -3.929048392 39.6980292812 92.5369511969 0.00771938008452
219 -3.96494981763 39.4232534784 92.7676941163 0.0140192266563
220 -4.21381492641 39.5332935183 92.7617615221 0.0138994386925
221 -4.09762416966 39.3801148622 92.7982200081 0.00587266155673
222 -4.24267162361 39.2998976209 92.802288517 0.007241448221
223 -4.21900866228 39.3368477874 92.9258730255 0.0074293005425
224 -4.21898962715 39.3655302064 92.8312005814 0.0128487622884
225 -4.18013820662 39.3810094173 92.8607547152 0.00972343892168
226 -4.17230879255 39.3816362457 92.8389782099 0.0134774498031
227 -4.1726671597 39.3811036906 92.8389627311 0.00109710319173
