81 10.7721285401 -5.77797897362 -7.46096839237 0.00474791112667
80 10.7691581005 -5.77488964364 -7.46142930271 0.00796882315925
79 10.7765767511 -5.76554772843 -7.47584731767 0.00507114533546
78 10.781156061 -5.73588728255 -7.48496340866 0.00796012999197
77 10.7793344242 -5.68598968496 -7.51068055514 0.0024363135137
76 10.8377469421 -5.67770809434 -7.53752074975 0.0148925287928
75 10.8848471435 -5.60548556926 -7.44816964033 0.0172535045133
74 10.9848286555 -5.424785676 -7.41242853934 0.00702283712301
73 11.0951145142 -5.31095783984 -7.60310539995 0.012255767306
72 11.2483809266 -5.25651000791 -7.3253557711 0.00890484899642
71 11.0738416529 -5.17329296604 -7.65252526481 0.0107445703177
70 10.8796978128 -5.46529168418 -7.38603460667 0.0172473478992
69 11.0930966095 -5.01933700957 -7.22039142354 0.0133408714172
68 10.7469123787 -5.22002255005 -6.80834440335 0.0127159345157
67 10.1331649612 -5.24376745749 -6.86191658127 0.00624973318394
66 9.66244207576 -5.02859943991 -7.23104298241 0.0080485011294
65 9.30025677927 -4.85313593343 -7.75197793199 0.0100380047745
64 9.01560366232 -4.39313079307 -7.33538141005 0.00446120261764
63 9.02155596425 -3.74153604122 -7.56988695429 0.00840103725067
62 8.42610404469 -3.5331486474 -7.89654547999 0.00552717083018
61 7.96450094587 -3.62841239639 -7.349927287 0.00773059621473
60 7.95046259532 -3.31941281497 -6.68183297003 0.00763655930071
59 8.20371140461 -3.55127974028 -6.01608747961 0.00721668337013
58 8.60246171075 -3.34945399674 -5.4010505396 0.00805469448455
57 8.36456513058 -3.39053809417 -4.667205829 0.00671355546884
56 7.91750837372 -3.09087858055 -4.10106544623 0.0071824593093
55 7.49187616398 -2.69653963509 -3.56461546395 0.0026036697597
54 8.06589092055 -2.9603747659 -3.08490452491 0.00540809596197
53 8.54870893011 -3.57122894636 -2.89350004843 0.0311160262081
52 8.86907460599 -4.18230334609 -2.42776707797 0.00181706987475
51 8.70164898805 -4.95329343785 -2.15850269336 0.00479212736477
50 8.27232111782 -5.65237172976 -1.99020475647 0.00653736501442
49 7.47490448221 -5.76395538791 -1.74171470443 0.00470486335275
48 6.86337442696 -5.22427513383 -1.51644176087 0.00577060651815
47 6.31125660525 -4.60410107082 -1.33346003576 0.00510624151412
46 5.63085810311 -4.09016456685 -1.37507510029 0.00813867179914
45 5.0404516406 -4.3837445316 -0.823547470574 0.0074912559764
44 4.47548532197 -4.52567067213 -0.184869580173 0.00858541192125
43 4.04885028231 -4.53802018159 0.57291396105 0.00573500404314
42 3.39934437346 -4.90913593507 1.02136302406 0.00359033895659
41 2.8956257789 -5.48289867988 1.44684676191 0.00630746981541
40 3.03508019334 -6.23339265469 1.87927963012 0.0111188295438
39 2.63102998031 -6.0249182555 2.63668026814 0.00630746742121
38 1.85369340845 -6.02113764232 3.06095853743 0.000845990672283
37 1.05504143693 -5.70664799288 3.2795977496 0.00373202177355
36 0.364960610059 -5.73265664139 3.837600155 0.00388138214032
35 0.657697596605 -5.37259896469 4.5969807613 0.00456149515981
34 0.315440043761 -5.07857047823 5.36628540638 0.0165764570179
33 1.05621257938 -5.31173647656 5.81661111215 0.00695428741621
32 1.85541379014 -5.48398598434 6.19331358582 0.00463776128326
31 1.44531958882 -5.65072941935 6.9797992253 0.00400188935871
30 1.07440232614 -6.08434726687 7.6805620512 0.00687391312189
29 0.659754362314 -6.57483633899 8.31937180867 0.00683392049702
28 0.141790908162 -5.85604016947 8.51596263545 0.00507228230813
27 0.0434643157334 -4.96914785629 8.6897551892 0.00361033327515
26 0.0282207559202 -4.07072017923 8.54477529377 0.00704619317474
25 -0.0539796946936 -3.17200450865 8.41150227819 0.00323745076695
24 -0.506966035431 -2.53466024332 8.8837426203 0.00293744570829
23 -0.891782180338 -1.84742807544 9.34800269922 0.00301354840558
22 -0.857358908376 -0.941435236799 9.22578286336 0.00835099629369
21 -0.292611952857 -0.30136099109 8.89012124073 0.00406578339111
20 0.565780599525 0.00956795594223 8.98751348671 0.00600336720526
19 1.41230786128 0.251569942424 8.72148765603 0.00452280701879
18 2.05928790707 -0.144491059267 8.19897647625 0.00764745416977
17 2.80329163152 -0.579862174104 7.86979364153 0.00600129839089
16 3.59621438033 -1.03968128545 7.75302790698 0.0118774216931
15 3.85307405905 -1.84597140799 7.37507119132 0.00785162045353
14 4.04885951882 -2.60213736582 6.87296823107 0.00516074141857
13 3.9058554726 -2.95394480463 6.02387848511 0.00553247293952
12 3.78353170832 -3.16727530494 5.12559871896 0.00651746863974
11 3.47303718575 -3.38586337413 4.27392710277 0.00422406969989
10 3.01243794458 -3.54669413964 3.47844323689 0.00485336001444
9 2.23637494397 -3.57553424396 2.96015168878 0.00296136654748
8 2.35739284354 -4.02440782714 2.14936071845 0.00511286070786
7 2.28516810103 -4.65065377821 1.4583889153 0.00425630725494
6 2.30669068345 -5.20747466225 0.706136606739 0.00497727694369
5 1.50593237407 -4.79457418871 0.450605833899 0.00161473410143
4 1.2155939591 -3.94008868401 0.199490458899 0.00385981730899
3 0.985235830128 -3.03468120464 0.123568883484 0.00742685038903
2 0.944490217207 -2.10755359336 -0.0166160395274 0.00562678124506
1 0.830324952539 -1.22278575297 -0.3112711914 0.00400061521435
0 0.714394086291 -0.314641965437 -0.524783159681 0.0020129852739
0 -0.395830750803 -0.333076934158 0.844417342895 0.00334169325106
1 -0.692525914279 -0.717340729367 1.70751287134 0.00213318042309
2 -0.858985411535 -1.35296470224 2.44831960024 0.00300891154586
3 -0.791813172698 -2.01182157453 3.18443526643 0.00391086045198
4 -0.592800670689 -2.69280028352 3.87512200591 0.00405748958484
5 -0.375836754413 -3.36699872099 4.56700654788 0.00500886096198
6 0.0110215137644 -4.09682513114 5.11278352024 0.00665043167749
7 0.638073770418 -4.71296364584 5.56799445031 0.00298625555852
8 1.21180700256 -5.42478273577 5.94761389175 0.00499413928773
9 1.68536193282 -6.23160797377 6.27110900887 0.00353969742257
10 2.24981014116 -7.04442922363 6.24886189226 0.00391247479702
11 2.82186924827 -7.85009802222 6.19092978148 0.00368234822014
12 3.54227890001 -8.52066875873 6.08607327065 0.00463406519267
13 4.27098736512 -9.12860011731 5.8050074316 0.00291962105182
14 4.92349606286 -9.82950365039 5.55499659909 0.003035818981
15 5.67970033789 -10.4602611343 5.45616244201 0.00309593751354
16 6.39289932376 -11.1457379737 5.42649536518 0.011957575486
17 7.14545458041 -11.7881145792 5.44116104006 0.00327739921674
18 7.93543981876 -12.3738586552 5.55059461116 0.0179301645311
19 8.71579493082 -12.9815125966 5.52557639275 0.00425574869634
20 9.54954112848 -13.5018849027 5.63884734031 0.00764168234142
21 10.0971220647 -14.3194285805 5.74076343796 0.00879508550396
22 10.6958836123 -15.1067584734 5.73452781972 0.00326085974435
23 11.3003340356 -15.8774172692 5.59627651347 0.00339515833508
24 11.9412506713 -16.5911686345 5.35518676372 0.00371915992525
25 12.2290700215 -16.9089865573 5.23081334125 0.00119378196826
26 13.0615167769 -17.4347494527 5.17101015881 0.00436938146954
27 13.9296798016 -17.8815440167 5.03126570345 0.00527444487348
28 14.7649926317 -18.3516046573 4.79882190104 0.00618525665817
29 15.5614483007 -18.836923675 4.47833327453 0.00600385178417
30 16.3475272357 -19.3806788911 4.23581836993 0.00536416638876
31 17.1777457033 -19.8756718762 4.04097556205 0.00373019526471
32 18.021462628 -20.3303093403 3.80947140034 0.0075128252461
33 18.8771889094 -20.7364531201 3.53611145424 0.00702012801379
34 19.6913225863 -21.0730627107 3.09374874253 0.00236230233624
35 20.4282202915 -21.3586078835 2.50446417392 0.00135567337707
36 20.9449529851 -21.4209526343 1.66717992301 0.00232913295483
37 21.5075693487 -21.4703317969 0.859170778974 0.00441488180651
38 22.1341945475 -21.4560509609 0.098363545166 0.0126262542575
39 22.6717789452 -21.4046165497 -0.726093518354 0.00437369550353
40 23.3279501352 -21.2587221482 -1.44672961759 0.0032472573111
41 23.922937879 -21.7542699816 -2.05616611402 0.00359039363292
42 24.4390130706 -22.2303239975 -2.74752385531 0.00764306457376
43 24.9568457254 -22.6839784528 -3.45233676599 0.00666172422885
44 25.6212605427 -23.0054305217 -4.10478979502 0.00473668603992
45 26.2697364056 -22.7112322805 -4.78543088528 0.00225220756332
46 26.8354667787 -22.3985698933 -5.52874309076 0.00478975176263
47 27.3034858873 -22.017775446 -6.30730148527 0.00377324870606
48 27.739144756 -21.5376112374 -7.04871556726 0.00220035819172
49 28.2368808377 -20.95981108 -7.67185513812 0.00628520746272
50 28.6375990065 -20.3824460578 -8.36164962124 0.0030124932931
51 29.041950961 -19.8183953008 -9.06021773967 0.0061987017651
52 29.1643943465 -19.1302477003 -9.7536920269 0.00445181419588
53 29.1700768007 -18.3188808699 -10.3112411637 0.00195637089943
54 29.096572158 -17.4218584806 -10.7100036522 0.00460544125515
55 28.7657999531 -16.6149394887 -11.1665210372 0.001449105034
56 28.22889898 -15.8574049298 -11.4931892708 0.00263080920474
57 27.8024742178 -15.0046952062 -11.7376633279 0.00237903709931
58 27.2859384226 -14.2425209141 -12.0854466658 0.00268976975964
59 26.8363551395 -13.4524724184 -12.4626609937 0.00205779595492
60 27.2853560876 -13.7037634797 -13.3017550168 0.00113399701773
61 27.7755812508 -13.8484719985 -14.1429030886 0.00367512883737
62 28.3758370228 -13.8710419287 -14.9225155417 0.00139687716784
63 29.0394689032 -13.8636029667 -15.6491915001 0.00534908591383
64 29.6933228619 -13.7044856775 -16.3671651402 0.00307587603406
65 30.2427363759 -13.5889828172 -17.1753128326 0.00560233340092
66 30.7785450295 -13.1272574622 -17.8592127579 0.0173767695974
67 31.276244228 -12.5355391633 -18.4670689051 0.0042674924633
68 31.8660815145 -11.9885665406 -19.0328014222 0.00313048913689
69 32.4951605249 -11.3637130445 -19.4579642121 0.00600578510366
70 33.1064919384 -10.6880559993 -19.8273673065 0.00740507975996
71 33.6001566434 -10.052571138 -20.3921494022 0.00646743779329
72 33.9830123486 -9.34681652168 -20.9592583949 0.00509810952047
73 34.2082960871 -8.50554303912 -21.4148065628 0.011796419062
74 34.4008867713 -7.75593002621 -22.0203158705 0.00384644388453
75 34.6255549235 -7.0786868483 -22.6959046096 0.00370948714809
76 34.8393421616 -6.46955621099 -23.3040078317 0.0042441927276
77 34.9744999398 -6.01894673116 -24.1651832565 0.00292910770358
78 35.330481411 -5.63558675269 -24.9952956764 0.00471382135026
79 35.8815969881 -5.11664349993 -25.6192627457 0.00121746230578
80 36.2901248093 -4.75715750055 -26.4355752603 0.00275269744077
81 36.5558044296 -4.5419108842 -27.3551222988 0.00279874656115
82 37.4472828062 -4.14015026705 -27.4303308362 0.00569350485133
83 38.3724741843 -3.86545397162 -27.2567958647 0.00783100731836
84 39.1360102846 -3.39285474193 -26.8631885333 0.00139315347987
85 39.5189163748 -3.11653629648 -26.6276066126 0.00252036799277
86 40.1678657876 -2.63061242288 -26.0781908794 0.00317425873453
87 40.972138468 -2.25966124541 -25.6605797468 0.0027587875271
88 41.7176915325 -1.74965624963 -25.2827756337 0.00318735269028
89 42.3907551807 -1.23101381427 -24.796376532 0.00531106098909
90 42.9774128387 -0.575727822675 -24.3666084414 0.00157300882124
91 43.4519439259 0.249716452985 -24.1395656362 0.00277017563791
92 43.9518905465 1.08120148761 -24.0107367943 0.00419222185926
93 44.7251578017 1.67503048494 -24.0949965729 0.00371868866178
94 45.6462024381 1.97394167835 -23.9542552878 0.00641924351127
95 46.5552847771 2.31112147311 -23.8238759702 0.00524290690029
96 47.3712428967 2.79477556742 -23.5848256432 0.00436709898932
97 48.2021702903 3.08151331134 -23.1558248836 0.00354970810957
98 49.1176605591 3.37622785879 -22.9786154715 0.00593216093989
99 49.9626609554 3.85571605839 -23.0885648464 0.00494839603492
100 50.372456647 4.73904564032 -23.1753160787 0.00271587950527
101 50.6343581978 5.67331357593 -23.2941634397 0.0132090623862
102 50.6886862623 6.62983289409 -23.486296404 0.00272801893237
103 50.6269612782 7.58851780304 -23.664447755 0.00222166988133
104 50.6183014233 8.4877147113 -24.0464783376 0.00893450684342
105 50.565384545 9.40107332334 -24.3884931272 0.00529952295985
106 50.4062979782 10.3276587684 -24.6526068733 0.00667968349722
107 50.5839617974 11.1672521142 -25.1182611696 0.00595398714602
108 50.2783888558 11.938763474 -25.6324234936 0.00324489017363
109 49.838065555 12.7014955363 -26.0531830416 0.00620665795373
110 49.1117986641 13.0657888521 -26.5937321719 0.00504735580858
111 48.4840930468 13.4805536859 -27.2150708827 0.00259812515373
112 47.9975311353 13.8047724802 -27.9962603755 0.00565029924163
113 47.7275723492 14.0915961059 -28.888865886 0.00759132995965
114 47.1659910724 14.5561112497 -29.5368631346 0.0026169909984
115 46.4619784479 14.9456594493 -30.0876663622 0.00356803192929
116 45.9008486733 15.4813023956 -30.6782359993 0.00514898844115
117 45.3055454985 15.9515064252 -31.2903878302 0.0012736377209
118 44.8123841492 16.3530948904 -32.0291587175 0.00725081278025
119 44.4169847816 16.7354334137 -32.8337110035 0.00426867122973
120 44.0278034963 16.7023203682 -33.7265089617 0.00426242791521
121 43.7524849244 16.414780867 -34.6158050093 0.00697092854202
122 43.3126475866 16.0462434819 -35.4028092949 0.00147128347111
123 42.7719370725 15.560628931 -36.0510172186 0.00147172389641
124 42.3112353455 15.1472891328 -36.8028714153 0.00226991599792
125 41.859572917 14.8533447711 -37.6139744181 0.00438243961415
126 41.6972331693 14.5802848252 -38.534413687 0.00287228633944
127 41.2469814311 14.3976189852 -39.3780282965 0.00544404764084
128 40.9713650561 14.346438562 -40.3101831574 0.00733011637867
129 40.6803050967 14.4678444557 -41.2307479989 0.00394757129803
130 40.7687880841 14.6855120305 -42.1748929353 0.00246197270932
131 40.7438756713 14.9999777249 -43.095147013 0.00395541191884
132 40.5720926994 15.1009235517 -44.0472026125 0.00442210524728
133 40.2755017827 15.1075470703 -44.9733171463 0.00479471967926
134 40.3094161592 15.3004318701 -45.9256771837 0.0110176358808
135 40.9330736854 15.5774785307 -46.6172603518 0.00501948018367
136 41.5792156568 15.8545765838 -47.287514219 0.0029311747978
137 42.253497576 16.1277684781 -47.9308952511 0.00720355593789
138 42.7530515505 16.6632070073 -48.5683329315 0.00293488414698
139 43.2918393575 17.2416914532 -49.1316122061 0.00693896702316
140 43.6150679687 18.0498174308 -49.560450194 0.00557684644604
141 43.7684864023 18.9313166703 -49.9350170612 0.0029491819588
142 43.9513777921 19.7975667161 -50.3309673037 0.00449787746143
143 44.0349926128 20.5979556269 -50.8719932052 0.00516913455387
144 44.0823943845 21.1779004944 -51.647594868 0.00137091066539
145 43.4617820913 21.7062439247 -52.1723455916 0.00435967374681
146 42.7850205802 22.2253870876 -52.6324084391 0.00983351781651
147 41.9223623688 22.4819390807 -52.990316476 0.00581256354993
148 41.1035265663 22.7255369897 -53.4461142565 0.00480739993249
149 40.2192862564 22.9623631213 -53.7607539049 0.00341875754767
150 39.3565661728 22.9408702222 -54.1988834562 0.00279775596253
151 38.4785586838 23.0550855628 -54.5892969804 0.0119082480929
152 37.5588332442 23.3154602759 -54.7350266818 0.00469242126129
153 36.6006909376 23.3551895385 -54.8566095331 0.00246409465028
154 35.7074859442 23.7239472869 -54.8741237243 0.00569194644256
155 34.8688089527 24.1310304726 -54.6202865285 0.00394562643652
156 34.2201282282 24.4154491417 -54.3351788445 0.00199757420578
157 33.382640464 24.8596330991 -54.2749232644 0.0102767863058
158 32.4758679491 25.0405356005 -54.4874425171 0.00409352131052
159 31.6253759964 25.2538387175 -54.8487038888 0.00431893709259
160 30.6932726643 25.1043593817 -54.9323139427 0.00429981832878
161 29.9802553053 24.666324516 -54.4882408002 0.0030350207237
162 29.6126675937 23.8714831083 -54.1280364098 0.00251096755633
163 29.1213597136 23.2385669994 -53.6237668781 0.00308435611535
164 28.3688996292 23.0147946623 -53.0952924464 0.00636750616461
165 27.6166895795 22.5684123353 -52.7366000007 0.00362353970725
166 26.9682861403 21.959519324 -52.4178414951 0.00645058364643
167 26.3189941972 21.3352964634 -52.1352332932 0.00631591327146
168 25.852370053 20.6105781642 -51.7523307457 0.00479324142112
169 26.0999368123 20.6241712044 -50.8423612203 0.00950170371231
170 26.7725067435 20.9081808283 -50.2481853828 0.00379753936122
171 27.0652747439 21.602666437 -49.6852494145 0.00413783761242
172 27.1269735797 22.2391426293 -48.9959578865 0.00291525502411
173 26.7339288936 22.9139794668 -48.4735435579 0.00400280272629
174 26.0213516223 23.3952105019 -48.096678895 0.0295231954868
175 25.1441375448 23.4797441309 -47.7880292459 0.00670235266872
176 24.9518315224 23.3331374732 -46.8865786763 0.00330890914427
177 24.7240250494 23.0711835802 -46.0209620899 0.00445711302705
178 24.2707636245 23.1267332014 -46.5188315846 0.00237673382048
179 24.5538309443 23.6032331103 -46.0680883172 0.0029192209704
180 24.496875785 24.2955707131 -45.4585807111 0.00661546585781
181 24.4436333423 23.7775129191 -44.6966723207 0.00607006689575
182 24.6958848918 23.0841031308 -44.1453455886 0.00309035241571
183 25.2873533618 22.8678483874 -43.4739622921 0.00395886008645
184 25.9299603848 23.3299118527 -43.006473878 0.00392353766259
185 26.3244801232 23.7311005881 -42.6610856382 0.00232589999831
186 26.7976836791 24.0309870717 -41.9680859984 0.00241144523063
187 26.8290336123 24.5150381023 -41.2215962413 0.00517951733247
188 27.080062728 24.7054605417 -40.3911044325 0.00408820345931
189 27.0395407635 25.2984558861 -39.7340349854 0.00604223689591
190 26.3966619902 25.8478028615 -39.481152576 0.0152734750026
191 26.030076916 26.6414472491 -39.5178273694 0.00619705599697
192 25.3636742864 26.0806244403 -39.4825830778 0.00290133204128
193 24.7172729563 25.9550797696 -40.0522697694 0.00288056094043
194 25.0623510792 25.9621627206 -39.2539959745 0.00463919009682
195 24.5620586508 25.6473913232 -38.6202620911 0.00736205677637
196 24.6546017092 25.3522074415 -37.8149526818 0.00520083645312
197 24.4470206965 26.1640267555 -37.6295113797 0.00606526644727
198 24.1670669424 26.6706810347 -37.0003010089 0.00535984167057
199 23.5510789129 26.8219718969 -36.4327181042 0.00505990468079
200 23.3328181277 26.0998683168 -36.8183091737 0.00377864339227
201 24.1767970853 26.0868672026 -36.8241551645 0.00556938568777
202 23.8114330594 26.8245095159 -36.657394246 0.006719620396
203 23.0284768996 26.7064654487 -36.9211238228 0.00766476967356
204 22.2088070067 26.5903577793 -36.9170330468 0.00322274579204
205 21.4539295203 26.6500821106 -37.2450487728 0.00883287364609
206 20.8046383222 26.4704779996 -37.7075758477 0.00716235708447
207 20.639293075 27.1707240279 -38.0791201116 0.0153226679871
208 20.6548221133 27.9521226314 -37.9685197043 0.00612107089057
209 20.4102387927 28.6580145704 -37.7385887456 0.0070148756627
210 19.9546710036 28.5508926176 -37.1233793053 0.00235185581883
211 20.6630465292 28.8402669179 -37.1958149715 0.00677394745621
212 20.8474537583 29.4457417885 -36.7768868403 0.00726603475445
213 21.1407048259 29.9242070721 -36.2827992254 0.00547911924424
214 20.6565449221 30.4664314596 -36.1563416951 0.00645151246672
215 20.4251761113 30.9712631645 -35.6871589537 0.0108993333751
216 19.936766468 31.430465893 -35.9062707962 0.00929460268828
217 19.5915836537 31.8315254204 -36.3419908833 0.00618650732883
218 19.0313181094 32.1650551304 -36.4968217773 0.00810640885836
219 19.0373217462 32.5380982247 -35.9645558421 0.00433819166358
220 18.9142353921 32.9148634087 -35.4648749268 0.00711634655076
221 19.0375462597 32.9101189974 -34.8604019039 0.00979104836014
222 18.9500444355 33.149396546 -34.3346789032 0.00776469817873
223 18.4547566832 33.174129245 -34.0858062992 0.0160513025481
224 18.7927801619 33.1973582573 -34.4352046847 0.00610046290049
225 18.8123179285 33.6029875715 -34.225708045 0.0233941408654
226 18.9113903975 33.7584236022 -34.4862340087 0.00536823293078
227 18.767939776 33.9905154821 -34.4020818323 0.00947243334838
228 18.7409093366 34.2145957914 -34.3519436546 0.0115318275296
229 18.5760571264 34.2545814222 -34.3324158633 0.0135315024462
230 18.4805774853 34.2117776375 -34.3078333185 0.00843417007565
231 18.5242231572 34.2530524905 -34.3520858233 0.0125269738832
232 18.5437873475 34.2599616249 -34.3774278675 0.00617625806873
233 18.5496249215 34.2516557789 -34.3632876357 0.0080734709126
234 18.5497670685 34.2511553743 -34.3599055213 0.00406960223993
