121 -15.1576597572 -11.092466352 8.18553541873 0.00598990497921
120 -15.1563407008 -11.0982233291 8.18675724088 0.00851767168157
119 -15.1535730905 -11.104454578 8.20870810369 0.0376336631106
118 -15.2688403294 -11.0631761148 8.32293189459 0.00592270733993
117 -15.1842117657 -11.2355018857 8.27598946878 0.0121506443702
116 -14.9982102727 -11.3371124049 8.11824001604 0.0129441076472
115 -15.2613244976 -11.125561788 8.0500561449 0.0118606710066
114 -15.5729053401 -10.8640050893 8.14803857255 0.0152553325553
113 -15.8408276298 -10.8666805943 8.56342907953 0.00782105307846
112 -16.1409620926 -10.7143099011 8.155832038 0.00493724520263
111 -16.1052884972 -11.0445611623 7.71908571719 0.00491955826061
110 -16.2757179674 -11.2901329863 8.20165861534 0.00509746219095
109 -16.3685216383 -11.1373794609 8.76002258105 0.00208468842141
108 -16.0735902145 -10.9433300717 8.85435457638 0.0075261695474
107 -15.6560710044 -10.3966277168 9.18150986184 0.00484345280415
106 -15.0515032413 -9.96747189349 8.97850582789 0.00555359520669
105 -15.0896877019 -9.32133311074 8.54889241344 0.00645818834869
104 -14.6318860238 -9.26593975962 7.91242067849 0.00416999665781
103 -14.0633017521 -9.25410568938 7.36276745417 0.00784041623774
102 -14.4054816334 -9.27157476665 6.63604283033 0.0156416760259
101 -14.9486472897 -8.97534914794 6.09945504423 0.01241271868
100 -15.2319215633 -8.22520580375 5.88612218248 0.0035514855416
99 -15.1470408525 -7.44871381392 5.59713435877 0.0124838800236
98 -14.3181259779 -7.30299324756 5.63918439112 0.00463113408288
97 -13.6363409208 -7.70230225832 5.33588717046 0.00997283501839
96 -13.4092622711 -8.49987904935 5.13503814293 0.00837993710209
95 -13.7114993027 -9.3024977835 5.17727429088 0.00523525182956
94 -13.9415079075 -10.1327586119 5.20396566143 0.00648411083846
93 -13.4212151126 -10.7697402289 5.47496629205 0.00616967906765
92 -12.7364656605 -10.7582240422 6.0113330092 0.00280581364908
91 -12.3821659075 -10.434193125 6.73910919856 0.0193971642903
90 -11.8705851219 -10.3397394342 7.45101242028 0.00548101194494
89 -11.5951036348 -10.5217568666 8.27165582153 0.00956305779126
88 -11.2333314769 -10.9684349121 8.94912809463 0.00292468302977
87 -10.5257903146 -11.2548622485 9.40541413783 0.00674259577156
86 -10.3479937006 -11.7256079817 10.1427061008 0.0089824628492
85 -9.89943907083 -12.1511976358 10.7911393749 0.00732696224069
84 -9.39783743792 -12.6527772144 11.3427013738 0.00234023259286
83 -8.7983121867 -13.3018740534 11.5082961434 0.00197139586614
82 -8.64069795931 -13.8469831586 11.5431142386 0.00388311895566
81 -8.19057850011 -14.6064080065 11.9015655286 0.00438146830819
80 -7.94747024251 -15.3500012719 12.4464473652 0.00413524656783
79 -7.58709406315 -16.0632948718 12.9670453838 0.00328073608959
78 -7.444352252 -16.9235167591 13.3540375878 0.0285202577392
77 -7.41972458021 -17.8738521429 13.4603192431 0.00305742614008
76 -7.77146144578 -18.7551566374 13.3372349311 0.00612111469476
75 -8.38513341684 -19.4899489104 13.3295017833 0.00736685597191
74 -9.08266168819 -19.9150864155 13.8303411687 0.0076087776803
73 -9.852922972 -19.7885770491 14.387222072 0.00166763399594
72 -10.24288667 -19.5066298637 15.217060328 0.00206735652622
71 -10.5859775205 -19.4203714247 16.1089744483 0.00305434137963
70 -10.8492427289 -19.0913408391 16.9712349539 0.00469600501269
69 -11.2089635071 -18.782155908 17.8059328609 0.00453410971429
68 -11.6579046128 -18.1470685661 18.3689696156 0.00758155948555
67 -11.9647178251 -17.3302699912 18.7708654029 0.00289139932923
66 -12.071514231 -16.5063788666 19.2536979039 0.00343726415158
65 -11.8016590983 -15.851332853 19.9034377014 0.00284186049911
64 -11.5663176007 -15.1928779363 20.5633942961 0.00745976079425
63 -11.1130714525 -14.5419263874 21.1076292675 0.00330907000462
62 -10.5321813982 -14.001863012 21.6523478449 0.00704152869277
61 -9.89305297496 -13.5207073146 22.1878573461 0.0100858094577
60 -9.10974745607 -12.9793515071 22.3332763814 0.00522709652141
59 -8.29310221169 -12.4723501706 22.2663357434 0.0315755674563
58 -7.46300297176 -11.9820882107 22.3203273789 0.00425323232809
57 -6.51198108265 -11.8355077551 22.237194626 0.00108829644819
56 -5.57124253765 -11.6830380386 22.0798722017 0.00190692569994
55 -4.68356254424 -11.3831575647 21.8446324527 0.0139211374552
54 -3.85128895854 -10.902257352 21.7405987574 0.00519223508466
53 -2.91358514235 -10.6693551308 21.6981982791 0.00472460745013
52 -1.95816738223 -10.6428017428 21.8476561723 0.0040112292491
51 -1.03325625366 -10.9170934745 21.7729443063 0.00228445690467
50 -0.0931726477526 -11.1464910244 21.761309093 0.00376917898114
49 0.857731506347 -11.3071243848 21.8443717639 0.00144961317889
48 1.34903532469 -11.450351772 21.8079407511 0.00632030408316
47 1.90969694109 -11.9956498341 21.2300144495 0.00227492190048
46 2.59372598166 -12.4969307388 20.7539902957 0.00820733386394
45 3.30249818483 -12.9034583597 20.225907637 0.00394440139029
44 4.00963763329 -13.1228691055 19.594454531 0.00667515057405
43 4.48314200168 -13.2899091816 18.760422972 0.00286163199537
42 4.7114827208 -13.2967447943 17.813884608 0.00427920233698
41 4.62799239565 -13.8102106443 16.9906985394 0.00556236401902
40 4.20948786183 -14.3558552 16.3010448376 0.0109674701845
39 3.75879105142 -14.935263251 15.6604052847 0.00362174003509
38 3.16336298703 -15.2819499376 14.9713063771 0.00523565098273
37 2.68237026578 -15.6005048233 14.1856491585 0.00323740280445
36 2.25052697553 -15.8175837212 13.3390113983 0.00334560990977
35 1.59621277362 -16.0459112497 12.6533196437 0.00779045254569
34 1.15836166485 -16.3947080174 11.8547247566 0.00638096375742
33 0.607941004394 -16.6584382876 11.0938025535 0.00403860043328
32 -0.0574614643796 -16.7175866609 10.3828347024 0.00214823952352
31 -0.776753401207 -16.5820101636 9.73781999484 0.00156512195308
30 -1.38456421422 -16.4494867552 8.98612855146 0.00659778365797
29 -1.70627075084 -16.3225050096 8.38854558777 0.00628908613186
28 -2.24210266811 -15.9598600988 7.65732409371 0.00408823098121
27 -2.73435736961 -15.6199594578 6.8854577576 0.00201754695909
26 -3.33922827309 -15.4121464382 6.14744860206 0.00413237268689
25 -3.83382181102 -15.1467575655 5.34807593082 0.00729809286948
24 -4.3871099146 -14.7818629899 4.63034771012 0.00461374802604
23 -5.11271419579 -14.3020471819 4.18569005887 0.00324341625452
22 -5.79884210683 -13.7732547828 3.73374129887 0.00314859629637
21 -6.42309703929 -13.0888655935 3.4228124293 0.0029805433879
20 -7.04700161783 -12.4686998488 2.99720152967 0.00316008608432
19 -7.68950001948 -11.9074426406 2.52031544267 0.00336496541826
18 -8.13113872006 -11.2206762585 1.9829229008 0.00278916340951
17 -8.42734052896 -10.5131122474 1.37684721805 0.00506483130566
16 -8.40489048975 -9.59737038798 1.03518906343 0.00360537846491
15 -8.33617336623 -8.79245074708 0.484232295819 0.0042422106653
14 -8.15554109067 -8.08424606396 -0.165633065187 0.0154853912227
13 -7.84929419913 -7.2997839419 -0.663716982169 0.00267413124945
12 -7.65228302273 -6.70211964485 -1.41313016565 0.00351516513514
11 -7.42879744695 -6.18432668632 -2.21302512969 0.00267912562744
10 -7.02573009722 -5.74945195241 -2.99176127832 0.00666990271189
9 -6.53557858302 -5.31822950391 -3.72122364414 0.00602643788266
8 -5.85832800229 -4.62986414722 -3.88172025189 0.00455808571915
7 -5.09282960126 -4.03002687882 -3.99448498036 0.00377356377133
6 -4.33200323958 -3.49846125956 -3.682475633 0.00362178110532
5 -3.52473058238 -3.12005773477 -3.27734891009 0.00557339538769
4 -2.68248057703 -2.81300348177 -2.88285932694 0.0114828686246
3 -2.02110935194 -2.32663095379 -2.34807354757 0.00601901293433
2 -1.4418151208 -1.8290007899 -1.73397888625 0.00559697729916
1 -0.922587968191 -1.2018272118 -1.18844416206 0.00643887809455
0 -0.342632605232 -0.735191038925 -0.550601915775 0.00404773423396
0 -0.221578937048 0.885328823229 0.361599378826 0.00324171086334
1 -0.633724380874 1.67837432459 0.767499747887 0.00373594826759
2 -0.802028344664 2.05028632867 0.99041985938 0.00311167119077
3 -1.12159642625 2.62721399414 1.71613056453 0.0047150789333
4 -1.65085826218 3.1911383653 2.31876092438 0.00591030296491
5 -2.43428254043 3.75011919182 2.50469850992 0.00129089539787
6 -3.23646097604 4.30030591394 2.62517226346 0.00316209224592
7 -4.11556581173 4.65074076232 2.3703004657 0.00346581848014
8 -4.99785373098 4.97724303762 2.09572677293 0.00462137621298
9 -5.70510310387 5.63835557673 1.94443230137 0.0031145688292
10 -6.52573726666 6.10909139742 1.68947667792 0.00267602420738
11 -7.47035987452 6.33738743425 1.56523752507 0.00850537318335
12 -8.39163511859 6.64915286588 1.44910413919 0.00474063742974
13 -9.25649356535 7.10828101719 1.46911706191 0.00329058720465
14 -10.1591036864 7.09892772367 1.08922537605 0.00960179820181
15 -11.0804107133 7.04240745392 0.762762829936 0.00322539523229
16 -12.0118062215 6.83074833533 0.54813166144 0.00351886932001
17 -12.7392021637 6.1906674049 0.409037883586 0.0057001022224
18 -13.4230583633 5.5487439616 0.129459130605 0.0025807106016
19 -13.9485119602 4.75320169551 -0.0913073238079 0.00121711676576
20 -14.4656589801 3.99719900909 -0.435879661486 0.00476030024312
21 -14.491949057 3.08174324853 -0.780405687703 0.00859825924058
22 -14.6480170567 2.19443357499 -1.16160342915 0.00538571349825
23 -14.8055001434 1.29260492433 -1.50593737996 0.0044333947717
24 -14.9129244644 0.350829711338 -1.74652223509 0.00318487497701
25 -15.0952994881 -0.581938056349 -1.97642880639 0.00587196339595
26 -15.1070469845 -1.51588911528 -1.68755033654 0.0107510044582
27 -15.1434599906 -2.46638351522 -1.46300065691 0.00328943600562
28 -15.0079467154 -3.32460495379 -1.01556609141 0.0031706454523
29 -14.8612181059 -4.19772529787 -0.602018203602 0.0061130356673
30 -14.7663314529 -4.34086717508 -0.289622395323 0.00126622360314
31 -14.3893838596 -4.51450784086 0.585609195308 0.00411692990024
32 -13.7289133927 -4.37877165132 1.28051757845 0.00315216480858
33 -12.9762779302 -4.11168311357 1.82752712294 0.00663462341851
34 -12.2009398087 -3.80543768109 2.31876338349 0.00237537496821
35 -11.7586296501 -3.52542912758 3.13264969516 0.00343098238736
36 -11.3304741448 -3.01526173503 3.83429730906 0.00308581412952
37 -10.8269848009 -2.38761254095 4.37085101338 0.0119363166834
38 -10.1885838429 -1.75595381471 4.72760377994 0.00492539670016
39 -9.64191869358 -1.09906281327 5.17815230001 0.0110033254672
40 -9.02238634962 -0.380213546488 5.35504375988 0.00515814380645
41 -8.89786539304 0.498581872959 5.73396248274 0.00323236357791
42 -8.98480127404 1.38128656143 6.11376386304 0.00409778315023
43 -9.18400174259 2.31502673341 5.97675363479 0.00338869926431
44 -9.40583396476 3.21454926043 5.70914486172 0.00258802262527
45 -10.0071961821 3.95978205891 5.59706658166 0.00669853611813
46 -10.7391144282 4.57758641521 5.49062367822 0.00610405689099
47 -11.5479418543 5.08654599974 5.36942997964 0.00603855383685
48 -12.3925248346 5.45751361218 5.09325778561 0.00524115457057
49 -13.2104096113 5.93600089369 4.92425845958 0.00183384261101
50 -13.9560294945 6.52718008439 4.7802236248 0.00348298420959
51 -14.8060415396 6.96639440182 4.88155842093 0.0076015487769
52 -15.7416611312 7.18640595208 4.85257685179 0.00372403661979
53 -16.6793648864 7.12929174131 4.64860725428 0.00365206447588
54 -17.5326174081 6.68891241771 4.68868409511 0.00446605076638
55 -18.1426786794 5.94771966775 4.65139143338 0.0114210714508
56 -18.6765458675 5.17313294719 4.46091276268 0.00381122291611
57 -19.2254380258 4.39718403121 4.32939666033 0.00649596365349
58 -19.5465831584 3.49388625481 4.3532169359 0.00421374061958
59 -19.9012653853 2.63915765059 4.10279900683 0.00538366644358
60 -20.0512675879 1.69437356222 4.04793009901 0.00627050750509
61 -19.8996877885 0.79556620545 4.34185436784 0.0141167724126
62 -19.8168410309 -0.125740686246 4.58504176096 0.0049348359305
63 -19.2429215027 -0.883668507391 4.68526606121 0.003609518952
64 -18.6243969338 -1.60901485776 4.61789232528 0.00631723367069
65 -17.8588284537 -2.16925942494 4.72811641542 0.0340299337305
66 -16.9755124349 -2.51722378025 4.793250403 0.00348508794001
67 -16.1436932153 -2.90209245824 5.04800919923 0.00806128064848
68 -15.3656599153 -3.31844322009 5.40110144632 0.0330353640806
69 -14.5014747404 -3.63863097271 5.61659596452 0.00460850434119
70 -13.5994517816 -3.9231169573 5.61736236656 0.00178426301497
71 -12.8500356064 -4.12940922931 5.47688655938 0.00488454800973
72 -12.1523932342 -4.37189766816 6.0354981413 0.00588887059397
73 -11.3808856278 -4.35239129616 6.54482759006 0.00367961487262
74 -11.1547930185 -4.73862082308 5.73607682338 0.00615213389711
75 -11.1276221589 -5.59008380258 5.38280912629 0.00572391009832
76 -11.2887588645 -6.48763321163 5.25561692909 0.00517902387137
77 -11.2560230443 -7.2809812743 4.79153337806 0.00600444448172
78 -11.4421898116 -7.91391922197 4.15260392126 0.00359849336839
79 -11.6439254141 -8.80706723743 4.10367626556 0.00273192620845
80 -11.9946757327 -9.65140861238 4.1631433613 0.0109235325064
81 -11.7773042885 -10.4235441367 4.60015258472 0.00550199978978
82 -11.5059833125 -11.2371516793 4.90953223356 0.00260263570828
83 -11.3639822503 -11.9808060485 5.41659396403 0.0024804780125
84 -11.374302619 -12.6982204976 5.97722308635 0.00418470795255
85 -11.0969903518 -13.5441505269 6.16041842724 0.00423311110467
86 -11.411587732 -13.5040484929 7.0118161434 0.00380986960931
87 -11.7658051657 -13.4888415055 7.84697902928 0.00635337156907
88 -11.7017782294 -13.5785377569 8.70626955932 0.00383798118484
89 -11.1218348431 -13.3110858243 9.28762477042 0.0114830999609
90 -11.008402904 -12.4716005408 9.40883163897 0.00323018456402
91 -10.8730195459 -11.6299880944 9.45271113423 0.0189973441415
92 -11.3001769236 -12.0287986436 10.0568250372 0.00444940948001
93 -11.5750402796 -12.673656742 10.5135011396 0.0057142112924
94 -11.6304835613 -13.0483500876 11.255003777 0.00759360974854
95 -11.3220477912 -12.88538962 12.0037434418 0.00520459062672
96 -11.4090076169 -12.6125780814 12.7734878289 0.0177290866763
97 -10.812617011 -13.1040911759 12.9869545773 0.00767832762521
98 -10.6756025746 -13.7943287909 12.6275856821 0.0110683360094
99 -10.5432924621 -14.5333954215 12.8217664484 0.0034030057634
100 -11.0211532377 -15.1242003338 12.9505568427 0.00812304870369
101 -11.4004078932 -15.7801331638 12.9119963779 0.00489918766691
102 -11.645493137 -16.4706106538 13.0770681603 0.00878265719631
103 -11.8620059388 -16.7447915148 12.4274980283 0.00765830933991
104 -11.7392105851 -17.3543598528 12.0587491446 0.0060947696656
105 -11.1162769128 -17.3086562953 11.7189085165 0.00565418403336
106 -10.8786476696 -16.870674915 11.2275890316 0.0116285680224
107 -10.6713894484 -16.9767437237 10.5953862237 0.00949914657738
108 -10.3948755002 -17.3708757794 10.1609823754 0.00880121267224
109 -9.99611011343 -17.181907265 9.7210197777 0.00690912589118
110 -9.8536671744 -17.1291870016 10.303291884 0.00691302945256
111 -9.96276187474 -16.5815317496 10.4477769605 0.0105086181212
112 -10.1673964056 -16.5527334592 10.9438821734 0.00770099995344
113 -9.71207609044 -16.7668922536 10.9647878034 0.0262423805593
114 -9.36531474769 -16.6879045785 11.0443780144 0.0210509242189
115 -9.53975811427 -16.8091513379 11.1465565952 0.00853054018815
116 -9.5735864503 -16.8714475952 11.3231613285 0.00749555818474
117 -9.62862731372 -16.746334795 11.255006801 0.00691077241919
118 -9.73699751834 -16.7470899927 11.307217265 0.00843199553107
119 -9.75705110792 -16.7425931096 11.2238398537 0.00588575466025
120 -9.78028962316 -16.724528058 11.1671939687 0.010330161403
121 -9.75662953062 -16.7441817636 11.1692679068 0.00606227953716
122 -9.75670729384 -16.7282879035 11.1672977138 0.0108320199837
123 -9.75657917142 -16.7279169126 11.1672974158 0.000687551314291
