90 13.6975832018 -4.29636631673 -15.7648010623 0.00831682440536
89 13.7054895043 -4.29443299807 -15.7701422022 0.0238817278432
88 13.7184294252 -4.2980538399 -15.6915551548 0.0360044717605
87 13.6809883922 -4.26434587681 -15.4438149202 0.0218479379102
86 13.4077495876 -4.23707116584 -15.1665458048 0.00400422205036
85 13.6469240954 -4.29575108656 -14.834036254 0.0134685540239
84 13.6150926811 -3.81605518137 -14.8407497277 0.0235804441402
83 13.9223740486 -3.39733139142 -15.0955714498 0.0104823706847
82 14.037629958 -3.16690157529 -15.6535181802 0.0117592342051
81 14.0334361298 -2.70276984493 -16.1066526489 0.00937366274806
80 14.2035444803 -2.25637704489 -15.6326543963 0.00897990936108
79 14.0815956208 -1.60760745024 -15.420934781 0.0110610640911
78 14.0637114299 -0.930609603523 -15.6538942455 0.00815015004104
77 13.934989464 -0.303487279198 -15.2998764446 0.00914402112265
76 14.2863285841 0.297591228204 -15.0290844391 0.0116765091742
75 14.6504926372 0.829315835139 -14.6160320716 0.00882392643675
74 15.1255386484 0.984267269352 -14.0191307727 0.0084598267785
73 15.8811944879 0.780946397031 -13.9222913752 0.0187735229388
72 16.3759387 0.15220321347 -14.0630286063 0.00732535818643
71 16.8253491409 -0.527435589741 -14.1509781909 0.00363100720478
70 17.0808005752 -1.25955637955 -13.8749010934 0.00559921296921
69 17.2899013868 -1.82740722737 -14.4410838848 0.00374516512807
68 17.7080097466 -2.23485043402 -15.0338863363 0.00904533056432
67 18.1935881765 -2.86393160871 -14.7653811738 0.00670831762489
66 18.9686585879 -2.89394249476 -14.4324537283 0.00294914830408
65 19.3814787101 -3.35089004212 -15.0136290444 0.00864871159086
64 19.571360903 -4.1351729436 -15.2880561726 0.005328323857
63 19.8781177274 -4.75299025329 -14.7806997996 0.00308440166434
62 20.1225046778 -5.38430326287 -14.2530318046 0.00724163760451
61 19.2706133505 -5.41320687406 -14.3836724544 0.00528767314071
60 18.6215338569 -5.97827995337 -14.2917758033 0.0363836453144
59 19.1409363965 -5.87801255488 -13.582074215 0.00862337103881
58 19.5172178478 -5.56166977649 -12.8413163082 0.00465109555905
57 20.300976661 -5.41920454565 -12.4436262083 0.00385668911864
56 21.1884311929 -5.49663398177 -12.4828839386 0.00815061151346
55 22.0829301021 -5.51425779446 -12.4613289546 0.00551899050326
54 22.8420284268 -5.81935628845 -12.0928980339 0.0176736013198
53 23.309930132 -6.35668643438 -11.5368411485 0.00438047600313
52 23.6249398273 -6.88969316601 -10.8761530367 0.003841361987
51 23.9734875073 -7.35126611701 -10.1777969767 0.00394537201794
50 23.8876356831 -7.63598907791 -9.31946986855 0.00256669475024
49 23.3102319174 -7.48186141657 -10.0041402456 0.00487598585689
48 22.7234591066 -6.82181081466 -10.2223037749 0.0028630148945
47 22.066501625 -6.56302146534 -9.64672559343 0.00176700646494
46 21.4669197724 -6.14088825288 -9.10541359139 0.00474433393304
45 20.7608782428 -5.96719080455 -8.55350830146 0.0277083133821
44 20.1663394499 -5.68072104852 -7.9119943153 0.00464092697878
43 19.4133756861 -5.52739961362 -7.40370841577 0.00504785881858
42 18.9209473588 -5.22528568632 -6.68407273149 0.0123842772616
41 18.5808215645 -5.05089022826 -5.84075884275 0.00330916812423
40 17.9295448206 -4.88303454633 -5.20388817285 0.00361628523082
39 17.1983567145 -4.99173717791 -4.64466561317 0.0042188307166
38 16.4209054629 -5.49728558961 -4.65694399145 0.00340769909708
37 15.6459149036 -5.88961328979 -4.9843263934 0.00707034566957
36 15.0424824329 -6.20226017845 -5.61925075888 0.00624180562083
35 14.194543859 -6.43601780103 -5.92420201454 0.00311488194778
34 13.4089391982 -6.06539754504 -5.58765559831 0.0148052650607
33 12.6526280943 -5.66124134413 -5.21670607181 0.00401702618679
32 12.6672861766 -6.41256150952 -4.65999455974 0.0051638512563
31 12.3016722393 -7.00838583499 -4.03728373919 0.00408486769045
30 11.8654279512 -7.35634522163 -3.28448345734 0.00430163312031
29 11.8763303596 -7.34542910033 -2.34650846764 0.00581335547595
28 11.6902503319 -7.503875114 -1.43989198561 0.00484762018818
27 11.416760711 -8.11475336011 -0.780787848651 0.00380918449505
26 10.8457000772 -8.52140348036 -0.154731175333 0.00552332401217
25 10.4772469507 -8.99021662257 0.573087116903 0.00264401218322
24 10.0217814366 -9.08541701737 1.39147242555 0.00776190821581
23 9.38466030324 -8.95755985804 2.07394039982 0.00481281014052
22 8.56377610932 -8.90816925345 2.53500809691 0.0163967260446
21 7.77176682553 -8.56831715463 2.92260976679 0.00470502171865
20 6.97137553711 -8.91014759546 3.29232056365 0.00858596794997
19 6.25482034227 -9.51191857365 3.43538092349 0.00395267839923
18 5.39578360265 -9.90603776662 3.49605353265 0.00517060857257
17 4.59914654316 -10.3689792884 3.71807001937 0.00545666894724
16 3.78141629177 -10.7922265628 3.9453718534 0.00527741765513
15 2.85155004752 -10.9204391032 3.80563379268 0.00864740113789
14 1.96731785746 -11.050740967 3.48346273206 0.00347921883066
13 1.06323848194 -10.9729116035 3.20075002677 0.00556048627849
12 0.361595949663 -10.6704324279 2.63409837011 0.00374836382702
11 -0.102075456107 -9.89243980246 2.34250207413 0.00729595386289
10 -0.71015560603 -9.16184186745 2.28675738386 0.00507227188278
9 -1.14328379984 -8.32725364745 2.13332551355 0.00607115280071
8 -1.43584318512 -7.42154363772 2.18741732112 0.00524013058507
7 -1.8984239367 -6.63713030451 1.90341520217 0.00317035230575
6 -2.01587029166 -5.74246461755 1.59302793387 0.00363030712828
5 -2.14410863895 -4.85903263014 1.25485172564 0.00424377789019
4 -2.0461962098 -3.99841622485 0.852535269967 0.000754414435998
3 -1.91614216137 -3.1645329412 0.405295872183 0.00395853249096
2 -1.43143840623 -2.40621344707 0.0845427174372 0.00356215977448
1 -0.991657109251 -1.55894062434 0.0389627731563 0.00375316442345
0 -0.694722841737 -0.651470629964 0.0873848204609 0.00383689998378
0 0.621513591367 0.763778166675 0.0915979114744 0.00324718933528
1 1.09511201917 1.63172631991 0.109800826971 0.00545705562057
2 1.59884138716 2.46913275792 0.26103149179 0.00435884112682
3 2.01893934162 3.35630523029 0.380270369724 0.0008347722719
4 2.52458242934 4.20380390546 0.442124752116 0.00562264338553
5 2.99464399483 5.05732657812 0.274211900822 0.00519001731899
6 3.4937695466 5.88415820506 0.0625985946025 0.00196817744971
7 3.94142876659 6.75920072365 -0.0442042394143 0.00780667042179
8 4.41908801786 7.61556554287 -0.170025737006 0.00280258019538
9 5.08642335332 8.31040768853 -0.391756066113 0.00543910838358
10 5.51673137382 9.17238201187 -0.613185736987 0.00329274470631
11 5.87580056999 9.93559521806 -1.12873223352 0.0147526322866
12 6.11376629862 10.7230024883 -1.67671462027 0.00425810216216
13 6.27392019264 11.5858265441 -2.13133722592 0.0093975601887
14 6.20087362167 12.4502734367 -2.60462400562 0.00567326458833
15 5.95704424059 13.3960330336 -2.75458413364 0.0246327537072
16 5.86206026549 14.3772234014 -2.81859917354 0.00363236795398
17 5.72945085032 15.3044951398 -3.13227748288 0.00234102793996
18 5.696203951 16.1741187622 -3.5996734365 0.0102538051571
19 5.61530289047 17.0166796046 -4.1087324426 0.00368388860559
20 5.47031913108 17.9073889689 -4.51008759383 0.00301730093557
21 5.38944702599 18.846605789 -4.80453642343 0.0045657767085
22 5.19738841029 19.7034370008 -5.25649510123 0.00309406987554
23 4.86411520044 20.5476707734 -5.6456182525 0.00387221434454
24 4.62561582808 21.4362678154 -6.00427078725 0.00265289007432
25 4.30011113462 22.299749296 -6.35569673599 0.00419535370042
26 3.74285190258 23.03653409 -6.70435727666 0.00460331122285
27 3.19697498188 23.8208738026 -6.95264768637 0.00578690518844
28 2.69715724144 24.6415877599 -7.17911189287 0.00535078620623
29 2.17048895375 25.4138000758 -7.49672182198 0.00738552071402
30 1.53474226444 26.1116017623 -7.78530170922 0.00415514849753
31 0.893961054959 26.8005449927 -8.08369115118 0.00829912170132
32 0.129415393564 27.3873263766 -8.29632050778 0.00232232247377
33 -0.623309444894 27.980716633 -8.53146570471 0.00484721028934
34 -1.40295751297 28.500810616 -8.84057229148 0.00491022275255
35 -2.25520849476 28.8855545532 -9.15587080873 0.00440021343856
36 -3.12465033041 29.2504740937 -9.44665962637 0.00339828606779
37 -3.95792455588 29.4430646425 -9.93879845769 0.00739519736232
38 -4.61917811016 29.594588456 -10.6552861964 0.00381388965659
39 -5.11577007057 29.9344172101 -11.4372255917 0.00254222771871
40 -5.70217771287 30.1468952134 -12.2016971907 0.00394415839326
41 -6.27763878645 30.2489658023 -12.9965445407 0.00430883132725
42 -7.04740900273 30.3185798948 -13.6095137686 0.00394464606702
43 -7.82241862211 30.3260090579 -14.2196954887 0.0158997876537
44 -8.49007381237 30.3002262776 -14.9451132966 0.00536621920552
45 -8.95367728116 30.2254040587 -15.8123462196 0.00403695248425
46 -9.45434867525 30.2193049299 -16.6619253181 0.00492531158169
47 -9.91634665294 29.9639144305 -17.4947979955 0.00307520258898
48 -10.2818475938 29.4329625353 -18.2409148259 0.00294750662484
49 -10.5289256256 29.0512908875 -19.1158367816 0.00285081955221
50 -10.55832915 28.662224421 -20.0213300014 0.00603519622698
51 -10.4041750403 28.2878936465 -20.9202689096 0.00192508232218
52 -10.1900574313 27.8047274536 -21.7524772251 0.00721168946037
53 -9.79940773822 27.1626966506 -22.3902128945 0.00599031096738
54 -9.3468271006 26.5219074841 -22.9867669394 0.00529195870734
55 -8.93344285922 25.8991812058 -23.6290392888 0.00443161973169
56 -8.64250284213 25.1105999753 -24.1433110797 0.00528829965522
57 -8.28343518777 24.4232479068 -24.7511705193 0.00372265854253
58 -7.83689343806 23.9006214944 -25.4570671581 0.00383132456349
59 -7.29666162577 23.3266642291 -26.0481325564 0.00561333149128
60 -6.62398767964 22.8339738919 -26.5727191713 0.00216414418289
61 -5.84883964429 22.4325075122 -27.0291115752 0.00378530265413
62 -5.06215128448 21.8409771573 -27.0653390571 0.00466168149679
63 -4.2941936161 21.2244022212 -27.0600521626 0.00377347493277
64 -3.47872846058 20.7427199059 -26.7901107272 0.00421583281677
65 -2.66676201859 20.2038577218 -26.6485283287 0.0026301964758
66 -1.84047143539 19.6710045527 -26.5944410539 0.0049788301872
67 -1.02979119844 19.1258475224 -26.7171633161 0.0039638553904
68 -0.0828288054196 18.8564650599 -26.7129710542 0.00783842108832
69 0.837461193944 18.5498308043 -26.880663888 0.00420440455463
70 1.8057108767 18.6388134867 -27.0339984656 0.00755603671973
71 2.64547722312 18.9551907157 -27.4382960166 0.00330610577096
72 3.50605561597 19.1837943394 -27.8575795012 0.00758784558145
73 4.28123424786 19.6947082558 -28.1838026052 0.00600312397727
74 5.05027726752 20.2847212777 -28.3528098384 0.00252772546019
75 5.70910116271 20.9885869115 -28.5491450621 0.0053406238951
76 6.41410595578 21.6067962941 -28.8468846301 0.0049048105088
77 7.0280674722 22.3491461152 -29.0459584232 0.00783985481922
78 7.62497514243 23.1082763565 -29.2325089563 0.00451450861813
79 8.14405745317 23.8961066562 -29.5102063801 0.00129484412699
80 8.75362803332 24.64695773 -29.6885668203 0.00404511055061
81 9.27826939379 25.4111131809 -30.0170164461 0.00355790778772
82 9.70773432414 26.2705860137 -30.2262052925 0.00298207083491
83 10.2052935834 27.1178565514 -30.2626222124 0.00622964250559
84 10.6662197451 27.9831727921 -30.1898010817 0.019155648061
85 10.8500256422 28.9368596164 -30.0397948996 0.00623653373435
86 11.0775512944 29.8917648572 -29.9957875025 0.00256559136943
87 11.0146714006 30.8635318277 -29.8647476658 0.00383767914291
88 10.9236742376 31.8418023342 -29.86486502 0.00578244587035
89 10.4928425821 32.6903597862 -29.6210780153 0.00501288135787
90 9.97452962959 33.4829850772 -29.3603155179 0.00606815409901
91 9.28001210386 34.1522658802 -29.1750038604 0.00252233028806
92 8.50515627464 34.7469038041 -29.0724492154 0.00285868537587
93 7.69975908227 35.308089963 -29.1006328639 0.00635075920525
94 6.76997420225 35.6234906004 -29.1126965005 0.00607855521558
95 5.81613624111 35.8105231643 -28.9745308935 0.00255557744187
96 4.84418667761 35.7851937045 -28.8387336024 0.00285185255174
97 3.87975077938 35.6040952573 -28.8652265208 0.00485759251791
98 2.95498050924 35.2914008714 -28.9674700632 0.00307627810545
99 2.0844810758 34.8394536083 -28.9318840168 0.00349696194209
100 1.22100055829 34.3752258884 -28.8867908421 0.00500179499542
101 0.374513334492 33.8953737251 -28.7597910557 0.00608395692361
102 -0.380626104584 33.3013407016 -28.5608924311 0.00353838640995
103 -1.06822843313 32.7150544316 -28.1787240326 0.00675291674946
104 -1.51397522244 32.151317551 -27.5109057252 0.00299602187416
105 -1.94431845471 31.5771897653 -26.841938406 0.00429720137917
106 -2.3745134957 31.0889402196 -26.1079473732 0.00289318188017
107 -2.93996523557 30.9853415826 -25.3131783242 0.00340919181454
108 -3.4963263493 30.9544259585 -24.5060303212 0.00266424502504
109 -3.64262892304 30.9500128005 -24.1483756097 0.00249786900409
110 -3.90196780558 30.9442062751 -23.2028006296 0.00573067537725
111 -4.11768556349 30.785868684 -22.2596574246 0.000944957173165
112 -4.28172353036 30.6395602328 -21.3042624212 0.00522635725154
113 -4.15972785893 30.0837887662 -20.506211251 0.00484356417785
114 -4.23316359114 29.6207192895 -19.6455969469 0.00698415039479
115 -3.95539374853 29.2165070663 -18.7973183946 0.00506848432055
116 -3.33006222163 28.8924644505 -18.1164061934 0.00666598472445
117 -2.55971677172 28.7550469845 -17.5273866103 0.00392109591869
118 -1.72703901314 28.5608333483 -17.0499979008 0.00475105796
119 -1.00933098921 28.4509795846 -16.3929633087 0.00173595778036
120 -0.207229139349 28.5439882463 -15.8391872549 0.00604561097129
121 0.527508711734 28.8888734614 -15.2918545763 0.00383262655401
122 1.24471298433 29.0261008013 -14.6399113583 0.00605329892469
123 1.974084949 29.3945779099 -14.1013419394 0.00328032260872
124 2.66419254738 29.9501149115 -13.6857947226 0.00290198589101
125 3.4233723649 30.4481444326 -13.3211417107 0.00264408923188
126 4.11977231551 30.8889645754 -12.7938621233 0.00834170725745
127 4.84446709502 31.4017919419 -12.3832612209 0.00322056200433
128 5.61408973765 31.7607540012 -11.8980178965 0.0053153284198
129 6.30910162149 32.1741111124 -11.3480424749 0.0167126474276
130 6.9769742043 32.7221993975 -10.891022116 0.00362550709424
131 7.44444311918 33.2698236566 -10.2300673211 0.0111455477206
132 7.81282451604 33.888267225 -9.56944422873 0.003255554578
133 8.12272295979 34.58338675 -8.9569725585 0.00317588696587
134 8.26838720527 35.3214999722 -8.33396986631 0.00552791826199
135 8.69223556859 35.7058998649 -7.54239352818 0.00757357751171
136 9.07455688229 35.9717227119 -6.68403542971 0.00742321878577
137 9.41460772152 36.0203643865 -5.77013754643 0.00355024936674
138 9.82079023807 35.9861842912 -4.88312836205 0.00183887577987
139 10.7582470818 36.2251359571 -4.75561948891 0.00477661900848
140 11.7030493558 36.4500859868 -4.66288200016 0.00302417753813
141 12.6497717601 36.6358927157 -4.51848122958 0.00131865890168
142 13.5989732249 36.7077156055 -4.30529662022 0.0059962848055
143 14.5415257215 36.7558747935 -4.05939922239 0.00810946938282
144 15.4531033937 36.8005558493 -3.71632195564 0.00403357309882
145 16.374641125 36.8877685597 -3.41049807147 0.00437197883767
146 17.3045516003 36.8522609595 -3.12058248259 0.00129061104686
147 18.2164518946 36.9855988059 -2.80336711698 0.00559847499581
148 18.9044970887 37.3273723037 -2.20372530253 0.00743494351597
149 18.7931687437 38.1421619058 -1.68133849835 0.00309344628921
150 18.7378933442 39.0133208336 -1.24903671187 0.00597665101663
151 18.7210122248 39.9491643326 -0.980302710684 0.00512099331456
152 18.9215826444 40.8470068772 -0.661569181912 0.00400979964472
153 18.8157163419 41.8077097684 -0.545837783036 0.0037422921173
154 18.2909723771 42.6180676051 -0.669226603436 0.00542926545123
155 17.8544764909 43.4766786666 -0.807407667211 0.00508240230318
156 18.1325584065 44.4086952854 -0.828081155091 0.00555882739289
157 18.4182757225 45.327951629 -0.689112680402 0.00320056642726
158 18.3912118306 46.2606123077 -0.414922305095 0.00464985185513
159 18.1691269954 47.1401100944 -0.0647923473036 0.00830351770688
160 17.4705866915 47.7333437015 0.258983416952 0.00524465960994
161 16.6954874051 48.2371240547 0.558449029266 0.00422149971333
162 15.8739322431 48.398351998 1.05148948277 0.00213344961771
163 14.91492234 48.5311772197 1.1307325692 0.00352170156518
164 13.9696172604 48.5780114612 1.34880958447 0.00301541889557
165 13.0133769158 48.6991115469 1.46709826301 0.00173501894989
166 12.052493505 48.6952610981 1.60707026134 0.00327055880278
167 11.1242698961 48.5911370463 1.87205995528 0.00410148737504
168 10.1797132382 48.3922910621 1.97454593358 0.00592997182169
169 9.28593420133 48.1373760024 2.25370752786 0.00762084831036
170 8.40595426778 47.8653359649 2.55815421797 0.0026022892053
171 7.60172755489 47.6381240844 3.05065656439 0.00889678081432
172 6.72510911845 47.4874019731 3.43645443391 0.00347621579722
173 5.8544255416 47.3342863896 3.83414009071 0.0131543174724
174 5.23526699538 46.7636413619 4.31316082591 0.00401983946795
175 4.77204778126 46.0172942226 4.72104793483 0.00544717074547
176 4.75765751598 45.3824266047 5.45217459311 0.0049531388027
177 5.12118471935 45.0327687236 6.27863848182 0.00575837669764
178 5.34908776295 44.5694973144 7.097341645 0.0081511306862
179 5.92066074647 44.1515347111 7.7563647471 0.00297084467499
180 6.32010493357 43.7237423932 8.52642232027 0.00380847567801
181 6.88083966279 43.6933110161 9.3137033051 0.0181729585639
182 7.61770663844 43.90576457 9.90078999531 0.00206227461196
183 7.81949442497 44.24950821 10.7806506652 0.00134264233866
184 7.93424227919 44.6613233548 11.6467273764 0.00485432799992
185 7.9224833337 45.0806440409 12.5163896767 0.0059362684373
186 7.96217391296 45.3859903321 13.4311849123 0.00649578254639
187 7.88374494218 45.7743259523 14.3108654188 0.00746590100621
188 7.64363533069 46.1896643274 15.1472944214 0.00408219777448
189 7.48551291928 46.8586147075 15.8229135943 0.00108041196739
190 7.43826534204 47.6013142711 16.4351926739 0.00537934659523
191 7.11130235555 48.4145322438 16.8346037803 0.00431115248386
192 6.77558766125 49.169643844 17.3289655142 0.00530014105929
193 6.44871807223 49.6742458592 18.080971556 0.0042907851752
194 6.14992372347 50.0590031156 18.9111750463 0.00484769967479
195 5.83741597234 50.266650012 19.7973086008 0.00392176125682
196 5.45707086813 50.4601840106 20.6594547253 0.0031731810186
197 5.30423954985 50.5977333154 21.5990662832 0.0176902961454
198 5.16761865486 51.068679239 22.4248194083 0.00199227145253
199 4.77188924054 50.9896619624 23.2961875905 0.00215068847444
200 4.50717719033 51.2313930568 24.1868858698 0.00325045893731
201 4.22043086504 51.7177177143 24.9630087015 0.00326714188483
202 4.16404074144 52.4037981006 25.6312183669 0.00294776740322
203 4.46692681846 53.298956989 25.7934360949 0.0116866979061
204 4.72042423457 54.1393174962 25.4097812602 0.00509306462026
205 4.60127695089 55.0108982802 25.0316733399 0.00247007966559
206 4.35373848333 55.8675158276 24.6833854302 0.00322336348868
207 3.91382976052 56.717284566 24.6775061501 0.00387197080061
208 3.42821138995 57.5286857605 24.5331659586 0.00341299207897
209 2.98438267355 58.364635916 24.3966252799 0.00680961089926
210 2.34627853862 59.0749946897 24.3587433597 0.00341090190889
211 1.84237970427 59.8847533456 24.3040411642 0.00819399580573
212 1.24447012954 60.6026954213 24.4995927446 0.0046407214972
213 0.460075401081 61.0460190331 24.8135891352 0.00494707529163
214 -0.310293679065 61.5898103438 24.6715475401 0.00177243821548
215 -1.25700070826 61.498687926 24.6049642519 0.00604010076639
216 -1.87751557633 61.8309922105 23.9623307057 0.00410736489903
217 -2.40365597771 62.2564227555 23.2916004311 0.00421144296358
218 -3.20292104454 62.346352397 22.7820418223 0.00491589198743
219 -4.02682216802 62.0586083507 22.40286535 0.00393061095241
220 -4.54137101334 61.2824024843 22.5956082005 0.00961409524167
221 -4.9360255636 60.4184118348 22.6044946363 0.0051794280872
222 -5.56573372763 60.7185084884 23.2489061465 0.00316890616801
223 -6.32135506554 60.7333706592 23.8232203458 0.00282726918833
224 -7.12970047575 60.895767988 24.2927073674 0.00562072795214
225 -7.94280366607 60.7204616891 24.747735202 0.00301963535546
226 -8.83091327942 60.7090016821 25.0781770619 0.0107572167212
227 -9.67917025674 60.494737462 25.4388785697 0.0018820262209
228 -10.5605681072 60.7287132039 25.690628819 0.0137993333044
229 -11.4716032554 60.6540679227 25.9272056241 0.00372668362832
230 -12.3242973448 60.429907783 26.26384945 0.00357766724251
231 -13.0595491339 59.9589019832 25.9070440662 0.0137803780666
232 -13.7375428963 59.306303018 25.9218957676 0.00559503098294
233 -14.3022408854 58.6042211664 25.6525767606 0.00673334585327
234 -14.7176791274 57.7692187283 25.7641820768 0.00591826632875
235 -15.4174952298 57.2365206399 25.4367907325 0.00152595862483
236 -15.8970147262 56.4357715993 25.3424044249 0.00669178902092
237 -15.8604512576 55.5222302913 25.1370732008 0.00264716548357
238 -16.3241068289 54.87050635 24.6493356735 0.0119546877958
239 -16.3186649098 54.3110934165 23.9000486245 0.00418797701332
240 -16.976675364 53.6521423682 23.831544596 0.00975937267077
241 -17.2820507243 52.7873169792 23.6660480588 0.00437210087082
242 -17.3582367888 52.4302461185 24.5234752481 0.00242410568421
243 -17.1163377244 52.1241789129 25.3692787466 0.00508986831325
244 -16.431919342 52.0245165629 25.9911019661 0.00563940261719
245 -15.730192391 52.0765782054 26.5975175348 0.00413945210211
246 -15.3207307199 52.2142119623 25.7757217188 0.00389050284759
247 -15.1756493819 52.8707288595 25.1371380606 0.00237407248545
248 -15.1264997261 53.6641655798 24.6611588875 0.00569915239322
249 -15.3113029871 54.509274731 24.3331627589 0.00372663308439
250 -15.2293207337 55.3163918193 23.8899477571 0.00446455548275
251 -14.913960839 56.1714044132 24.0376640927 0.00415342010894
252 -14.5114620364 56.9542949352 24.3128468022 0.00473525365215
253 -13.6945158115 56.7306524883 23.950532441 0.00530894795449
254 -12.8805123297 56.7448098882 24.3790311916 0.00211912739242
255 -12.0215733904 56.9089886553 24.6626952067 0.0105195975036
256 -11.1134855525 56.9849616298 24.7608263366 0.00354032044386
257 -10.3238770684 57.0181997072 24.6255007735 0.00326633100776
258 -9.46410756817 56.9985242541 24.3703352648 0.0110298375134
259 -8.8389431573 57.4059485679 23.8797103056 0.0224405624673
260 -8.35805480033 57.5312399581 23.1487532958 0.00512311818336
261 -7.98209409888 58.3261266506 23.1952751558 0.00371770354455
262 -7.96518710724 59.0722647696 23.6598464723 0.00499043936519
263 -7.61691969079 59.6026731257 24.2650721379 0.0108991209635
264 -7.64854139109 60.4427815111 24.0391334504 0.0130657831721
265 -7.85298210156 61.2510497161 23.8163028687 0.00552138889738
266 -8.53465894317 61.7309150289 24.0258232057 0.00679008236646
267 -9.26307332503 62.0052607948 23.6712069982 0.0069729748931
268 -9.74893798788 62.0948730338 22.9779097958 0.00562129022799
269 -9.75456975808 61.6333442214 22.2672778757 0.00678741507275
270 -9.29964699455 61.2707408007 21.6585664077 0.00646868245084
271 -8.76357354715 60.8533643564 21.1703939467 0.00585056512371
272 -9.38412309687 60.3204220597 21.3181848978 0.00475600146317
273 -10.121800253 60.3089089997 21.692649904 0.00354651375353
274 -10.82313903 60.0523111898 21.727718417 0.00407206952249
275 -11.3658582623 60.0516481555 22.2893663201 0.00890280371953
276 -11.6991011819 59.7391066705 22.9077817569 0.0263926031033
277 -12.1015507557 59.548109804 23.4804782584 0.0195464954493
278 -12.7806754405 59.5695954575 23.4005390993 0.0074033160949
279 -13.327825566 59.8708295552 23.632989551 0.00567967563535
280 -13.8891226092 59.6218632518 23.4148221011 0.0058469854371
281 -13.7945387766 58.9946159988 23.3818551846 0.00662073710927
282 -14.3619259334 58.8310922742 23.2084534268 0.00757141152998
283 -14.6356645565 58.3195773581 23.3188544713 0.0104803848011
284 -14.1267944952 58.2679671806 23.5275633309 0.00830971323098
285 -13.6232188236 58.3748364309 23.5880364134 0.00778904140678
286 -13.5185071029 58.1230092 23.1885008352 0.00569761954459
287 -13.3054854025 58.4535396418 22.9581645478 0.00781718336166
288 -13.4041705813 58.2889592412 22.5888045819 0.0115500323553
289 -13.3183530516 58.0056463298 22.4151348246 0.0101651665397
290 -13.565562252 57.9145835953 22.3222231996 0.00802534434535
291 -13.7307362211 57.854611928 22.4761089878 0.0116134261517
292 -13.6847229674 57.782654905 22.62600424 0.0087379623516
293 -13.6082685774 57.6772289799 22.631586727 0.0131461287854
294 -13.5421539903 57.7140764055 22.6403219946 0.00898245874868
295 -13.5403804621 57.7367456155 22.6020494704 0.0104047100486
296 -13.5356603847 57.7516603156 22.6082293969 0.0118813350462
