82 0.943551032133 -12.0051627291 -4.75815067797 0.00874241143514
81 0.939316225907 -12.0101647691 -4.76633702265 0.0116617142334
80 0.901598966792 -12.0129751922 -4.75907590527 0.00825387864521
79 0.946934236432 -11.9681677071 -4.77814585046 0.00693063766215
78 0.872139186989 -11.9163061031 -4.79631815919 0.00680362010455
77 0.974644372414 -11.8683092268 -4.83917468245 0.0100056310947
76 0.813926710545 -11.8177688125 -4.83080596923 0.00852156995129
75 0.841433249603 -11.9218838706 -5.01437116401 0.00994241152372
74 0.858835032088 -12.1872683031 -5.04659592109 0.0323504430596
73 0.567660285583 -12.1212995824 -4.69614923228 0.0179727856273
72 0.389493390732 -11.6257931956 -4.57322199541 0.00818876735324
71 0.711702830325 -11.5080615457 -4.1145096333 0.00493160136209
70 0.906917318287 -11.8089289648 -3.64566439012 0.0122615897193
69 0.743691301808 -11.3018930561 -3.31099783191 0.0103744492654
68 0.428980465863 -11.2990707262 -3.88965553798 0.00525579481185
67 -0.119733780586 -11.4967326869 -4.22206320055 0.00439920416969
66 -0.388586323797 -11.753262077 -4.79461164631 0.00530851096909
65 -0.488248462542 -11.5641768059 -5.45587419725 0.00441700914491
64 0.174757481188 -11.3875702597 -5.60950387826 0.00854443613386
63 0.834631559349 -11.1006986866 -5.63713733384 0.006302667627
62 1.32350618672 -11.3450031576 -6.12463930345 0.00800415904391
61 1.83509443902 -11.8590582811 -6.29707972699 0.0117320946371
60 2.06746908544 -11.8251926021 -5.56875235706 0.0124909498593
59 2.77335398138 -11.5876944545 -5.33219315217 0.00646297952322
58 3.49806090614 -11.8993321385 -5.36431249207 0.00431364352093
57 3.44835094135 -12.6567858779 -5.60014700274 0.00531873372524
56 3.14453595609 -13.2994387735 -5.22472901389 0.0149769945788
55 3.04715224894 -13.6142064577 -4.47359845979 0.00811970652826
54 2.59453483329 -13.9125172593 -3.84863421688 0.00460053028437
53 2.27756504128 -13.4896853046 -3.20681665557 0.00456115430042
52 2.02070678893 -12.968309376 -2.60716565564 0.00681449107649
51 1.93744508529 -12.146724396 -2.45417973303 0.00654177354441
50 1.58827477202 -11.4981756191 -2.03974858767 0.00401700096422
49 1.49786237652 -10.6724145787 -1.87034865662 0.00792960876105
48 1.95685233695 -10.0675249443 -1.48042135848 0.00474698721743
47 2.43354969528 -9.39207681715 -1.70443025972 0.00469639281307
46 2.62017603119 -8.74438980394 -2.23856104461 0.00680341907228
45 2.308709923 -8.23543964548 -2.86396701849 0.00542797906902
44 2.11729391183 -7.89600140156 -3.63954307259 0.0103407194539
43 1.80506365346 -7.74929981683 -4.44232387377 0.00489715518328
42 1.44356148194 -7.3945950015 -5.15718612907 0.0045227354319
41 1.51718671857 -6.55929905333 -5.41606621374 0.00339804233359
40 2.11433813566 -5.95469016028 -5.19039425122 0.00542857022766
39 2.69200085764 -5.33882333546 -5.44481059121 0.00439828372547
38 3.41594305546 -4.83330855469 -5.48354883038 0.002065733146
37 3.02849284426 -4.94075751779 -4.69423516765 0.00689735616185
36 3.16178514347 -4.40786614283 -3.99572364243 0.00854536035811
35 3.91538022216 -4.38002723792 -3.51970712356 0.00568805007601
34 4.11696283118 -4.70446682248 -2.71058473306 0.00516959511138
33 4.48477796392 -4.70450934798 -1.89271809317 0.00141392944495
32 4.68839039608 -5.16288416186 -1.14890135265 0.00983762774965
31 5.00920036024 -5.83145575235 -0.63840739615 0.00490292276215
30 4.2846544609 -6.36761495398 -0.61634050613 0.00644748617027
29 3.42576783753 -6.64739080483 -0.585565212593 0.00462060804123
28 2.63579184653 -6.88875571111 -0.956678377757 0.00728901010933
27 2.25930623701 -6.87205071483 -1.78352628721 0.00503771967733
26 1.35782429647 -6.91755984492 -1.67373081365 0.00293148239215
25 0.875025477038 -7.59231858326 -2.04836027052 0.00496940629847
24 0.3743405021 -8.32417053431 -2.26024174312 0.00520230584959
23 -0.0400250051175 -8.9758750635 -2.74808381842 0.00618549274472
22 -0.400400897331 -9.53897452624 -3.37337477454 0.00488261781089
21 -1.11634599953 -10.0668946779 -3.59304159165 0.00301139500183
20 -1.88115083834 -10.442499211 -3.93238545297 0.0049513662489
19 -2.62419090364 -10.6679545448 -4.42318393736 0.00228178694606
18 -3.21864113338 -10.8395065894 -5.10334008401 0.00548392091893
17 -3.90283606489 -11.1254179854 -5.64893296321 0.00457252590206
16 -4.34095803166 -10.3189957828 -5.56740840834 0.00413902688846
15 -4.65109750747 -9.45950516961 -5.6932789545 0.00354797778596
14 -4.62867071638 -8.568134182 -5.93272240943 0.00887163514729
13 -4.46435381576 -7.65941851713 -5.98934612863 0.00829359810207
12 -3.89939256939 -6.92470922314 -5.97146564017 0.0100349983248
11 -3.47251976607 -6.13277913384 -5.73928858714 0.00621520593696
10 -2.85301290201 -5.78648732061 -5.13718538147 0.00555091273044
9 -2.47100785173 -5.77388589519 -4.28695306705 0.00310259581608
8 -2.3549021449 -5.47132876582 -3.4122315601 0.00869160170363
7 -2.23785128217 -4.78045152975 -2.7947010637 0.00360588239462
6 -1.80749548433 -4.09264497201 -2.3310794998 0.0027435614724
5 -1.21202629257 -3.5166571633 -1.89779342386 0.00449983285456
4 -0.619322136114 -2.8505301607 -1.61439837055 0.00250850722701
3 0.184961057416 -2.37194893165 -1.60584304422 0.00530180614106
2 0.59027307712 -1.53120608455 -1.68676693384 0.00465440025647
1 0.360450306401 -0.680532948324 -1.36608137288 0.00658994513665
0 -0.1230308791 -0.00286204470334 -0.931956070529 0.00320367728508
0 0.728113774367 -0.671024972631 -0.0110623129082 0.0107084721741
1 1.58211391457 -1.14447575647 -0.175113141968 0.00145630570182
2 2.46448860551 -1.52936429739 -0.406728718901 0.00532511002251
3 3.32706239315 -1.92622113535 -0.687377299031 0.00599435301743
4 4.24805161163 -2.19741287767 -0.929083990396 0.00427754422589
5 5.17644996124 -2.40214589835 -1.20528163458 0.00702821828278
6 6.05147309867 -2.75801572326 -1.50142930011 0.00833984308576
7 6.77576351778 -3.37721412754 -1.7695052423 0.00529924427903
8 7.63293740674 -3.82233164551 -1.98605469027 0.00190421742657
9 8.46324201621 -4.05643079613 -2.47143606723 0.0070034944114
10 9.33412204159 -4.30238007476 -2.8723545224 0.00494171061959
11 10.2186122559 -4.46624733764 -3.28515249114 0.00504265976486
12 11.0699262933 -4.53453534796 -3.78527236807 0.00404951358271
13 11.9318265833 -4.69058559773 -4.24593672327 0.00365178648703
14 12.8141776209 -4.7973523911 -4.68116244659 0.00279429463165
15 13.6992444491 -4.90710763201 -5.11002569421 0.0122130323282
16 14.5565201354 -4.85363754073 -5.60128688109 0.00374765371719
17 15.2901118437 -4.78298531805 -6.26156911347 0.00463107132038
18 15.9657472324 -4.63709869585 -6.9695916286 0.0034880976484
19 16.657663936 -4.32287859706 -7.60321644701 0.00800805430424
20 17.2118974553 -4.00358770175 -8.35803967185 0.00345503830751
21 17.8634590613 -3.55761711592 -8.95412377823 0.00343199964954
22 18.4917714736 -3.09726390011 -9.56402549523 0.00567466152008
23 19.1787743553 -2.7869550705 -10.2045928235 0.00203190419126
24 19.9274208295 -2.53423234908 -10.799733455 0.0029650561327
25 20.6712374577 -2.30457876213 -11.4100450732 0.0079003967222
26 21.4326091794 -2.05104338933 -11.9882792493 0.00479503111695
27 22.1602134814 -1.76395840623 -12.5936033052 0.00540800399718
28 22.8817526284 -1.52239518115 -13.2254107997 0.00737819138266
29 23.4151926407 -0.70869502868 -13.4020608582 0.00272033251594
30 23.8889822351 0.155962076808 -13.4775610846 0.003874899817
31 24.4837828302 0.94585111372 -13.481839714 0.00592756042229
32 25.1032812825 1.71637776596 -13.4706924471 0.0034020214578
33 25.2967288725 2.65178504598 -13.2154228195 0.00376548376004
34 25.4604536243 3.57100514151 -12.8902451085 0.00289639971162
35 25.3947573437 4.37419063378 -12.3174302838 0.00867220243174
36 25.2603158849 5.12776584531 -11.691778561 0.00415006953095
37 25.2177177741 5.86392923883 -11.033317127 0.00262735022964
38 24.7974179498 6.41202869206 -10.3260475061 0.00425822514837
39 24.7123526161 6.91986970748 -9.48215591374 0.0128434704304
40 24.5180263934 7.18974273086 -8.55129901412 0.00566404831232
41 24.7175970422 7.64620443962 -7.69764210573 0.00269817900039
42 24.9701245541 8.07643893727 -6.84442050443 0.014238751495
43 25.1434941189 8.56157641904 -6.00113263245 0.00505468301377
44 25.3359338871 9.03533313607 -5.15557717813 0.00702244621908
45 25.4648941088 9.58005947736 -4.34138368894 0.00218063656863
46 25.4653735928 9.7236680799 -4.1789138096 0.00096723854271
47 25.4673650097 10.3855947217 -3.44600725601 0.0022972384489
48 25.4115846174 11.075934255 -2.74205313919 0.00302338344671
49 25.1633888349 11.7623744871 -2.07696927253 0.00657862529295
50 24.8472312617 12.4117641568 -1.40367528434 0.00245016347238
51 24.4547830918 12.9738404257 -0.693037389486 0.00224312838975
52 23.9264071097 13.5106617731 -0.0546821527008 0.00510633811565
53 23.4944154716 14.0618310564 0.641279327746 0.00510592703403
54 23.1357248297 14.561729706 1.41337698453 0.00276579158765
55 22.5720341325 15.0541137882 2.05708200023 0.00253618124115
56 22.0074611032 15.3188687701 2.8224061898 0.00450413690552
57 21.325636356 15.5335684311 3.50315112115 0.00451128780717
58 20.5626341898 15.874578701 4.02826001907 0.00463858792303
59 19.7375929332 16.0692470376 4.53371622923 0.00138603456666
60 18.9120980961 16.1788643993 5.06342707875 0.00642416280389
61 18.1655922102 16.2834575365 5.70040022245 0.00671735410373
62 17.2682382308 16.0817218885 6.05776172411 0.00332472374642
63 16.4137233449 15.8387913467 6.48715418328 0.00318117833079
64 15.5049442154 15.5684478106 6.76008508361 0.0014423163503
65 14.5620309349 15.3765551872 6.97802620811 0.00459365072872
66 13.6702287427 15.0595232496 7.25637823551 0.00372613217023
67 12.9711359389 14.380809418 7.41063227797 0.00508460177559
68 12.3477343087 13.6167195284 7.43448695033 0.00296153317654
69 11.7681448368 12.819942736 7.48113997919 0.00725003908857
70 11.2716959254 11.9691784502 7.53111452068 0.00342785908406
71 10.7089435613 11.1632017051 7.45124623122 0.00372709311033
72 10.345893274 10.3246348802 7.08026367764 0.00397308909002
73 10.0024375199 9.46617142046 6.73735227024 0.00395780085405
74 9.70751363677 8.66442284569 6.24472758743 0.000943740782611
75 9.4450548157 7.80471245283 5.8392524842 0.00316633539136
76 9.39973018812 7.20228577782 5.05979875721 0.00236165509602
77 9.44134463707 6.72149951611 4.19978070695 0.00124237167116
78 9.44294815925 6.31066593651 3.30327204632 0.00387222011155
79 9.48896306081 5.80444675197 2.45829350213 0.00554611977531
80 9.61651390326 5.42242372705 1.55826887194 0.00630306315271
81 9.81273927561 4.96135685492 0.709183007773 0.00320161088796
82 10.1626276611 4.60999713024 -0.142914183421 0.00183762298843
83 10.5709005913 4.79303810727 -1.02139250943 0.00700924908633
84 10.7737703105 4.93018162771 -1.97628402922 0.00806773515575
85 11.0379866768 5.06845842662 -2.91575327787 0.00437185858343
86 11.3157794439 5.33446432264 -3.8231932251 0.00427269891198
87 11.7375445297 5.57674827121 -4.68029109366 0.00465536796526
88 12.3885381954 5.78831143794 -5.38909011065 0.00539292341739
89 13.0655218102 5.95269644996 -6.0858301665 0.00528209104079
90 13.6770188543 6.07260523872 -6.8489535476 0.00436580503967
91 14.2299324634 6.18854160747 -7.65605362558 0.00108140903056
92 14.8580403326 6.52305534963 -8.3372414045 0.00430621393174
93 15.4624421306 6.8187056886 -9.05669873192 0.00465810857977
94 15.9399502368 7.13264665188 -9.858993027 0.00527454374726
95 16.2472211986 7.61285657472 -10.662153477 0.00318139122695
96 16.6274431136 8.07229398531 -11.4459361832 0.00365988675123
97 16.7802368354 8.40055207074 -12.3618338604 0.00387199910843
98 17.018868297 8.86941109004 -13.1942960815 0.00845707806299
99 17.1060635709 9.37321646845 -14.035769886 0.00454694444745
100 17.1188052347 9.98228781028 -14.8091799032 0.00312895284841
101 17.1743524382 10.5175457329 -15.633587014 0.00350753158714
102 17.0945591638 11.0758112115 -16.4404789029 0.00482145635004
103 16.9003526156 11.5746713312 -17.2665418143 0.00334301017409
104 16.8265597362 12.2502135716 -17.9785439035 0.00532351849587
105 16.6654487291 12.6960954761 -18.8410580566 0.00171980167599
106 16.6009762222 13.2426813211 -19.656952555 0.00347692492423
107 16.4017487069 13.8201362461 -20.4285048289 0.00307899154683
108 16.3254064777 14.4088720432 -21.2133014788 0.00280780512903
109 16.142310691 14.9305080116 -22.0273309911 0.00485227666828
110 15.788955771 15.714107166 -22.5058435359 0.0114942960209
111 15.3545333174 16.4082728215 -23.0507296837 0.00416409650603
112 14.9429701834 17.0986171362 -23.6176455906 0.00582570732866
113 14.4623126953 17.6227641431 -24.2969532805 0.00743436277537
114 13.8123134415 18.0936937107 -24.8649265666 0.00813020301697
115 13.1029971687 18.5415047068 -25.3776295806 0.00419006589259
116 12.3690096068 18.8961684432 -25.9270553268 0.00640048206084
117 11.7583322439 19.4914694382 -26.4157281663 0.00679969156479
118 11.144803639 19.9987622964 -26.9920440041 0.00919105682751
119 10.4578918866 20.3957190292 -27.5718051221 0.00284563086219
120 9.69789375443 20.6557105409 -28.1376940413 0.00406587377438
121 8.92001552188 20.6343168525 -28.7374709486 0.0071992163822
122 8.16856691871 20.6284396667 -29.3701711774 0.00690295407202
123 7.39158542557 20.5450903479 -29.9652020794 0.00197792822915
124 6.56418513738 20.3970523807 -30.4732003413 0.00434913553155
125 5.72151331101 20.11146728 -30.8887492414 0.0039870096645
126 4.88681487822 19.7514163566 -31.2599483583 0.00231267492642
127 3.93287160421 19.5192295385 -31.2532204099 0.00946739239463
128 3.00556819038 19.2675649758 -31.4541131485 0.0063300876655
129 2.17659666448 18.9952831458 -31.9036479004 0.00259918620979
130 1.36810829784 18.7303675572 -32.3930244846 0.00205976049471
131 0.587971105306 18.3885076893 -32.8806203132 0.00531003643941
132 0.603922924555 17.4997088306 -32.465002352 0.00420829958111
133 0.816328365796 16.6355111666 -32.0517060349 0.00628037407489
134 1.16331023444 15.7782098824 -31.724472671 0.00268987807281
135 1.46540600134 14.8878841489 -31.4445425035 0.00674437592782
136 1.97298398912 14.0924630305 -31.1768510745 0.00555129214102
137 2.48396732715 13.2596500912 -31.0931434344 0.0041725753567
138 3.04683835051 12.5049417968 -30.8190460064 0.00238459339274
139 3.72589719135 11.8166142719 -30.6563279785 0.00148211645558
140 4.33366510982 11.0734145731 -30.4573211256 0.00815609299212
141 4.98080301683 10.359548601 -30.2769208331 0.00715281253793
142 5.71704530614 9.85579067702 -29.8708984777 0.00166322948613
143 6.46842430665 9.36198563123 -29.4808022166 0.00482553734889
144 7.18901439447 8.73032458194 -29.2757900587 0.00393884487477
145 8.00096733225 8.21029550282 -29.1015090597 0.00444927136257
146 8.83245819086 7.72036854063 -28.9328629294 0.00351301211453
147 9.79868033436 7.56093789739 -28.9074368113 0.00510702358256
148 10.7495170338 7.32587001101 -28.913857914 0.00656922218284
149 11.6905347605 7.17395311265 -29.1385611876 0.00612093479611
150 12.5588156989 6.72899079044 -29.2212052698 0.00679004524992
151 13.3808028916 6.26002678167 -29.4718505236 0.00617865754691
152 14.1514772593 5.66603463488 -29.578049694 0.00578196329347
153 14.9152585338 5.05422389456 -29.5712189038 0.00325858933654
154 15.8103395066 5.04923322478 -29.175666795 0.00542100541744
155 16.7283797112 5.16819820389 -28.8588632741 0.00419917097673
156 17.6547552019 5.30922635452 -28.577787385 0.00475060285567
157 18.5648352608 5.63736059682 -28.4334458476 0.00456792830393
158 19.3976563512 6.08159806048 -28.177346196 0.00276705867815
159 19.9947773225 6.75651144956 -27.7973941456 0.00644845226623
160 20.374243683 7.60273192357 -27.4876679738 0.00823004273191
161 20.7912250473 8.39794295913 -27.1012284212 0.00355446053148
162 20.1620217416 9.12185968416 -26.9132998953 0.00805534759377
163 19.3639753078 9.66338552099 -26.7563135923 0.00294416563658
164 18.4560568689 10.0004588445 -26.8853559116 0.0019767468295
165 17.5815909704 10.4332700758 -26.9347220093 0.00517482251335
166 16.6601610069 10.7528365174 -26.8801690735 0.00315171401949
167 15.6940997622 10.890123348 -26.8376103178 0.00732194850321
168 14.7365027817 11.0788319748 -26.8670180281 0.0310752278047
169 13.763440483 11.1203501254 -26.8137683444 0.00261428857377
170 12.8012680592 11.0020941494 -26.9208968223 0.00143685627189
171 11.8505318449 10.8313470953 -27.0553922839 0.0109403785611
172 10.9266260069 10.5995826743 -26.8478351972 0.00202541604764
173 10.1140664696 10.0663573698 -26.7727473627 0.00490685361581
174 9.54814778669 9.4328480157 -27.2507245437 0.00688564807339
175 9.21323387559 8.60246985647 -27.6351659889 0.00353728672892
176 8.78341168382 7.82936648408 -28.0435910192 0.00159470142631
177 8.60748252425 7.00604567498 -28.5338820811 0.00340404336042
178 9.04801877391 6.26825618378 -28.9926943675 0.00342299780376
179 9.61922944861 5.64214907208 -29.4726771892 0.00743893346961
180 10.3205110224 5.21550533839 -29.9964416122 0.00341779529137
181 11.1829942848 4.90671791983 -30.3258516426 0.00205476953736
182 12.1107081333 4.81843392828 -30.607107806 0.00270802317412
183 13.0457520234 5.08854810822 -30.6065908076 0.0101146521925
184 13.9131063099 5.5290240961 -30.6185725642 0.00421403480922
185 14.616829339 6.18702534564 -30.4845935257 0.00503942074725
186 15.2387205349 6.88051681069 -30.2051164496 0.00533847195612
187 15.2898496402 6.00621438698 -29.7827179277 0.00342288933819
188 15.6532519212 5.12082737727 -29.6123022658 0.00363847359369
189 15.9973840827 4.21747936481 -29.5111911557 0.00854269350951
190 16.5821941205 3.46426949258 -29.3250418951 0.0011513951228
191 17.1479324826 2.71291425134 -29.081508026 0.00560080485001
192 17.8450196028 2.19268190743 -28.6491129501 0.00609410665319
193 18.5130665254 1.9014482815 -28.007151174 0.00803896163386
194 19.1766066297 1.54641531873 -27.3938592184 0.00400935647261
195 19.9648527356 1.46512927122 -26.8334185757 0.00524651118345
196 20.6874798135 1.38204033888 -26.1911154922 0.00238127102135
197 21.5355459922 1.70194262519 -25.845318579 0.00532063151123
198 22.237680969 2.27344119908 -25.4974349405 0.00579055811049
199 22.6703328189 3.10139503761 -25.2379723375 0.00545425711869
200 23.3666725723 3.76704462122 -25.1309781868 0.00557594816798
201 24.0632498158 4.39410175894 -24.885001622 0.00632959247004
202 24.7608810847 5.03393842325 -25.0904005267 0.00338197481223
203 25.2842337039 5.84600459104 -25.0230581028 0.00708006396264
204 25.6351953114 6.70624282546 -24.7509502553 0.00276120806029
205 25.9669376645 7.58211490034 -24.5065794124 0.00406455218171
206 26.3025458 8.48957406458 -24.4888884889 0.00792724810696
207 26.7854855329 9.32762016104 -24.4936583708 0.00231994096329
208 27.1036653491 10.239188301 -24.5496067414 0.00411696382243
209 27.1350871821 11.2052242316 -24.5752267007 0.018736408747
210 26.8730507428 12.1277599467 -24.6893229874 0.00382524395892
211 27.2579276328 13.0038697541 -24.8182022335 0.00351080199768
212 27.2544709944 13.9662707542 -24.7430232016 0.00341780619827
213 26.7404275408 14.7655377238 -24.5744163913 0.00225208451961
214 26.4041334093 15.6199151257 -24.277364107 0.00420734619277
215 26.0353033011 16.4969822376 -24.4368199365 0.00854719070355
216 25.4511999506 17.252880367 -24.5675055885 0.00372550928151
217 24.8127599593 17.9724428219 -24.6289446903 0.00374119602619
218 23.9043180955 18.2814853072 -24.7178452643 0.00362993568982
219 23.0036244326 18.6227480796 -24.6957165078 0.0136956930637
220 22.1311712271 18.9811425631 -24.8875656337 0.00317229153605
221 21.3074231125 19.4193194795 -25.12306348 0.00439406443201
222 20.4820291108 19.8645819401 -24.9088931051 0.00806255578107
223 19.7442650622 20.4803539495 -24.9361711645 0.00426204231888
224 19.1207545424 21.2017963453 -24.8162595807 0.00287048400195
225 18.6162508004 21.9952563856 -24.6184273323 0.00361262509265
226 18.0383007714 22.6728586937 -24.2583441583 0.00261225641164
227 17.6535828884 23.3966802873 -23.7576654289 0.00184129460252
228 17.2854776305 24.2077896786 -23.3988161857 0.00456715843148
229 16.7808498375 24.9582475336 -23.076915935 0.00814832858667
230 16.211435808 25.6893987145 -22.8292462222 0.00646260708621
231 15.5113677918 26.344264268 -22.8184480742 0.00277271180762
232 14.5983937473 26.6109165381 -22.9368288476 0.00301342884259
233 13.6750298884 26.8529391702 -23.0203178019 0.00735203076028
234 12.7951687353 27.129675976 -22.7628482419 0.0192287604593
235 11.8403204756 27.1247245929 -22.7192080696 0.00520408878079
236 10.9337825138 26.8444881444 -22.6077956448 0.00303408901548
237 10.0408802762 26.6124343275 -22.3604934651 0.00363723575561
238 9.21423385446 26.1853750165 -22.5746763132 0.00892676776491
239 8.42671153262 25.7708902139 -22.9182735219 0.00606733823574
240 7.71520217356 25.466912953 -23.4755310927 0.00647245460602
241 7.11287644677 25.0271247308 -24.0686424168 0.00403397118567
242 6.67216486054 24.4005157968 -24.634575507 0.00297077273406
243 6.19548470978 24.1196936933 -25.409753644 0.0116143706948
244 5.61119939835 23.8953920986 -26.1258337852 0.00837393395647
245 4.9916067957 23.8969326232 -26.8461156018 0.0099982979181
246 4.16193248485 23.8177136145 -27.2992803563 0.00392137842812
247 3.29594193675 23.6265385307 -27.6346379569 0.00214897611231
248 2.70272301153 22.9384463585 -27.904850183 0.00427818523152
249 2.01665081859 22.2876637332 -27.8494346742 0.00623224647135
250 1.50571658314 21.4909632879 -27.8534715334 0.00640188374165
251 1.2439034737 20.5851028027 -27.7818698818 0.00209106920437
252 1.45475155764 19.7511688625 -27.3893212197 0.00469505992391
253 1.64642942157 18.8600329817 -27.1407223811 0.00657686458632
254 1.51617474694 17.932395862 -27.0248646216 0.00388197073
255 1.88358629033 17.0988373937 -27.270138996 0.00433357677041
256 2.51262975757 16.4057535818 -27.1575504798 0.00301887327957
257 3.33133271255 16.1493586632 -26.7674685042 0.0243081514117
258 3.96342197682 15.9998589842 -26.0892552497 0.00678671727394
259 4.29688433653 15.6270216539 -25.2955690724 0.00308505120776
260 4.72746685027 15.1261183776 -24.6303424739 0.00618313303174
261 5.26355887002 14.7475996456 -23.9623399947 0.0170675168146
262 5.7425740751 14.3731847825 -23.2540060166 0.00256084726524
263 6.03731197557 14.3002990934 -22.3714621269 0.00388661146541
264 6.47635768892 14.5333595869 -21.5825944076 0.00380573306225
265 6.74737623917 14.8892928434 -20.7652835103 0.0159503811026
266 6.76933649024 15.3173164563 -19.9415345038 0.00658355021245
267 6.63193494004 16.0433968811 -19.3822438797 0.00266521928586
268 6.3878041478 16.6437563058 -18.7203859223 0.0197844371551
269 5.97420374888 16.8532230064 -17.9233582254 0.00596098371912
270 5.61722235064 16.5804476764 -17.1197995686 0.00421562140059
271 5.2928413165 16.3592367019 -16.2881969728 0.00736444793063
272 5.13368718676 15.968900792 -15.4730400297 0.00599484831298
273 5.40091935966 15.7094385705 -14.6360251803 0.00405695229818
274 5.5876108921 16.1396816856 -13.8504535236 0.0147031075385
275 5.37953229733 16.6364551162 -13.1162517262 0.00241144258995
276 5.27436892722 17.2148435519 -12.421943428 0.00588477781754
277 4.98088539998 16.9207018496 -11.6143985137 0.00410315856444
278 5.26567681626 17.2034468967 -10.8011434511 0.00501330511611
279 5.10420672318 16.8339615446 -9.99067137616 0.00472058835266
280 4.93658908806 16.5438546866 -9.15134864258 0.00606222449142
281 4.70827045682 16.0888955965 -8.40743540193 0.00470751537237
282 4.90161324744 15.9266907694 -7.54352737723 0.00551910299324
283 5.17061469137 15.7039191216 -6.71635035731 0.00667005908192
284 5.37192614722 15.7721393282 -5.84647797691 0.00421258938364
285 5.63570940423 15.9093241511 -5.00365173454 0.00574387826009
286 5.97734387943 16.1311320492 -4.21091060975 0.00625929763909
287 6.48064317251 16.1897832604 -3.481110254 0.00384308267732
288 6.78840496263 15.8903733306 -2.70508108175 0.00698780128818
289 7.07391119336 15.2894150448 -2.1241248393 0.00340290901493
290 7.55658157127 14.5769767862 -1.93469591603 0.00798191828915
291 8.38713902715 14.34253533 -1.77748550323 0.0050544051577
292 9.22059883766 14.3840873872 -1.51534020123 0.0147674473791
293 9.32897806109 13.7469039672 -0.937332735513 0.0217073678805
294 8.74368350991 13.4552566608 -0.388968166614 0.00392047009488
295 8.34602088054 12.8091311884 -0.00481887514135 0.00580681486225
296 8.00545042549 12.3024647433 0.581799575725 0.0065144248164
297 8.55232379949 12.4677137032 -0.0365136135786 0.00314913529169
298 9.34013770029 12.4409610437 -0.323016824733 0.00988033486693
299 10.1509514656 12.4532646051 -0.143975700549 0.00137759421632
300 10.5516494135 12.9291774534 0.405214374607 0.00997670025782
301 11.1646969379 13.1892157947 0.884801575115 0.0114575422656
302 11.2407245047 13.87437038 1.30841920161 0.0115944224256
303 11.5041926135 14.6176293266 1.39192950414 0.0108322621478
304 11.5797386715 15.3594860272 1.16526617604 0.00772157452869
305 11.5972121807 15.825480829 1.77742066005 0.0128016530478
306 11.692106543 16.5028041423 2.08319557891 0.00332140911734
307 12.0710996225 17.0543169644 1.75859901297 0.010912188075
308 11.5933862764 17.5871253015 1.87042949633 0.010660866649
309 11.0803954433 17.1199155584 1.98542617699 0.0100589358465
310 10.7001435738 16.7248705649 1.58065793527 0.0083629786808
311 10.2226946076 16.2835710014 1.46457861059 0.0105759350497
312 9.5918680597 16.2854671668 1.48801241263 0.0107415197964
313 9.24952079094 15.8496721496 1.71218261269 0.01038451144
314 9.09837359101 15.3109485757 1.67617045931 0.00676276263803
315 9.21990280561 15.0596931565 2.13236444927 0.0103275923407
316 8.91956964898 15.4440131856 2.16446655892 0.0242036939534
317 8.60104574748 15.3253688825 2.27230634292 0.00850209886562
318 8.50177952788 15.0775069603 2.41385826049 0.0182289489422
319 8.40635137607 14.9057436263 2.44421190622 0.00662944580217
320 8.542738631 14.8439377923 2.51361755815 0.00745230562449
321 8.66718931218 14.8118996455 2.49852957081 0.00772107483425
322 8.68732812222 14.7236093969 2.46571706476 0.0056136412751
323 8.70021075257 14.7729195975 2.41107926259 0.00578567679476
324 8.70738339855 14.8258834901 2.40418331032 0.014753606222
325 8.70228688299 14.8381345125 2.40638356714 0.00805951187059
326 8.70375671079 14.8375686979 2.4063378648 0.00227537495394
