58 -0.40298129563 -9.06680135382 6.4151917216 0.00460450465154
57 -0.398880227068 -9.0671916107 6.41517570059 0.00512271670858
56 -0.390314805778 -9.07595742898 6.41504089518 0.00410891835628
55 -0.380844004897 -9.0610851666 6.42708695529 0.0105103572282
54 -0.353707161183 -9.02875068336 6.45636694623 0.0125256948654
53 -0.441767738034 -9.06852543572 6.4411183819 0.00923749367789
52 -0.419538891042 -9.20500324747 6.43890417556 0.0112548628618
51 -0.575802876782 -9.13747094437 6.53197332485 0.00605955001226
50 -0.383532411054 -9.04060025059 6.60139258089 0.00493884029499
49 -0.296990045677 -9.11778598532 6.37576509632 0.0236450712129
48 -0.456937151678 -8.82275170264 6.59837317544 0.00954074740863
47 -0.0910678619139 -8.9297794352 6.35570561075 0.00167161760737
46 -0.00635081940151 -8.81432072901 6.20137854824 0.00544056260543
45 0.582060667596 -8.70503869267 5.88581500256 0.00677295171206
44 1.26664836898 -8.80082717632 5.85602551245 0.00797816765356
43 1.78819999637 -9.27981718046 5.82481504654 0.0378345583619
42 2.17175202424 -9.92403824715 5.63818413808 0.0104041287925
41 2.04892035672 -10.248656684 4.9310637519 0.00943851818268
40 1.35697519118 -10.569399741 4.68718104918 0.00442190174558
39 1.06407404091 -9.92060936258 5.06475715274 0.00504894645423
38 0.79973885088 -9.5521780531 5.32185901698 0.00586345160403
37 0.20422666135 -9.46367252608 5.9215083879 0.00607687567146
36 -0.412302490883 -9.79029089017 6.41345606411 0.00719038012813
35 -0.726568829821 -9.50925011926 7.16195267695 0.00701773390118
34 -1.12834729829 -9.1224599123 7.82078231601 0.00453903770104
33 -1.63991550433 -8.43740992952 7.68890245555 0.00444762592473
32 -2.17186967451 -7.75203437089 7.67954788666 0.00483844179508
31 -2.41751534261 -6.96081505183 7.41236935049 0.0037574151939
30 -3.10815291944 -6.44477977876 7.54605747303 0.00400908683348
29 -3.63276585445 -5.76813361807 7.72446958315 0.00583673763063
28 -4.19626442026 -5.90646398314 8.38381134839 0.00537001399115
27 -3.89172268427 -5.17416205462 8.76607395687 0.00292684959263
26 -3.50315711896 -4.44057847131 8.46892559725 0.00688037060344
25 -2.775761189 -3.97382167923 8.65847268413 0.0167330364679
24 -2.79703976194 -3.49554662664 9.4121206237 0.00386124133596
23 -2.66604466682 -2.65308174139 9.67972082221 0.00362218378588
22 -3.24572986224 -2.00615210914 9.89520467079 0.00205545561792
21 -4.0002443504 -1.53224282957 9.98694317224 0.00823805167041
20 -4.15075189455 -0.803350088099 9.4823916402 0.00295075667663
19 -4.20481679526 -0.147188001996 8.86815167482 0.00559423448242
18 -4.42787767882 0.682420115412 8.59340744923 0.00683913275072
17 -4.77724601221 1.51251323371 8.51340071763 0.00538759265014
16 -4.99812270259 2.11021103988 7.86859554861 0.00643435377841
15 -4.71802592279 2.87326073117 7.46343352414 0.00231537514557
14 -4.82289482154 3.56621327323 6.88427737167 0.00443785161604
13 -4.3428268831 4.2641619468 6.55127743921 0.00619881028776
12 -3.96742185697 5.05464775633 6.29452324749 0.00618737968661
11 -3.25992850827 5.61175876093 6.44922480684 0.0014130148853
10 -2.62584203394 6.07160729309 5.97748297512 0.00330190071842
9 -1.85857177254 5.74397990583 5.60132405964 0.0368042932336
8 -1.11568907577 5.25286084153 5.35403068235 0.00230300205301
7 -0.757555013139 4.48976777031 4.97350331463 0.00614192331043
6 -0.830479028165 3.59370297038 4.75120727834 0.00542774727261
5 -0.538162279497 2.90636989081 4.20121094299 0.00364029884121
4 -0.344754250405 2.11337870042 3.75927204939 0.00397276662472
3 0.148057227486 1.56184656969 3.19688883632 0.00440837869967
2 0.492888996279 1.04101701233 2.50758707966 0.00390781932926
1 0.176365904162 0.592893948922 1.75530473505 0.00715983395346
0 0.141093452323 0.329991278364 0.861099159488 0.00128307276034
0 0.296147619032 0.940422499806 -0.0953354865965 0.00766022629488
1 0.430070781179 1.91302241289 -0.22643693707 0.00527829412785
2 0.764707606161 2.82375814885 -0.425381716505 0.00297578304148
3 1.12760741649 3.7405829973 -0.518552546341 0.00638325307723
4 1.47897329094 4.66346998309 -0.593833305079 0.0065002435842
5 1.3517482547 5.57881612311 -0.237828573923 0.0105560865115
6 1.03763862576 6.46288476688 0.0789801942149 0.00799065642201
7 1.08240584001 7.41651925041 0.341753895223 0.00460655626782
8 1.07500683461 8.37656637849 0.583932398216 0.00525708471592
9 0.854370917296 9.32783990732 0.747329899136 0.00098591066831
10 0.693095991901 10.257911702 1.0460975897 0.00121726509724
11 0.621911512315 11.2370034316 1.17483512588 0.0020296688325
12 0.543876823929 12.2021098687 1.38151643017 0.00325114228815
13 0.451597413928 13.173680033 1.54799439503 0.0132094576029
14 0.277835024175 14.1409804109 1.6667098375 0.00457738559444
15 0.195629808446 15.1221404081 1.76891823525 0.0111944929124
16 0.11584028807 16.1087065391 1.76610378222 0.00418252204437
17 0.0964702941649 17.0975811724 1.72911637008 0.007367276966
18 -0.0371677383061 18.0770368035 1.77705199592 0.00657186693244
19 -0.291449111523 19.0255638779 1.8996014235 0.00231384579662
20 -0.809072395496 19.8645095284 1.98663258867 0.00349398672599
21 -1.31393007344 20.7043008229 2.12501760743 0.00479787674822
22 -1.90978263284 21.4940081127 2.14765211511 0.00754696968965
23 -2.54292980754 22.2485210041 2.05334212043 0.00317043373635
24 -3.31068559137 22.8653918151 1.95834560559 0.00331172190422
25 -4.1536621792 23.3716968067 1.84884538417 0.00511815121803
26 -4.85788419851 23.7810027324 1.28715005162 0.00427200034275
27 -5.58048189012 24.0317301641 0.65953454171 0.00926391009344
28 -6.26734443189 24.0323790016 -0.0525083465678 0.00581205263674
29 -7.02514541406 23.9037472364 -0.675265854374 0.00303037774337
30 -7.65049153303 23.6609068801 -1.40231597551 0.000751410736065
31 -8.33686333757 23.3746025662 -2.0546217751 0.0339479996594
32 -8.41207039528 23.3222324573 -2.14215524982 0.000299845520335
33 -8.90921460419 22.8877464037 -2.87733106962 0.00103238354885
34 -8.99715601707 22.4916992534 -3.77839448103 0.00527432743003
35 -8.94475619059 22.2272544917 -4.72905166199 0.00506389943028
36 -8.75987403655 22.0770067576 -5.68799190191 0.00196631448438
37 -8.32259688556 22.0616666656 -6.57386827858 0.000981707158443
38 -7.86447136167 22.1339729036 -7.44627016186 0.00234673935747
39 -7.35071773393 22.2153185078 -8.28624495997 0.00335496106834
40 -6.59735978283 22.4204835862 -8.89144037835 0.00338006061478
41 -5.8793985246 22.6246343275 -9.53851276896 0.00306049460505
42 -5.06503073845 22.7017040325 -10.0922259873 0.00778349163496
43 -4.29375995308 22.8413831427 -10.693233783 0.00276065459739
44 -3.47007412261 22.9947903698 -11.2161936322 0.00311096887092
45 -2.87326774099 23.3363535283 -11.9251797761 0.00162904216361
46 -2.27706446544 23.6407560193 -12.6513742488 0.00436849405652
47 -1.78334312085 23.947028666 -13.4500357432 0.00592459829794
48 -1.32844260464 24.2670009514 -14.2661127585 0.0048201192181
49 -0.888344176129 24.7102401079 -15.0309678546 0.0011113994483
50 -0.58833675063 25.2875982388 -15.7737757513 0.0101041958571
51 -0.241798350343 25.9871189997 -16.3782353305 0.00765308878606
52 0.108464091886 26.7310172595 -16.9245933822 0.00559246567486
53 0.234073594163 27.5531213617 -17.4563820479 0.00967055116553
54 0.509406442036 28.3070970412 -18.0307744733 0.00590495003011
55 0.674882913501 29.0709992389 -18.6333958293 0.00528034563305
56 0.692696597845 29.8797167754 -19.1987166097 0.00246832603089
57 0.656908212528 30.5476079568 -19.9243889308 0.00447385526223
58 0.606324511565 31.1998807527 -20.6631963132 0.0100314699001
59 0.622873104555 31.9699957658 -21.2797759976 0.00528624659527
60 0.373209684891 32.5480897495 -22.0393481127 0.00584813113225
61 0.0899977668135 33.0472590318 -22.8418274795 0.00606584400451
62 -0.11911263466 33.5642449971 -23.6555834199 0.0047014268205
63 -0.307990971777 34.0404972212 -24.4985582912 0.00444085944512
64 -0.403141439969 34.5826584458 -25.3170736102 0.00357686009493
65 -0.00392876777157 35.0748411712 -26.072852686 0.00389962842296
66 0.162052269823 35.6737195438 -26.8386939132 0.00194746681021
67 0.271431990755 36.1988315275 -27.6663440932 0.00405389495798
68 0.40727587212 36.7886948672 -28.4449135315 0.00309758453904
69 0.502802172521 37.4633628104 -29.1577446654 0.00390175684249
70 0.754786829031 38.2092165689 -29.7514222191 0.00505468964466
71 0.741762871632 39.0728116426 -30.226898976 0.00470945332538
72 0.545722544097 39.7821044846 -30.8830099499 0.00564174696207
73 0.414937834505 40.5284787908 -31.5136078485 0.0352502677526
74 0.494095127837 41.2155684588 -32.2153794255 0.0105723371187
75 0.47436248672 41.9309710126 -32.8923657809 0.00575638409724
76 0.473927377933 42.7744391076 -33.4010708169 0.00441690188175
77 0.384506981835 43.565772894 -33.980653031 0.00432825252107
78 0.154011850302 44.4132825567 -34.4261998448 0.0202220681657
79 0.0473111207969 45.2531597808 -34.9287024809 0.0107491343513
80 -0.358924101563 46.0256863426 -35.3837657021 0.00358137002195
81 -1.25913179783 46.4085676505 -35.2755570778 0.00573636022698
82 -2.18740115968 46.7241917593 -35.1908155829 0.00559368217022
83 -3.12909008928 47.0080865295 -35.1605827552 0.00667954397455
84 -4.10000930681 46.861778596 -35.097589797 0.00227045775824
85 -5.03099391127 46.5844938697 -34.9414777285 0.00239174645024
86 -5.88745723386 46.122290795 -34.7974531452 0.00448344742938
87 -6.22203977384 46.3596279551 -33.9030791018 0.00562561109068
88 -6.52572519248 46.4824199697 -32.9753329189 0.00258916101944
89 -6.69168214402 46.7211107803 -32.0354276668 0.00249307072548
90 -6.72206692518 46.9019164674 -31.0688548152 0.0049488024625
91 -6.69827949141 46.8504167323 -30.0867655323 0.00727804985
92 -6.74971941884 46.5620622791 -29.1478229493 0.00328917240771
93 -6.71048269923 46.1870552669 -28.2394808371 0.00429456789682
94 -6.42797628147 45.6499668536 -27.4657282173 0.00588266711955
95 -6.1496157537 45.1953494912 -26.6395109564 0.00461907514176
96 -5.67971269492 44.6988597792 -25.9329663663 0.00371909502799
97 -5.1413106664 44.2654769674 -25.2339159763 0.00404987322859
98 -4.58423412762 44.1546180919 -24.4316185328 0.00224988806462
99 -3.88205359009 44.0317235523 -23.7548993695 0.00304788885002
100 -3.04529942585 43.7700202527 -23.3108372195 0.0080831502795
101 -2.17750791108 43.4714554503 -22.9597346486 0.00329771989362
102 -1.27176159511 43.3470656483 -22.599874017 0.0115516747112
103 -0.441754948031 43.1006551114 -22.1358622377 0.00618335611932
104 0.38529547894 42.911103072 -21.6411308429 0.0018606588655
105 1.13229982977 43.1273530296 -21.0412007993 0.00441905297758
106 1.70249409593 43.4632129193 -20.3154649471 0.0048194700742
107 2.10758238963 43.7963073852 -19.4851227556 0.00333825288998
108 2.74467834462 44.0271420713 -18.7744282921 0.00369033714278
109 3.43165883838 44.3481421326 -18.1506885982 0.00452362801728
110 3.87640067016 44.8772106364 -17.4534123682 0.0046881415808
111 4.22076806839 45.3903570126 -16.6906186397 0.00427534455716
112 4.42126191707 46.0627452677 -16.0041757824 0.00267837421331
113 4.80454514901 46.7158136681 -15.3797282079 0.00288121436174
114 5.10130893297 47.4922713758 -14.8580173292 0.00409570763529
115 5.42337186785 48.261602596 -14.3409503344 0.0038429737007
116 5.47886333815 49.0907940131 -13.819272795 0.00760052905049
117 5.71290516582 49.9086801135 -13.3306956193 0.0026782616414
118 5.58154083823 50.7332454486 -12.8157668379 0.00317960343577
119 5.45083843199 51.5663716176 -12.3147887532 0.00521731928244
120 5.44618213455 52.3967296555 -11.7928514874 0.0115811902095
121 5.21299556141 53.2383200698 -11.3471032451 0.00404066201478
122 4.81601849699 54.013334953 -10.8966444792 0.00219078303877
123 4.15178135779 54.5283768019 -10.3920628752 0.00606968412183
124 3.34132741761 54.9352696117 -10.0201600042 0.00120336202168
125 2.43880539742 55.2901353748 -9.87840616728 0.00564217029502
126 1.48383662444 55.4149204397 -9.69739779558 0.00289276663849
127 0.543717176326 55.6324413506 -9.52706122173 0.00438353777247
128 -0.385689189874 55.8787811748 -9.33875260533 0.00465519147086
129 -1.24291148231 56.3157009801 -9.15443052382 0.00349998238333
130 -2.16327593347 56.5066099293 -8.87868080809 0.00652609827768
131 -3.0864653645 56.6885709792 -8.60696517465 0.0122372186114
132 -3.68574347207 56.2674882616 -7.95705637205 0.00447382545787
133 -4.17347151646 55.6332197952 -7.39284073549 0.00309167970997
134 -4.65455971872 54.9725559251 -6.85394721301 0.00412037450382
135 -4.78469099185 54.0827480268 -6.46753826635 0.00863361217648
136 -5.17214439811 53.217752859 -6.22437555912 0.00466972543168
137 -5.51622334773 52.3030406801 -6.17883222505 0.0358111643884
138 -5.69294023188 51.3619446502 -5.98333954988 0.0038349593912
139 -5.77799328353 50.4060411336 -5.79925684598 0.0034933773871
140 -5.87021567655 49.4354577836 -5.73524067259 0.0033827593223
141 -6.02602416969 48.4858463734 -5.56669529246 0.00200984793602
142 -6.15752850056 47.5230676651 -5.46634387881 0.00136439388058
143 -5.89270457055 46.591758708 -5.33688764064 0.00334670394371
144 -5.66757791886 45.6427900471 -5.38964230398 0.0039236498707
145 -5.47090046466 44.6884402752 -5.32410751007 0.0126007374532
146 -5.16716721324 43.7630076362 -5.25875211577 0.0139021463853
147 -4.62704166636 42.9540437334 -5.18211158083 0.00424305903073
148 -4.38625512787 42.2535176088 -4.54700474367 0.00315587101553
149 -4.11998492222 41.5054091647 -3.980235396 0.00262273089619
150 -3.85447649477 40.838854321 -3.31923503061 0.00270137935747
151 -3.45116124254 40.1387865989 -2.77274420666 0.00127563176285
152 -2.95364191976 39.4385867312 -2.31074299431 0.00278197635691
153 -2.35570384454 38.8402883831 -1.82537175584 0.00422927958413
154 -1.78024778657 38.3355675694 -1.22122144402 0.00205167207962
155 -1.23683784759 37.902536784 -0.537098640209 0.00538924499376
156 -0.467160683677 37.7415815847 0.0391184294754 0.00312957633949
157 0.342547040085 37.6852686559 0.578820593429 0.0157124411608
158 1.15508488763 37.7614439072 1.11070049426 0.00512963900234
159 1.56155939875 37.8383923767 1.99264638764 0.00348723487239
160 2.06957397152 37.9167874344 2.81993135934 0.00525139931167
161 2.49173124968 37.8758950913 3.69652212839 0.0123809155496
162 3.38568880106 37.6859531352 4.03043425183 0.00246803536181
163 4.24976375885 37.4073044711 4.38011563561 0.00177617476442
164 5.1336290256 37.3020652268 4.77272363753 0.00570989642154
165 6.01314696966 37.4029280909 5.17553020606 0.00358780870304
166 6.81706416683 37.5237644054 5.70930370136 0.00976333679305
167 7.70582167229 37.7719915539 6.01474912455 0.00382552564777
168 8.59020859481 37.9628259981 6.36964568049 0.00498147819136
169 9.43108290596 38.3398113623 6.67764623839 0.00308607280409
170 10.3260122841 38.6573610799 6.88257697585 0.00745488909934
171 11.2464172903 38.9589745476 6.95275129945 0.00399798241
172 12.0202131616 39.5446991967 6.92367030893 0.00691129403615
173 12.780783629 40.1472189099 6.90011466871 0.00500417685792
174 13.2085637678 41.017465959 6.93570397532 0.00454153326655
175 13.5468128731 41.8989798353 7.15872580915 0.00436306608851
176 13.6128766534 42.8506022783 7.33433340697 0.00523383484742
177 13.7351486978 43.8123288623 7.35404895421 0.00835368945342
178 13.9040596935 44.7662102906 7.32203051354 0.00416342649251
179 13.7396253647 45.7209687474 7.34280268872 0.0291284301215
180 13.3865083704 46.6205877739 7.2978742542 0.00596424337387
181 12.7686607752 47.3644272962 7.27934729388 0.00132127089837
182 11.9863017914 47.932873272 7.27551705385 0.00401441249401
183 11.0232710442 48.0003496078 7.22250759497 0.00262924543728
184 10.0660281685 47.8973346309 7.13545692175 0.00478285409919
185 9.13938732568 47.7531862531 6.90184074318 0.00553689288576
186 8.18002869058 47.6752762505 6.81881076233 0.00435261699868
187 7.24557517546 47.8761856285 6.67997539267 0.00416912450106
188 6.37510235258 48.1495766466 6.36377617862 0.00582628582028
189 5.62878152003 48.301987958 5.77062851359 0.00280447797633
190 4.83667353454 48.2861308842 5.21929357693 0.0113233348085
191 4.09743505359 48.2771356874 4.59976746499 0.00411072705112
192 3.75246462664 48.1297929338 3.71115941781 0.00369175951128
193 3.84031800006 48.2666962626 2.76060609658 0.00553372088874
194 4.39304530048 48.9628373135 2.38877206405 0.00702634182563
195 5.16495248339 49.4723405766 2.12054800892 0.00431335748414
196 5.58516155848 50.2823522411 1.81373217555 0.00686621190524
197 6.15845124072 50.9385418259 1.40538865321 0.00339081352299
198 6.61331740691 51.68775511 1.00879306597 0.0267510226897
199 6.66792674183 52.5724072354 0.639963371253 0.0102693367885
200 6.87013182304 53.2506841244 -0.00771881760962 0.0039751677026
201 7.1945624829 54.0368279255 -0.45070966748 0.00526954190049
202 7.24005811555 54.6623456335 -1.1758240749 0.00446796556083
203 7.42808358413 54.541125845 -2.10794097203 0.00411339359803
204 7.65377828053 54.2067676865 -2.97704075617 0.00394811271579
205 7.69736853468 54.1470064099 -3.93211564999 0.00517577212447
206 7.81065885493 53.6444170596 -4.73894983689 0.00517284172577
207 8.03285990627 53.1546822422 -5.53033245193 0.00318964056419
208 8.19157004448 52.7827396942 -6.39728142621 0.00286239820794
209 8.32982346954 52.5404820713 -7.31213352557 0.00514348406766
210 8.450589652 52.474587582 -8.25818431589 0.0103698783572
211 8.42139107611 52.6484614411 -9.19678230558 0.00343062942672
212 8.1665106366 52.2348605287 -10.0184159724 0.00657477681982
213 8.18682953163 52.1871703491 -10.9710638155 0.00204528994475
214 8.82867129101 52.4500374119 -11.6253190538 0.00654989872028
215 8.9789395008 52.803836074 -12.4974377152 0.0067604724296
216 9.03540341543 53.2742326987 -13.3235262233 0.0042336881378
217 9.18588945081 53.5589599742 -13.7964502016 0.00268836823725
218 9.19154564361 54.1997624258 -14.4330152399 0.00316327427663
219 8.82646697664 54.6231243092 -15.1412898566 0.00789566696207
220 9.1196592648 55.2297764661 -15.736878947 0.00510093858366
221 8.97663041592 55.6147273281 -16.1319250066 0.00295342286713
222 8.48894180195 56.0423485911 -16.7260256975 0.00266123864367
223 8.69677743233 56.5838321539 -17.3857227111 0.00525145168511
224 8.56713235714 57.4227873243 -17.5979265437 0.00463505576782
225 8.31567633035 58.2576068881 -17.564542476 0.00703855876157
226 7.88936341363 58.9259114381 -17.4458301464 0.00506932155602
227 7.17920236758 58.5042854257 -17.4655336475 0.00907286799212
228 6.54732228986 58.0351930972 -17.2431661732 0.0210514436498
229 6.25470697198 57.3820822603 -17.583841002 0.00946556088809
230 6.38772544809 56.6465357233 -17.8083997356 0.0202751032438
231 6.47641322374 55.9163148178 -17.6584574885 0.00369051572675
232 6.70286142037 55.4220802932 -18.1683913672 0.014090414844
233 6.99257659022 55.2790962379 -18.8128074129 0.00544148273428
234 7.42049848726 55.1225474018 -19.3571050328 0.00307913929246
235 7.93080348727 55.1080997529 -19.8408865385 0.00731564743874
236 8.23610401687 55.628746277 -20.1689032799 0.0113413007559
237 7.98021950094 56.1701221311 -20.4444901525 0.0041966596992
238 8.40849092367 56.5442012018 -20.1336568638 0.00511684438673
239 8.90348308835 56.7785496158 -19.8149607459 0.00920253289879
240 9.18383101521 56.261092301 -19.6744455104 0.00970391262466
241 9.11406443595 55.6986761977 -19.748458324 0.00676634138872
242 8.68493907398 55.6285173142 -20.0789675307 0.0381298349789
243 8.92428034648 55.3707170061 -20.0934061467 0.0102227541607
244 9.02227750635 55.1007684882 -20.1017047189 0.0104917960732
245 8.96484086369 55.2644452726 -20.2486379715 0.00704051553249
246 8.82134276253 55.3880051158 -20.2340926543 0.0129816076376
247 8.71572688783 55.3651964241 -20.1681809833 0.0126614909921
248 8.7500244418 55.4281727221 -20.1899733708 0.00942213860506
249 8.7471732299 55.3877368234 -20.1790132338 0.00938616847901
250 8.75469992428 55.4008448752 -20.1704447451 0.00484973235363
251 8.75233245288 55.4067957065 -20.1657541755 0.0072791146011
