152 -12.0100543859 -16.9897868045 1.08284029484 0.00938815774519
151 -12.0169376362 -16.9810192502 1.07950609275 0.00903880672825
150 -12.0191667333 -16.9582745811 1.10335844132 0.0153973282981
149 -12.0331280391 -16.8839680577 1.1442652956 0.00960666113874
148 -12.0845958402 -16.8906205772 1.0296526517 0.00711739455705
147 -12.0016970788 -16.9573931357 1.14856220167 0.00511920492263
146 -11.9556703139 -16.8193838545 1.26326181932 0.00900619165732
145 -11.774969807 -16.7758956132 1.40388399018 0.004054745516
144 -11.88441974 -16.6253975778 1.57924250863 0.00646291827986
143 -12.0615141851 -16.669655914 1.34866561718 0.0119238883088
142 -11.8877961395 -16.5318559666 1.05163334509 0.00797030372505
141 -11.697737744 -16.9006395435 1.10855973783 0.0147264398037
140 -11.559465067 -16.6053285196 1.47702758044 0.00996545548686
139 -11.4160427359 -16.4500154494 1.96940846082 0.0189617967565
138 -12.0183111997 -16.4995407914 1.96130330956 0.00999530887288
137 -12.482932171 -16.208299541 2.28225232406 0.00984708565307
136 -12.725013707 -16.0375124895 2.8753915623 0.0132406236746
135 -12.8471422039 -16.4796645849 3.39650419835 0.00409778850321
134 -13.2213439406 -16.6413740053 3.96951979984 0.00640241169296
133 -12.6291131575 -16.433321328 3.62608052791 0.0305931572948
132 -13.1582906353 -15.9652384663 3.32750554339 0.0177120935606
131 -13.803702917 -16.3620560079 3.1016210453 0.0039995509572
130 -14.39633929 -16.6827399069 2.67839673016 0.00690536539661
129 -14.3722977074 -16.4552869717 1.90423732725 0.0410917287209
128 -14.3021756426 -16.5864895874 1.07303886127 0.0102064038716
127 -14.2350865316 -16.6909354998 0.23029635666 0.00604394458901
126 -14.1002874208 -16.446306364 -0.401181120764 0.00520228501073
125 -14.5190121428 -15.8623618896 -0.908472654538 0.00593772462549
124 -14.1784040511 -15.0504283188 -0.959987231603 0.00267353652914
123 -13.6411008478 -14.3525552716 -0.893712652526 0.00661378068921
122 -13.8472007811 -13.5223153044 -1.12563266184 0.00321584030411
121 -13.6019997979 -12.7297532572 -1.44173605737 0.00573742338604
120 -13.3206640123 -11.916024598 -1.6677738401 0.0051704349486
119 -12.9583114529 -11.1097266928 -1.78887725625 0.00375161008221
118 -12.53228906 -10.3374574197 -1.64436043614 0.00319364294047
117 -12.1254771802 -9.58191791404 -1.38979086584 0.00843726065188
116 -12.3628262889 -8.71630525087 -1.42238285608 0.0040042878702
115 -12.5939639098 -7.84862452566 -1.36745741371 0.00604779746071
114 -13.0479383192 -7.07326729925 -1.44429720809 0.00731749859274
113 -13.0166463262 -6.29986601172 -0.97619528343 0.00452209510244
112 -13.5927379233 -6.87099263511 -0.572803467335 0.0120088206568
111 -14.4732332827 -7.05863035382 -0.702390176453 0.0047077974636
110 -14.9685470648 -7.244577753 -1.44487862575 0.00508513162409
109 -15.514201044 -7.33155696552 -2.17188511395 0.00480096922803
108 -16.1562211675 -7.06485121095 -2.7656604214 0.00545660775848
107 -16.2936955525 -6.64030521887 -3.56579081561 0.00287700406385
106 -16.5306579895 -6.49738753748 -4.44014117583 0.00372401296748
105 -17.0796230481 -6.04809617658 -5.02205039459 0.00420627705979
104 -17.9474183596 -5.80520560077 -4.84583622604 0.00492051547051
103 -18.650780455 -5.25189600251 -5.05696800891 0.0041214246671
102 -18.4889652288 -4.34596774018 -5.07527786571 0.00435325788907
101 -18.9369853054 -4.07495532444 -4.31611330008 0.00401024368518
100 -19.2699338598 -3.84151639332 -3.4871677029 0.00558952256379
99 -19.3891354914 -3.60702349206 -2.60065780084 0.0218639950828
98 -18.7795198198 -3.82658140417 -1.93491338645 0.00709858363005
97 -18.1228563092 -3.6597060588 -1.2972849006 0.00605360888634
96 -17.8404033728 -3.58688863509 -0.412117113699 0.000998238296155
95 -17.8095444631 -3.4165725535 0.503914652782 0.00204409266089
94 -17.7478621988 -3.18585428787 1.40541563032 0.00673322965538
93 -17.4991141802 -2.83221756041 2.23298556892 0.00572947643364
92 -17.0776028486 -2.29777597137 1.59276438447 0.00727557003052
91 -16.6628696504 -1.73199291144 0.973565318498 0.00916790700599
90 -16.2881000548 -1.34336678405 0.207180750936 0.00707897032608
89 -16.0957592296 -1.16400884519 -0.694073343775 0.00487597757089
88 -15.7716789956 -1.34930167035 -1.55626866022 0.00843850626994
87 -15.4085877767 -1.45946862803 -2.41720343582 0.00533502949441
86 -14.9345382675 -1.49246685519 -3.23005131357 0.00344974883784
85 -14.2649638992 -1.27871152709 -3.85693017803 0.00241832170314
84 -13.5883626385 -0.94038063987 -4.41841340982 0.00203662909123
83 -13.003755406 -1.21704941768 -5.10401107883 0.0048551794522
82 -12.7401176576 -1.12283057399 -6.00505906723 0.00548942503495
81 -12.5434396861 -1.18219420471 -6.92677705877 0.0045533922943
80 -12.3537739505 -1.04325812066 -7.84200295457 0.00734356809504
79 -12.4565982021 -0.588525038212 -8.6648749474 0.00410221863883
78 -12.4662053282 -0.379926664714 -9.58800764313 0.00292028721395
77 -12.2422361578 -0.634435149822 -10.4719909328 0.00252172710339
76 -11.856818375 -1.00677323086 -11.2526901076 0.0095824851388
75 -11.4019095531 -1.47838381293 -11.9377629133 0.00598695441718
74 -10.922016947 -1.89331082226 -12.6431934676 0.00784945411269
73 -10.6309469055 -2.71499664219 -13.0191827984 0.00562387562643
72 -10.3313642132 -3.56659533522 -13.3148584548 0.00267144699535
71 -9.97679738844 -4.40198141912 -13.0331375701 0.00324205700044
70 -9.59455220857 -5.25942593892 -12.8840438789 0.00459736246392
69 -9.83016642088 -6.03682816916 -12.3890733136 0.00461361021419
68 -10.1127904224 -6.62070968474 -11.6923726629 0.00340010834459
67 -10.4543655652 -6.87664283106 -10.8408639746 0.00285717428676
66 -10.5784121772 -7.07815074937 -9.91781869775 0.00802152119829
65 -11.0777976313 -6.54166238954 -9.30820250503 0.00787759431146
64 -11.342729742 -5.94540770629 -8.61192727539 0.00249455918539
63 -11.4065454893 -5.55081276 -7.74498248483 0.00240002066549
62 -10.8635687238 -5.36477754524 -6.98200805308 0.00283765449605
61 -10.3276626457 -5.42635741464 -6.19387527239 0.00398865630031
60 -9.93826034908 -5.54362338481 -5.32920033589 0.0178913576052
59 -9.83123243589 -5.68909617324 -4.38912508155 0.00216062589802
58 -9.7147143237 -5.63343997001 -3.44040431827 0.00943055415172
57 -9.49122576758 -5.59165083757 -2.5095117458 0.00319613306825
56 -9.38906753482 -5.58798083203 -1.55642254002 0.00406250379107
55 -9.44274934041 -5.77816811137 -0.618133519627 0.00431740818499
54 -9.75780871353 -6.14587610793 0.209745324372 0.00350467120348
53 -9.56949699201 -6.36672109589 1.12427904512 0.00858354307941
52 -9.37057996979 -6.82939331485 1.94162832049 0.00667987090904
51 -9.20223683359 -7.47861303945 2.62909450677 0.00430614646573
50 -9.21721902705 -8.01393029339 3.42690068595 0.00302069833221
49 -8.83583331484 -8.48935000599 4.16995817068 0.0380816462563
48 -8.66136845611 -8.87167249102 5.03739944196 0.00044230069327
47 -8.6331528114 -8.95446957676 5.23455198938 0.00610146370912
46 -8.61465265291 -8.99303680302 6.20048180987 0.00396659195339
45 -8.89017335911 -9.17947518821 7.10850145704 0.0127779818504
44 -9.00573079978 -9.32451107533 8.05837506198 0.00217725984192
43 -8.83336027701 -9.57507818675 8.97724513798 0.00444586172186
42 -8.85298373105 -9.95648381796 9.86683782095 0.00558696172715
41 -9.02670628507 -10.0997244536 10.8087610595 0.00320617298777
40 -9.40762840095 -10.3374504792 11.6669396429 0.00595585048249
39 -9.82906783497 -10.3599686322 12.5390637396 0.00558413844368
38 -9.49362674369 -9.98634800393 13.3679719356 0.00389518328496
37 -9.06959952754 -9.61355287052 14.1558448744 0.00468898997359
36 -8.72881891488 -9.45970414373 15.0504759342 0.00411626660317
35 -8.30382094175 -9.11204315267 15.8497919726 0.00399727226815
34 -7.92157545916 -8.66026689804 16.6182438475 0.00583118732766
33 -7.74321255701 -8.31550313295 17.5075201675 0.0043893770949
32 -7.66638372554 -7.77914981075 18.3126137986 0.00712442770025
31 -7.53859049695 -6.86747805085 18.6198282902 0.00424447613854
30 -7.26492419867 -5.94709332098 18.7618532191 0.00677164077689
29 -6.88275664108 -5.06610213884 18.905336045 0.013484182868
28 -6.28246232401 -4.31719533302 19.056200088 0.00139305035069
27 -5.56275706348 -3.71312207071 18.8087091246 0.00470033195065
26 -5.56802436519 -2.84654277055 18.3686255815 0.00531116588509
25 -5.69451053745 -2.16062224839 17.6912228787 0.0237574371464
24 -5.96813935093 -1.52483669556 17.0069713868 0.00498357555824
23 -6.46919306203 -0.857005982794 16.5065352682 0.0059409703331
22 -6.81028141093 -0.210607446608 15.8631657922 0.00368261435522
21 -7.28310764904 0.482335639448 15.3687045255 0.00335488215385
20 -7.71392192594 1.12455410512 14.7766483027 0.00792143235685
19 -8.13148792998 1.8737377949 14.314684035 0.00603908951388
18 -8.25079323061 2.61279818023 13.6908222181 0.00642717726263
17 -8.3650779061 3.28322771363 12.9924942346 0.00754917288874
16 -8.1384371246 4.00888663554 12.3820099024 0.00269839705846
15 -7.56960818678 4.43793188437 11.7162455298 0.00605342940474
14 -6.90508471422 4.72800820468 11.0638961482 0.00960417122813
13 -6.24265481633 5.06768889693 10.4332348989 0.00423970537632
12 -5.59558458839 5.09413360992 9.70321524792 0.00364070754867
11 -5.18003834999 4.90315501879 8.84089694254 0.00558658961959
10 -4.67925945536 4.76537637841 8.01427740887 0.0064233642238
9 -4.22103302063 4.41272789177 7.2274516094 0.00242835473606
8 -3.66640317054 3.89475633526 6.61305811416 0.00532142058497
7 -3.1354445094 3.28695283754 6.06321583821 0.00334236145049
6 -2.60476539998 2.75354491295 5.44047591812 0.00350495915862
5 -2.24742853738 2.05225153422 4.86200756616 0.00319331067204
4 -1.86437980142 1.7353208327 4.02090636433 0.00705755101735
3 -1.4697560406 1.2228372066 3.28840734994 0.00533849083185
2 -1.23405242684 1.00394528007 2.36535667049 0.00424559196611
1 -0.892447169101 0.906752911127 1.4545391604 0.00226618371669
0 -0.485581617547 0.563106912481 0.634716039034 0.00351638227999
0 0.398540262702 -0.898190711526 -0.0443063359567 0.00366949789496
1 0.763127948725 -1.77735349088 0.203875641064 0.00475223346735
2 1.26532866738 -2.60519989155 0.376272444132 0.00364387835358
3 1.72075525796 -3.46090967472 0.54201084777 0.00398808142133
4 2.2323804619 -4.25752403241 0.807802751071 0.00534650172813
5 2.81624593253 -5.00073017807 1.07900355176 0.00477292376889
6 3.38537793743 -5.79372272771 1.19666090682 0.00166603924074
7 4.02868745405 -6.53043043059 1.29636784859 0.00360146272527
8 4.81781550851 -7.09812878324 1.44263151954 0.00796592959045
9 5.57298775988 -7.72664786472 1.47020659492 0.00685765254951
10 6.39493902211 -8.26445389753 1.43894088543 0.00379360077718
11 7.11324700844 -8.93471763382 1.46011870031 0.00328915806619
12 7.89079340633 -9.50147596086 1.65954055511 0.00506566042392
13 8.75681807798 -9.95234131607 1.76939119814 0.00335598356028
14 9.29953831752 -10.7135925684 2.07140173845 0.00575822284759
15 9.69740152974 -11.5948964293 2.24460422238 0.00360906898039
16 9.98440289861 -12.4760742595 2.57025174748 0.00250452996975
17 10.2733299291 -13.4045284981 2.70892202459 0.00504945012796
18 10.5752907108 -14.3389034611 2.69220315865 0.00563732037427
19 10.9028615111 -15.2504052736 2.85394391514 0.00621774659791
20 11.2338876787 -16.1596354244 3.02055865957 0.00136401648123
21 11.6904063537 -16.9934584454 3.26618180636 0.0114535639195
22 12.3331989184 -17.6615212639 3.58874711171 0.00209735122396
23 12.8145226179 -18.0473158126 4.35244912727 0.00497590128258
24 13.285835339 -18.3932312518 5.14097114658 0.0048256132946
25 13.8219979909 -18.6905324981 5.90743667122 0.00369041353199
26 14.4215717607 -18.8327107729 6.67128191691 0.00303244948408
27 14.7697606888 -18.755191614 7.19850082078 0.00193017517632
28 15.4837419425 -18.7536750942 7.86962881667 0.00126961675154
29 16.1426221358 -18.6286371283 8.5840550308 0.0028793049982
30 16.7455528936 -18.4953172407 9.34482162244 0.00268220311684
31 17.514888765 -18.4999290231 9.95135601592 0.0127884035754
32 18.157718557 -18.4474030239 10.6884183408 0.00675925902988
33 18.8778660747 -18.2898115941 11.3329006264 0.00527120753826
34 19.5580163417 -18.0216919839 11.9840833566 0.00367696771489
35 20.1828418804 -17.2683473155 11.9936901249 0.00466084909679
36 20.4705310582 -16.3331999176 11.971142633 0.00458938041988
37 20.7016658514 -15.3856708811 12.0504623209 0.00382484333808
38 20.7884820853 -14.4266001439 12.2236035609 0.0058725492337
39 20.8907555794 -13.4542000295 12.2545796327 0.00686661109365
40 21.128704364 -12.5055443136 12.2497222205 0.00491917851385
41 21.2125819126 -11.5312839049 12.2591764401 0.00303866900296
42 21.259025944 -10.5560485315 12.3129634935 0.00381600027003
43 21.2036772623 -9.58188902735 12.2508201155 0.00594261357737
44 21.0347134147 -8.63510428173 12.4258392415 0.005729327081
45 20.6589277754 -7.73742906641 12.5163190517 0.00307480859585
46 20.2634052984 -6.85475755363 12.6559559336 0.00291027169438
47 19.8228396488 -6.00267524961 12.842338069 0.0032572253585
48 19.2142992118 -5.2694208804 13.0584572692 0.00294766059951
49 18.508693276 -4.6024501122 13.1668658687 0.00136592124296
50 17.7310250664 -4.01335372196 13.2177390411 0.00646296181331
51 16.859227527 -3.62122512736 13.0171865519 0.00494984018735
52 15.9499892895 -3.26731287264 12.9758863434 0.00261829031418
53 15.055282381 -3.1053969042 12.6196701004 0.00282481282531
54 14.2448271548 -2.63882034646 12.3388560441 0.00491038348662
55 13.4388274488 -2.28778057843 11.9142521491 0.000983760818554
56 12.6743285578 -1.89833787265 11.4484252948 0.00446454397918
57 11.8269694839 -1.77531104545 10.9797285067 0.00268223035362
58 11.1382916281 -1.75349262449 10.288272348 0.00473581427428
59 10.5285351168 -1.65309630091 9.53279502372 0.00607519481982
60 9.79733255443 -1.6681990161 8.8868770987 0.00380313668619
61 9.08844004728 -1.52253941696 8.23258236677 0.00499726068324
62 8.23072806619 -1.41165332749 7.78163821659 0.00775897524322
63 7.39000974706 -1.49736586948 7.29517115102 0.00430100644466
64 6.79698500541 -2.14169737867 6.86666940731 0.00228018624521
65 6.36902700614 -2.75290407041 6.23917318033 0.0198471035062
66 6.08567257589 -3.28178838913 5.47158465677 0.00460723680589
67 5.91180119647 -3.71347761888 4.61578287916 0.00321807855908
68 5.82276584911 -3.823560282 4.29926008819 0.00201625932128
69 5.59461474312 -4.05406628981 3.38135204138 0.00391383737774
70 5.46519301609 -4.62675312892 2.60514707266 0.00463119778743
71 5.79386290238 -5.11133442158 2.28333066463 0.0111087493581
72 6.55854562053 -5.49398953964 1.82533800169 0.0204118959354
73 7.27296692222 -5.36504061894 1.1833693498 0.0044218051215
74 8.11006948674 -5.04155180059 0.818640938598 0.0131329882566
75 8.96591216953 -4.63716663577 0.616238534303 0.00346804789814
76 9.91320029858 -4.82340201402 0.549029406418 0.00332437498782
77 10.872599013 -4.73850071786 0.641503875535 0.00376922932745
78 11.728817515 -4.33338049385 0.837973895656 0.00491679748589
79 12.5791676619 -3.89997814609 0.994016177594 0.00162426525241
80 12.7952679013 -3.03268890013 1.36325532344 0.00259767840191
81 12.9012067585 -2.10500098283 1.61431649305 0.00572989999027
82 12.9347661844 -1.13949723514 1.58557495046 0.00473072239895
83 12.8688747019 -0.249442438856 1.21513247168 0.00670324659824
84 12.526840786 0.523340302381 0.747256174505 0.00534125169092
85 12.0755359158 0.931793874951 -0.00264309841867 0.00405215550609
86 11.474811668 1.22611928839 -0.698915194278 0.00271180494158
87 11.3684515879 1.85026107423 -1.42772057339 0.00237237467238
88 11.3535664814 2.41796829443 -2.20830779008 0.00277756955435
89 11.2325047526 2.75490937737 -3.10470998939 0.0215970228711
90 11.1623780564 3.29058610429 -3.90280679551 0.00397283545516
91 11.0283284665 3.58082116946 -4.81183710982 0.0019519297128
92 10.7317326537 3.76787084806 -5.70922460105 0.00422187080511
93 10.0245815713 3.67325054131 -6.35591573675 0.00431790646638
94 9.44090597403 3.32815192849 -7.03924225101 0.00522620849523
95 8.66085685503 3.05130219849 -7.52973795809 0.00350525360444
96 8.22454625194 2.29838257062 -7.9394643409 0.00748619380051
97 8.32923043209 1.41151171134 -8.29516436688 0.00232507904466
98 8.13960375215 0.479111331219 -8.16018369567 0.0072940844374
99 7.95299519142 -0.455950288477 -8.27557879687 0.00437645847633
100 8.02334703892 -1.41237955232 -8.22966190218 0.012713613307
101 7.8688755813 -2.3589368834 -8.22328276017 0.00270365826953
102 7.61730005769 -3.28213741185 -8.28546054952 0.00489361212593
103 7.44810898066 -4.22549789149 -8.27442666398 0.0042414334836
104 7.19431996968 -5.02704804016 -8.73420244424 0.00477618514161
105 7.04278463509 -5.73214830053 -9.36478798122 0.00250238043873
106 7.26201166693 -6.60682940563 -9.68700171993 0.00411546828655
107 7.62665216423 -7.48899348291 -9.75735854681 0.00367233267861
108 8.10605340366 -8.29285013267 -9.55850103901 0.00194654243482
109 8.91610364337 -8.79746232353 -9.49247491355 0.0088877048696
110 9.7742395541 -9.20494921747 -9.38664307327 0.00396413351512
111 10.5725164416 -8.71863000441 -9.58470698216 0.00438560937737
112 11.2856026863 -8.11203013201 -9.3956731672 0.00358291957892
113 11.4930749396 -7.36736657082 -8.83497894081 0.00662553601282
114 11.7855549521 -6.72294100192 -8.19463672503 0.00226879794844
115 12.2961036227 -6.09117133233 -7.69422541484 0.00627127501487
116 12.9280399065 -5.42647004617 -7.43429503714 0.00402643058634
117 13.32270115 -4.61621845144 -7.12489076309 0.0017990859834
118 13.3079199359 -3.78740129345 -6.65512702094 0.00598863139501
119 12.8895998813 -2.98778263637 -6.35170388508 0.00347635908945
120 12.2587932398 -2.27526300176 -6.35161183796 0.00423578046112
121 11.9751994319 -1.38374055964 -6.52348561034 0.00183087149854
122 11.5670795361 -0.525555854292 -6.55969820718 0.00658461861592
123 10.8256328612 -0.58485858656 -5.96786751439 0.00477586898649
124 10.3249704387 -0.808922893169 -5.19195561992 0.00531413049854
125 9.92931570051 -1.18017050282 -4.41260057081 0.00127748194434
126 9.75234483507 -1.7178623285 -3.65036254955 0.0100968076155
127 9.88882213527 -2.4247901725 -3.03354482345 0.00596362783955
128 10.2865571033 -2.88618218455 -2.3078567403 0.000979296280686
129 10.4555430623 -3.48091241316 -1.5900897125 0.00449088191562
130 10.7811595045 -4.17078052494 -1.02964466791 0.00600215618034
131 10.4444454282 -3.28723310961 -1.03327206047 0.00516898397715
132 10.7332358158 -2.42352735308 -1.28522662756 0.00339600136267
133 10.8789311986 -1.53257150857 -1.56272197162 0.00500081147951
134 10.9978132494 -1.15248646825 -1.91959790198 0.00216819942493
135 11.2607958613 -0.402204758755 -2.41447735555 0.00468586200661
136 11.0792194111 0.463365821203 -2.71944559853 0.0039462061526
137 10.9075317312 0.753586652483 -3.59210202533 0.00221917283271
138 11.3336969178 1.02147216837 -4.38003873684 0.00558074350517
139 11.7422172163 1.36777064909 -5.14520181161 0.00143149315172
140 11.9424681393 1.88311183673 -5.897586897 0.00562864716439
141 12.3673218049 2.32059978781 -6.60312271194 0.00710015393407
142 12.887598646 3.07065563144 -6.78453099769 0.00231168373257
143 13.6795774487 3.03592084692 -6.29736523861 0.00218864457399
144 14.5030364216 3.1514917369 -5.88096888886 0.00643586595765
145 15.3688568975 3.31089864644 -5.5857215844 0.00163360308682
146 16.2755033377 3.32689580984 -5.38764457736 0.00402286864805
147 16.0986798208 3.94152964427 -4.71548908858 0.00800656736139
148 16.028335066 4.0212206274 -3.79503672216 0.0060628917618
149 16.1499872045 3.79244541046 -2.90689953702 0.00275297621335
150 16.6454381079 3.46105302151 -2.20062131033 0.0206097612823
151 17.250670487 3.42665424099 -1.50965029893 0.0113271926757
152 17.8152715394 3.59108999925 -0.807001310752 0.0079156952716
153 18.1763764229 3.66640542498 0.0296456459267 0.00625266861389
154 18.0815502949 4.13128266392 0.8090354431 0.00502902594023
155 18.0717511416 4.31746022214 1.70098115547 0.00682036315335
156 18.2635576479 4.14213533911 2.57214528391 0.00384730928914
157 18.8857997225 3.71355927466 3.07421969366 0.00797905159414
158 19.6233693799 3.20446490269 2.9541723038 0.00439148544058
159 20.3878388693 3.66171426116 2.80774473735 0.00369514897418
160 19.5142222867 3.8317342709 2.95095428008 0.00472142575498
161 18.6525040509 3.81036702561 3.20925441154 0.00496876003025
162 17.8232036337 3.84022693145 3.55275173379 0.00818705180482
163 16.9524871094 3.71920324678 3.72012100893 0.00544378237628
164 16.0955066113 3.5766008657 3.92567372773 0.0070089006945
165 15.4579432628 3.4764350388 4.53913210694 0.0055977782351
166 14.6769874368 3.64848709841 4.92441346867 0.00418624590182
167 14.2187825724 4.00287038868 5.59525665105 0.00519565426851
168 13.4699110407 3.58289254886 5.80255960371 0.00514134459969
169 12.8526605183 3.15897814114 6.26701873717 0.00509838477276
170 12.3721202312 2.84527661599 6.93293154868 0.00577371884398
171 12.2256493971 2.07752399517 7.3277104179 0.0138173001041
172 11.5125327601 1.58639450413 7.38648884142 0.00764721940368
173 10.9923736438 1.08077877601 7.85548735104 0.00398708323934
174 10.3287250278 1.06532880295 8.40465839393 0.00811673779529
175 10.5055488885 0.837115083711 9.21164959008 0.00783422040031
176 11.1844569357 0.326085141658 9.17704643748 0.00507012301444
177 11.0164538641 -0.487007248641 9.34400760499 0.00461992689258
178 11.2032691476 -1.18786067574 8.91283745503 0.00817329886952
179 10.9738685747 -1.94712841384 8.64494936955 0.00394756099793
180 11.1548855616 -1.66215092045 7.88114620364 0.00946799108734
181 11.7470129832 -1.17074642385 7.58142625185 0.0075639435158
182 12.013643354 -0.729002294608 6.944760469 0.0255646367545
183 11.7412292119 -1.201611968 6.37509816449 0.0015161319527
184 12.1896050052 -1.58091782751 6.89851282374 0.0112909516582
185 12.3063144352 -1.86625020275 7.60646487873 0.0115365861565
186 11.6821043152 -1.97433124945 8.01530401895 0.00479487783334
187 11.0834508216 -1.91673586496 8.45720806669 0.0028635665016
188 10.9278103821 -1.25679970985 8.7566722005 0.0177073977202
189 10.5170463554 -0.707808453232 8.93438117652 0.00470191182288
190 10.605299145 -0.0571877660437 9.17293857666 0.0105554151172
191 10.9940450422 0.268365793645 9.61842202061 0.0233341136641
192 10.5809542359 0.198139772503 9.17526664539 0.00927971603866
193 10.0483077414 -0.0069135045759 9.08531303012 0.00694872557721
194 9.74794656131 -0.469710129701 9.09671103214 0.00810710754803
195 9.42664614353 -0.51504649837 8.69123889278 0.00985502627099
196 9.63562543574 -0.236140191035 8.36977809823 0.00621451360705
197 9.58121642535 0.132006074281 8.61062508178 0.0161779128877
198 9.6460726473 -0.0699167720772 8.33482866928 0.0138588440369
199 9.65820202776 -0.0865274895787 8.0737020697 0.0106135961237
200 9.50498036947 0.0103852579141 7.98118907424 0.00897915102944
201 9.36251750567 0.0486025989757 8.03750623999 0.00629961792785
202 9.26625153322 0.130416276783 8.05794178563 0.00274428772468
203 9.37851697153 0.156541712673 8.06551772448 0.0118761606431
204 9.38330624466 0.21810269857 8.03512191128 0.00725104484274
205 9.4065571503 0.182621569778 8.04554773061 0.0108073464192
206 9.40108140425 0.194743649211 8.03785223481 0.0112260466099
