39 -3.77596508764 2.92304625173 -1.87031102993 0.00241614289436
38 -3.77759592979 2.92306329761 -1.86978233375 0.00916422797797
37 -3.76480245928 2.92088479538 -1.86016869599 0.00895001285171
36 -3.79861599008 2.93957084157 -1.86466859593 0.0154655111848
35 -3.8566003443 2.8667848946 -1.84882560689 0.00376401762274
34 -3.96381876792 2.85060279293 -1.83370524682 0.0120687636907
33 -3.8140464113 2.78070722616 -1.81986718319 0.00786613110606
32 -3.91994847827 2.69791204068 -1.97633826095 0.0104496247571
31 -4.16950446379 2.61480037588 -1.99541845226 0.0157490637785
30 -4.45898483299 2.61469730147 -2.21353167232 0.0143426978883
29 -4.89363215272 2.69873281521 -2.25973195558 0.00741684635114
28 -4.70723580608 2.40298476089 -1.92816133596 0.00782496253291
27 -4.27271709097 2.25810940433 -2.16814972601 0.0130289635171
26 -3.92744416117 2.66208411395 -1.96477024404 0.0181166227125
25 -3.73355286751 2.08448581837 -1.80873492393 0.00272995510189
24 -3.57833361095 1.88056897208 -1.75665048131 0.0107410086679
23 -3.06717909478 1.44082944152 -1.42455908114 0.00984840212334
22 -2.41388707836 1.18427564331 -1.73300707769 0.00563325903114
21 -2.42283813168 1.631099992 -1.09925308233 0.00420865438897
20 -2.84278867113 1.27501502915 -0.545456145154 0.00654295174062
19 -3.36879577967 1.627406785 -0.0744876095142 0.00724092191299
18 -3.23194468976 2.25120947936 0.403649837435 0.00666173618803
17 -3.89981621032 2.70386723943 0.376328150019 0.00685849858784
16 -3.98993169219 3.50931264755 0.296954936206 0.00160580481057
15 -3.54705958489 4.08724688584 0.665900380481 0.0157392619885
14 -3.19498470651 4.60802989522 1.20953300217 0.00526559416633
13 -2.57329816529 4.85065111745 1.71209086254 0.00670435386787
12 -1.81251370925 5.04582646852 2.01115067749 0.00545026855659
11 -1.34466271589 4.37821595758 2.23159454092 0.00601474983303
10 -0.768508954748 3.9411408666 2.67673899591 0.00720279353632
9 -0.227201923481 3.39967655578 3.0552060101 0.00450768180362
8 0.395740867218 2.81177910947 3.03615635168 0.00534010028062
7 1.19026660785 2.48381020037 3.00355203784 0.0043047827864
6 1.29246600623 1.72928121947 3.41007013654 0.00545677739161
5 0.817451151116 1.04302338966 3.64170461532 0.00518773472312
4 0.0511914590198 0.683404819324 3.44457672218 0.00268961079367
3 -0.537458200523 0.364979374784 2.88697657806 0.0102399610863
2 -1.05122429389 0.372141756646 2.17641254113 0.0098108651439
1 -1.11923328844 0.164361762122 1.32183213136 0.0228327093518
0 -0.71168831389 0.0253056876215 0.540686576029 0.00666137674988
0 0.360179819681 0.917571589578 0.106995861631 0.00834641767002
1 0.829625580625 1.74455321829 0.387620534373 0.0093454644107
2 1.18457169084 2.63617253106 0.636480578331 0.00416943370162
3 1.38683153751 3.58591823765 0.836272081819 0.00972746727084
4 1.77685489546 4.442804264 0.525853170347 0.00618458882634
5 1.61045546892 5.11962482279 -0.179124024209 0.00673658689207
6 1.48339495269 5.77146031308 -0.915098216312 0.0028201886108
7 1.2570977509 6.36063093425 -1.67951605698 0.00615829606443
8 1.04499352961 6.91505872371 -2.4733801665 0.00360242975715
9 0.60545195032 7.6448420921 -2.97999486976 0.00419459287328
10 0.0112306906252 8.16859596544 -3.57580904909 0.00174763650434
11 -0.655105674669 8.76431270399 -4.00412422388 0.0117451931533
12 -1.27990643957 9.46206447851 -4.32803453431 0.005954730266
13 -2.02212613687 10.0278175094 -4.66135711648 0.00578764577326
14 -2.77746971742 10.4971034746 -5.09866786394 0.00874959137596
15 -3.59386206981 10.8972352937 -5.49272052408 0.00338509864802
16 -4.30444159291 11.4891330017 -5.84846803755 0.00350630909673
17 -5.04398588129 12.0499410561 -6.19536714712 0.0073584172183
18 -5.79977563382 12.5585887782 -6.58489718717 0.0082942479321
19 -6.61850000416 13.0239401381 -6.89258943227 0.00315809633639
20 -7.44105712262 13.5064554852 -7.16103196641 0.00557332709382
21 -8.39607686316 13.6967556768 -7.34299746654 0.00374962372876
22 -9.34112912316 13.9127754828 -7.54682845369 0.00283137291938
23 -10.2659002051 14.111712291 -7.84098848702 0.00379599262246
24 -11.1772065887 14.3323659398 -8.16050131162 0.00582684959902
25 -12.1266489966 14.5299180577 -8.36219647083 0.00377116781384
26 -13.0399840843 14.6721048523 -8.71817560911 0.00183932748896
27 -13.9535536801 14.7389813779 -9.0950235524 0.00636629589416
28 -14.7873449478 14.7576496805 -9.62933547386 0.00352534926823
29 -15.3306780686 14.6502484443 -10.024964178 0.00260087835896
30 -16.1405618512 14.2547437804 -10.4284214262 0.0078070045557
31 -16.5927195622 13.377586445 -10.4601687081 0.00415686310615
32 -17.1259631247 12.5555025065 -10.3393573504 0.00203149922611
33 -17.5972719139 11.6883957459 -10.3659133505 0.00369817134751
34 -18.1015642866 10.8704085098 -10.5922544238 0.003371860239
35 -18.4565217102 10.0196120164 -10.9454473277 0.0029696797571
36 -18.7074772057 9.13111086505 -11.2948874889 0.0127991193842
37 -19.0314869436 8.28693385621 -11.6906208171 0.00524791979777
38 -19.1466357474 7.42137855056 -12.1506975187 0.00630644818166
39 -19.1809035899 6.52688193903 -12.5661989858 0.00427945037518
40 -19.1279856612 5.63816812608 -12.9919017514 0.00280984985897
41 -19.0399780313 4.75713360644 -13.4275627844 0.00355670368962
42 -18.8405822517 3.85367952944 -13.7705730325 0.00487460798561
43 -18.973944564 3.01626659516 -14.2750873301 0.00554190537851
44 -19.0668734954 2.21382518348 -14.8415846877 0.0041213004922
45 -19.1333645686 1.47106759222 -15.4875677411 0.00322320204928
46 -19.1586363836 0.683398532467 -16.0810559727 0.00574324683796
47 -18.9572375431 0.0354890966332 -16.7972013183 0.00224355055799
48 -18.8616223746 -0.519533135468 -17.6071565418 0.0018157622785
49 -18.7181277605 -1.03400423306 -18.436562878 0.00399517472313
50 -18.6601360389 -1.40871131403 -19.3472644856 0.00289805053421
51 -18.3804534046 -1.60302077759 -20.2730629997 0.00431747340661
52 -18.1277355577 -1.671988159 -21.2240440387 0.00376340077769
53 -17.7903020754 -1.85673712555 -22.1322592792 0.00561534651511
54 -17.2642828931 -1.97487084159 -22.9580774495 0.00583653316813
55 -16.7674306729 -2.15942378519 -23.7896717834 0.00359951382175
56 -16.4384922212 -2.25728257966 -24.7141568463 0.00912905761726
57 -16.2311278777 -2.28528689613 -25.6777156676 0.00400428906986
58 -16.1632823919 -2.43891620686 -26.64927075 0.00380081899874
59 -16.3705390784 -2.5375682574 -27.6080807664 0.00405363525427
60 -16.6192405113 -2.70183123524 -28.5477805443 0.00973650811569
61 -16.9508303284 -2.76603452275 -29.4737945493 0.00704729162336
62 -17.3182820851 -2.54366145282 -30.3608474951 0.00618106584485
63 -17.5967010242 -2.18048756187 -31.2336159127 0.00371805170066
64 -18.2075955532 -1.71580339367 -31.8514428 0.00586682236055
65 -18.7138089455 -1.65346250004 -32.6944635113 0.00203720220911
66 -19.2521310922 -1.67428243707 -33.5194002902 0.00544912066698
67 -19.7978973001 -1.80230557992 -34.3295328261 0.00903732422542
68 -20.3446324731 -1.86954204685 -35.1461417628 0.0072869403195
69 -20.8801134383 -2.18899924225 -35.9085218969 0.00432423445523
70 -21.3791697621 -2.28287228588 -36.752368917 0.00642408970081
71 -21.9077626746 -2.24165944363 -37.582200174 0.00196508546859
72 -22.5525833593 -2.24088136879 -38.3263774373 0.00357180879008
73 -23.1881652117 -2.27314769625 -39.0776950866 0.00218250576096
74 -23.8159515351 -2.49491877547 -39.8030183167 0.00370544951071
75 -24.5297494012 -2.81881995043 -40.3986349438 0.00659831044747
76 -24.9425777417 -3.27837082691 -41.1651009053 0.0139368578097
77 -25.2865684901 -3.86466022458 -41.8767927324 0.0119523734676
78 -25.5149336092 -4.49474518637 -42.5972138591 0.00844676689993
79 -25.7093935703 -5.21292308745 -43.2408089235 0.0254776808897
80 -25.8717110701 -6.02024725965 -43.7781100801 0.00718880619147
81 -25.969022602 -6.67328792855 -44.5066369049 0.00464460384549
82 -26.2593083003 -7.30140498988 -45.2049820632 0.00473185687993
83 -26.3487493766 -7.96717180378 -45.9226683871 0.00421258207734
84 -26.5176071598 -8.48036871185 -46.7438669863 0.00523586978458
85 -26.7263562929 -8.50025816592 -47.704192119 0.00645013631107
86 -26.8681935177 -8.57841694763 -48.6735886782 0.00226030271389
87 -27.1493507137 -8.57829562292 -49.6152822607 0.00581957963745
88 -27.3084641672 -8.64942373265 -50.5823704605 0.00495530247404
89 -27.5670905157 -8.96291877771 -51.4769038819 0.00330094298591
90 -27.9230173432 -9.6330609579 -52.1007624307 0.00248536910828
91 -28.0770887449 -10.3395209659 -52.765654366 0.00261203714684
92 -28.7318264343 -10.8355955734 -53.3041092494 0.00221585532197
93 -29.2722463692 -11.5698041974 -53.6693513753 0.0265089042165
94 -29.524779824 -12.4596243484 -53.9977173043 0.00400491518045
95 -29.8618080898 -13.3588019443 -54.2003287578 0.00461018198662
96 -30.1876822157 -14.2842098302 -54.1814401062 0.00852277551645
97 -30.5768726336 -15.1424058075 -53.9082586016 0.0108213709332
98 -31.010989166 -15.9859139492 -53.6589912212 0.00394837890329
99 -31.5051587727 -16.8216714984 -53.5204537202 0.00236927959919
100 -31.9440412597 -17.6986782959 -53.5227792609 0.00461401220996
101 -32.3795942235 -18.5574688575 -53.3374594879 0.00409792583057
102 -32.8969113973 -19.369900341 -53.1538421683 0.00655817743402
103 -33.0581275588 -20.334147131 -53.0811580258 0.00532973809033
104 -33.2991254294 -21.2609765118 -52.8720608801 0.0134091189653
105 -33.3358820426 -22.2197301423 -52.6730813274 0.00973525723215
106 -33.193506519 -23.1741331747 -52.5042648769 0.00597990834768
107 -33.1604187521 -24.1432474577 -52.3661878132 0.00391381292465
108 -32.7126093222 -25.0005620336 -52.519882474 0.00523225919603
109 -32.0181341731 -25.6259100711 -52.8123870177 0.00429679811053
110 -31.342397411 -26.1002582418 -53.3388842286 0.00425195631232
111 -30.7161804651 -26.5865187469 -53.9133768706 0.00857058291932
112 -30.3311335738 -26.6732433135 -54.8093348361 0.0031758753955
113 -29.7909919169 -26.5686066203 -55.6189909648 0.00526814301317
114 -29.1847517241 -26.8013328504 -56.3512355543 0.00313629208672
115 -28.5489993384 -26.9439687927 -57.0814204981 0.00228329519739
116 -28.0762321503 -27.3367843646 -57.842860887 0.00483954497162
117 -27.5896969606 -27.6031374095 -58.6489170297 0.0107299722212
118 -26.9531327493 -27.7224575001 -59.3818865048 0.00453645994615
119 -26.2604323143 -27.8871082932 -60.0522774041 0.00492141192075
120 -25.646300513 -28.0244848644 -60.8006993438 0.0053603531988
121 -24.9334186982 -27.9827677538 -61.4683982053 0.00791240433066
122 -24.1996692475 -27.6962384835 -62.0469447638 0.0130909854419
123 -23.2699691594 -27.5621362706 -62.3150266073 0.00277887308617
124 -22.3135502291 -27.4189496777 -62.4519125832 0.00253803522923
125 -21.3627420788 -27.242970968 -62.5890720912 0.00347748406881
126 -20.5754083893 -26.7119752484 -62.8166072011 0.00396064082968
127 -19.9293328832 -26.4933753626 -62.1176640551 0.00401192724727
128 -19.4681863674 -25.9985342786 -61.4134295915 0.00836645326784
129 -19.0227706807 -25.4937866283 -60.7064894415 0.00352556801597
130 -18.5784413405 -25.0961996134 -59.9336545395 0.00406604134579
131 -18.1077238968 -24.9230778626 -59.0963684511 0.00443925538202
132 -17.449426282 -24.8475270248 -58.3800741992 0.00205334352565
133 -16.6888876742 -24.8616158917 -57.7691172318 0.00385153978893
134 -15.841308203 -24.7325158514 -57.3038923923 0.00574202227073
135 -14.9856479268 -24.6950698975 -56.8374811172 0.00239861359497
136 -14.1528894356 -24.6027529093 -56.3385358105 0.00400886928726
137 -13.2933799142 -24.4732771856 -55.8968259845 0.00289196604374
138 -12.485256036 -24.3503102117 -55.3654947851 0.00485945124887
139 -11.5735487634 -24.2507875902 -55.0355150375 0.00465954470594
140 -10.6716251351 -24.0607749561 -54.7191520651 0.0224191919154
141 -9.82265569008 -23.7430294045 -54.3637757779 0.00389162086041
142 -8.94572837747 -23.9124934007 -53.9764705519 0.00212243587931
143 -8.30823210065 -24.1618531426 -53.2841730892 0.00252453412437
144 -7.56460974326 -24.6969512576 -52.9555080921 0.00451302046226
145 -7.12568268586 -25.1922533021 -52.2418174057 0.00386417099307
146 -6.63603124509 -25.3108927818 -51.4091320645 0.00496649945701
147 -5.99749844327 -25.3154038193 -50.6750233277 0.00479438061597
148 -5.3937363447 -25.0103356492 -49.9760023523 0.00279877742412
149 -4.77274553099 -24.7806737972 -49.2635133829 0.0051534462993
150 -4.03053993368 -24.8083773652 -48.6359420305 0.00242153716163
151 -3.36748124284 -24.589641868 -47.9592967207 0.00334825917815
152 -2.58453869609 -24.4132504061 -47.4108464189 0.00343911496968
153 -1.900139172 -23.8885927646 -46.9626778491 0.00490568214253
154 -1.15646506999 -23.4116693373 -46.558253585 0.00449702543734
155 -0.445646619149 -22.7578019159 -46.4547089294 0.00355495732918
156 0.100577910796 -21.9699427115 -46.2993272068 0.0034267877465
157 0.540172244711 -21.1103691596 -46.19540706 0.00986455251705
158 0.916326106773 -20.2325094922 -46.3683436314 0.00352001776398
159 1.20258998152 -19.3053770553 -46.3556366329 0.00464464513713
160 0.964268506723 -20.2196766557 -46.1352756149 0.00101913158225
161 0.997389781027 -21.1247269752 -45.7873325353 0.00295657223118
162 1.13206811559 -22.0312272641 -45.4693726677 0.00392218067706
163 1.56782904454 -22.8570822817 -45.207360391 0.00345863896959
164 2.26230442278 -23.5131205421 -45.0414723378 0.00550594229108
165 3.14880737266 -23.8977699544 -44.9653020719 0.002454127314
166 4.09560143049 -24.0026952339 -44.7864090649 0.003730315425
167 5.01116076676 -24.1758018173 -44.5201610159 0.00337528275343
168 5.90512006195 -24.3236186017 -44.1769375653 0.00302225172346
169 6.73807420338 -24.7288144016 -43.8932543891 0.00588088953294
170 7.68483705769 -24.9173107023 -43.9700918474 0.00265973568401
171 8.53136328043 -25.358185041 -44.1330820714 0.00703265056199
172 9.29613631422 -25.9502497996 -44.1699982153 0.00410965687296
173 10.0923674681 -26.4198093908 -44.4562894241 0.0091582229602
174 10.9874022815 -26.696340538 -44.6968343046 0.00462383147474
175 11.9171806262 -26.8120331456 -44.9356578223 0.00451130792193
176 12.7998406975 -26.74156921 -45.3235458321 0.00350845638984
177 13.6041028604 -26.9233114331 -45.8278922557 0.00733246916915
178 14.4549788495 -26.9794438137 -46.2819865323 0.00733297032963
179 15.2074347996 -26.8260862825 -46.8675946365 0.00283688041617
180 15.897779552 -26.6995942358 -47.5308039472 0.00454412012584
181 16.6563242519 -26.4280950194 -48.06240235 0.00344416388904
182 17.4593136028 -26.1068323412 -48.4903801159 0.00378533282997
183 18.2830037507 -25.671389025 -48.7403512385 0.00530993752417
184 18.5718708195 -25.1158905248 -49.4741401366 0.00458853768298
185 18.7221765781 -24.4976764514 -50.1987774761 0.00591840224035
186 18.8277253875 -23.7278574288 -50.7689747453 0.00137594120612
187 18.6814067564 -23.0982283733 -51.4838826469 0.00595211118281
188 18.5939099116 -22.3749778866 -52.1141815765 0.00512567600565
189 18.4294151326 -21.5330653386 -52.5514648448 0.00118900455322
190 18.3384540432 -20.608489759 -52.8037761952 0.00366419829301
191 18.1541531847 -19.7215821302 -53.1289845578 0.00588354891066
192 17.6270308247 -19.0614556319 -53.5894575309 0.00712541963238
193 17.1165851169 -18.2913869216 -53.8557773136 0.00727801360118
194 16.6670591914 -17.7065429169 -54.4719988295 0.00406022087564
195 16.1368941613 -17.1650418753 -55.0626925006 0.0215801227538
196 15.543028744 -16.7438816063 -55.6871657935 0.00592187987969
197 14.9059826449 -16.1762395415 -56.1239383711 0.00270997192651
198 14.1001092546 -16.0476948949 -56.6264427987 0.00481048428152
199 14.4806760329 -15.6991157583 -57.433846662 0.0218323174966
200 14.6603553179 -15.1366903799 -58.1860695432 0.00912592649546
201 14.8178910276 -14.4584378044 -58.8401212233 0.00511148712805
202 14.7303478781 -13.6016463873 -59.251899986 0.00405833437131
203 14.1524624729 -12.9388134739 -59.6223286908 0.00279663859922
204 13.3807222223 -12.4339107045 -59.8659786043 0.00604168577636
205 12.4357084817 -12.5310896718 -59.7875757823 0.00347400690117
206 11.5612856552 -12.7871812848 -59.5085092124 0.0361669624101
207 10.6883286929 -12.9525750211 -59.1750589621 0.00235814571591
208 9.90495269195 -13.2295403473 -58.7169697135 0.00492018093575
209 9.31205119 -13.3871626154 -57.9935999149 0.00248181288134
210 8.59508507032 -13.7132205803 -57.4660455286 0.00350427373009
211 8.05622324882 -14.2935600256 -56.9457778981 0.00510005169987
212 8.1544817799 -15.1925711939 -57.2258565332 0.00551241961237
213 7.79512473357 -14.6534405189 -57.9156924613 0.00344945646661
214 7.14608236899 -14.3880382927 -58.550525928 0.0058903182373
215 6.30584738336 -14.3500243873 -58.9811387553 0.00505861623114
216 5.77065295849 -13.774711032 -59.5048936294 0.00163043512034
217 4.96816687492 -13.6805564198 -59.9931618085 0.00479974984371
218 4.09243519229 -13.9405588826 -60.2280438471 0.00360454115328
219 3.26699277469 -13.9954692415 -60.680390151 0.00217503038295
220 2.39699901406 -14.1549861231 -61.0057992895 0.00457325617217
221 1.56785738525 -14.5899252873 -61.1065880785 0.0216198194535
222 1.02922022212 -14.8344306499 -61.8357442327 0.0116548582237
223 0.151130085044 -14.9519809791 -62.1395475367 0.0062762952765
224 -0.721718402321 -15.163361774 -62.4013814235 0.0070508100943
225 -1.32369893876 -15.8032526592 -62.7191979286 0.00472153073787
226 -2.16902500404 -15.8571969999 -62.3269273243 0.0033428282418
227 -2.95020388317 -16.0801508148 -61.8682533111 0.00678724161916
228 -3.50568229894 -16.2362077607 -61.1363271525 0.00376682751262
229 -4.16187814145 -16.2384332926 -60.4756658644 0.00813600529837
230 -4.70209176999 -16.4630027258 -59.7531705026 0.00414983560651
231 -4.95925332638 -17.0435209418 -59.0753607039 0.0124119799651
232 -5.40952704163 -17.4873250371 -58.3986242878 0.0027979725973
233 -5.25601735252 -17.715959099 -57.5146426726 0.00625912575402
234 -5.28324750064 -17.2356975368 -58.3038945695 0.00566211615849
235 -4.94199100762 -17.059489362 -59.1432837423 0.0157122185272
236 -4.2627662617 -16.9094784198 -59.7435709667 0.00434992391542
237 -3.66415829388 -16.446960231 -60.2628557945 0.0168385666536
238 -3.1573786808 -17.1707713912 -60.4913051455 0.00890628623133
239 -2.79350459284 -17.7717209375 -61.0703629884 0.00461809543688
240 -2.03529006273 -18.1523882016 -61.3957900239 0.00495173575406
241 -1.143959819 -18.022633434 -61.5022039261 0.00587094998512
242 -0.33461039811 -17.9610177214 -61.1012850437 0.00824696750133
243 0.322681391893 -17.3863471512 -60.8732686605 0.0044000896353
244 1.02016033856 -16.8863115183 -60.5993136323 0.00934456602505
245 1.72408494323 -16.3313553422 -60.5572242852 0.00614376538201
246 2.47945258381 -15.92805507 -60.8180407798 0.00921569991665
247 3.13977117662 -15.3508819382 -60.6585897802 0.00514127319467
248 3.8026265084 -14.7822401141 -60.8260265394 0.00436920644494
249 3.74131510557 -13.9451306429 -61.1142670197 0.00786716917217
250 3.48419238471 -13.1034902078 -61.032645344 0.00389359542919
251 2.77523620023 -12.6062525821 -60.8649072018 0.00798196942272
252 1.92630265618 -12.7578841372 -61.0307859883 0.0208240591348
253 1.08463351727 -12.9437486143 -61.124211664 0.0076557363132
254 0.331379404378 -12.5343047425 -61.030368922 0.00483806049314
255 -0.337222319628 -13.0273114724 -61.2511219281 0.0018436951938
256 -0.998569742525 -13.2460374175 -61.7533959572 0.005867739166
257 -1.58220658257 -13.8675658672 -61.8094858777 0.00345863191621
258 -2.05398333331 -14.4399209957 -62.229627996 0.0147613358208
259 -2.39406916804 -15.0054182801 -62.752518651 0.010411948326
260 -2.69361003807 -15.6823241754 -63.1352047959 0.00167949074624
261 -2.84791476693 -16.2061392875 -63.7634962103 0.00645823675209
262 -3.13782676133 -16.9784361678 -63.8036189098 0.00725612747621
263 -3.47155203917 -17.7254694298 -63.7636166062 0.00744158677714
264 -3.60350722548 -18.2618623889 -64.3596927549 0.00570583615224
265 -3.84542962685 -18.6977545217 -64.9940850341 0.00779750275086
266 -3.66079261401 -19.2496395114 -65.5357829437 0.00340101163319
267 -3.63482759426 -19.9315115458 -65.9350841258 0.00600666054096
268 -3.232564024 -20.5043379765 -66.2858436851 0.0112278681575
269 -3.08809006435 -21.0305983392 -66.8261098714 0.00396233471132
270 -2.55239301053 -21.1963710112 -67.3420344233 0.0113762725516
271 -2.15299616123 -21.1925835627 -67.9700790971 0.00398803909439
272 -2.86722118208 -21.143075248 -67.7974879916 0.00267921434977
273 -3.42536843241 -20.6872479349 -67.9242853581 0.00632307195082
274 -3.99234545188 -20.2442368387 -67.9510890922 0.00574089251376
275 -4.11313348666 -20.1032849558 -67.2655554683 0.00953031689006
276 -4.02000005682 -20.6842476596 -67.6236370855 0.0111691066389
277 -3.46780594645 -20.6562793947 -67.2598697379 0.0127696328483
278 -3.31735749496 -21.1872984428 -67.5557283634 0.00920949901219
279 -2.90329822109 -21.3832534525 -67.1725211967 0.0128148417829
280 -2.73073549288 -21.8290762686 -67.445620092 0.0164371747179
281 -2.91009130854 -21.4454895384 -67.6702330137 0.0320941530544
282 -3.15183749456 -21.559511736 -67.7909504497 0.0132770916137
283 -2.94708226846 -21.5668247613 -67.718037845 0.00848086071214
284 -2.96560295095 -21.6805107085 -67.5884696364 0.00839967860142
285 -2.86729502973 -21.6358247898 -67.6656710649 0.00594433571654
286 -2.92242870316 -21.7233494644 -67.6899200224 0.00546365249821
287 -2.99925190614 -21.7591786028 -67.6894119653 0.00600819366183
288 -3.03843855273 -21.7127426647 -67.7035227755 0.00484674336881
289 -3.0512601853 -21.683697164 -67.6705744324 0.00571261337951
290 -3.03961531809 -21.6827275107 -67.6438408545 0.00940804549754
291 -3.04731912241 -21.6851513679 -67.6460635923 0.00754051713965
