179 14.2532449517 -32.3157969542 19.3638847158 0.0071976591219
178 14.247285012 -32.3108287284 19.3647404796 0.0154211038842
177 14.2081776772 -32.3058475141 19.3417943144 0.00574670203397
176 14.2345746249 -32.2965296477 19.400985609 0.0069549883458
175 14.1802332253 -32.2256969465 19.4222299548 0.0167334055678
174 14.0411530133 -32.3049458702 19.3747055036 0.0118845064109
173 13.960523531 -32.1043648662 19.299139722 0.0145592869615
172 14.1749641131 -31.8933271042 19.2072663979 0.00823191260389
171 14.467974225 -32.059367964 19.3552834763 0.018315747379
170 14.5673991631 -32.512180696 19.2849016378 0.00602231086459
169 14.7809358219 -32.079203712 19.4044664715 0.0104484082726
168 14.9120752704 -31.923100772 18.9012782542 0.00904714734351
167 15.3285577069 -31.5248863876 18.8892486305 0.0116771527958
166 15.9173550019 -31.3822941988 18.9983661397 0.00798857080359
165 15.5490340621 -30.8865143264 19.1637838653 0.0111685664851
164 15.2784112185 -30.5865682247 19.6981668317 0.00597537869163
163 14.9975131935 -30.2007209875 20.1882714833 0.00838191295175
162 14.4410570613 -29.7859192651 20.2928538389 0.0106969697262
161 14.4574849533 -29.1844779635 20.6947250125 0.00479857287675
160 14.3071949603 -28.643352597 21.1649132532 0.00608109205995
159 14.6339978767 -28.1117406857 21.5677822338 0.00777990245683
158 15.138104296 -27.5645243734 21.6959690536 0.00951522466692
157 15.3416644896 -27.4131352145 22.4236822603 0.00696621532172
156 15.4293759519 -27.8867125845 23.0370800151 0.0133039186022
155 15.1982992612 -28.1304655535 23.75974674 0.00653788516206
154 15.3860961807 -28.0042382096 22.984976528 0.00742436850671
153 14.777081271 -27.4650932169 22.986455531 0.00732878714342
152 14.5338115151 -26.9678333302 22.3796369576 0.00758326829603
151 14.6944979164 -26.3053075221 21.9097802184 0.0106767463766
150 14.6484543633 -25.5895139504 21.4785540287 0.0112942023945
149 14.6086472991 -24.7938337021 21.1955979738 0.00440865008751
148 15.3905900837 -24.5658637002 20.9574867435 0.00436954542642
147 15.9101834124 -23.8962662505 20.8749786585 0.00647433703454
146 16.6079688244 -23.4261220858 21.0322006896 0.00345095162848
145 17.0917547411 -22.7615585743 21.2790362855 0.00734584564909
144 17.6272078895 -22.0875999895 21.2209375757 0.00402297954164
143 17.616735921 -21.4535290448 21.8103860299 0.0104182288671
142 17.359041714 -20.9416732296 22.4674344856 0.00182674538489
141 17.4184287461 -20.1643100276 22.8587415626 0.00631132892746
140 17.5662696918 -19.7292276581 23.6049882434 0.00311223037006
139 17.6612267186 -19.2211365472 24.3145441249 0.00673611818472
138 17.646011387 -18.5844279572 24.9231689789 0.00424732137243
137 18.0921109037 -18.1781092589 25.5678729675 0.00650858235091
136 18.109319135 -17.4983723225 26.1356628817 0.0068799580615
135 18.5403464367 -16.7312040909 26.2574267874 0.0037128441928
134 18.2341219035 -17.1532246174 25.5352295328 0.00360844132552
133 18.0756037745 -17.4607238849 24.7125134118 0.00513170727796
132 17.8442855971 -17.9331236155 23.9892530521 0.00815437635134
131 17.9872053811 -18.4676830457 23.2827464391 0.00794485372421
130 17.6967153759 -19.0516361777 22.6623665888 0.00260190584528
129 16.9566549571 -19.5622201673 22.6124156406 0.00335469827263
128 16.4478831614 -20.2454860562 22.9082822301 0.000466958099646
127 16.3219362203 -20.4515001941 23.05810866 0.00496654376166
126 15.8721635391 -21.0900486767 22.5792919123 0.00287992095387
125 15.1029733011 -21.5343873176 22.353025272 0.00379266291973
124 14.5300339621 -22.2510963137 22.3610598974 0.00547246101301
123 13.6789881468 -22.2735018041 22.0145339156 0.00455981948197
122 12.9426616224 -21.7605284135 22.2181376242 0.00483330801361
121 12.4587848068 -20.9770141235 22.2467647798 0.00537377810276
120 11.7649592597 -20.5279539686 21.8362278407 0.00808983755891
119 11.4581421462 -19.7478457688 21.4460048111 0.00495162113408
118 10.6056851556 -19.5756163248 21.7631049004 0.00513523934677
117 9.72656102194 -19.5492995392 22.0552928662 0.00653764664846
116 9.16523681249 -19.0690288532 22.6176378079 0.00724274455541
115 8.6582790354 -18.6381096187 23.2674351081 0.00782084606885
114 7.94229683801 -18.337376679 23.7816161003 0.00463844181209
113 7.28359356215 -17.7319998674 23.5202292912 0.0030144678125
112 6.52105254095 -17.3510659559 23.1416494352 0.00466892566527
111 5.67966938642 -17.3553020201 23.5461289672 0.00225026090403
110 4.84145071139 -17.0046410057 23.7617635596 0.00429400824567
109 4.07214874436 -16.7278055175 24.2149308465 0.00419670647188
108 3.25495531491 -16.4477213349 24.5738086196 0.00762131573373
107 2.35953124494 -16.272867815 24.7858416961 0.00205199367561
106 1.52266759426 -15.8713820386 24.9137933073 0.00449387895556
105 0.703102921327 -16.0100890585 24.4794000778 0.00648340919365
104 -0.227571298169 -16.0479636116 24.3625425453 0.00551861738226
103 -0.957101591407 -16.5520374569 24.0515424229 0.00252281358445
102 -1.77356057168 -16.9247839396 23.7719423537 0.00223375451487
101 -2.49585601951 -16.9765470693 23.171529368 0.00287743574709
100 -3.34466871743 -17.2489758254 22.8706968807 0.00321911028729
99 -4.03827336987 -17.7434701747 22.4699241462 0.000392522565906
98 -4.0856848064 -17.7629926065 22.4281205533 0.00512513784901
97 -4.92218753398 -17.8814333307 21.992523401 0.00438129019493
96 -5.73878544093 -18.1940575296 21.6186447489 0.00390960623052
95 -6.67592632675 -18.2599564967 21.4689740476 0.00713835414427
94 -7.59007914774 -18.5032532129 21.5764137159 0.00437038710397
93 -8.0770793851 -19.2628291925 21.8818367169 0.0048333824791
92 -8.55874134093 -20.0846082386 21.9117612646 0.00344884393461
91 -9.39583199459 -20.5196678303 21.774244949 0.00490946243602
90 -10.3379498912 -20.6498705854 21.8469374101 0.00722135578246
89 -11.0800998466 -20.313525246 21.349330274 0.00963600687282
88 -11.8739141485 -19.9693479063 20.943684156 0.0028515233925
87 -12.4348999612 -19.4556334309 20.364640769 0.00689061137928
86 -13.0074469509 -18.820591093 19.9359310673 0.00204320745282
85 -13.3911541411 -18.0991132341 19.4383767181 0.00542820279358
84 -13.9626066563 -17.4330074794 19.0564821419 0.00500724477508
83 -14.7268291507 -16.8628572722 18.9691113493 0.00243122943976
82 -15.1546785916 -16.1737971484 18.459570225 0.00644152958791
81 -15.7274494203 -15.9725069911 17.7177151409 0.00226027759931
80 -16.2230815791 -15.293943083 17.2564860591 0.00303779291557
79 -16.728696255 -14.5114274654 17.0303927943 0.00227385867084
78 -17.1549975019 -13.6525627852 17.0321629884 0.00437517542622
77 -17.8786719049 -13.0250991361 16.9806308293 0.00568910340028
76 -18.5293782704 -12.6660375732 16.3731056849 0.00401074438175
75 -19.2149962299 -12.3264481563 15.7929347815 0.00379047091742
74 -20.0163937766 -11.986962351 15.3869282789 0.0319033074224
73 -20.7026395299 -11.4788223863 14.9422571597 0.00329311682426
72 -20.992261181 -11.3463475921 14.0330507592 0.00279438506436
71 -21.1228524948 -11.1115630498 13.1076798637 0.0118374151218
70 -21.1121150033 -10.6163474359 12.2803673076 0.0143996672029
69 -21.0096491855 -10.0158788768 11.5317867715 0.00372630417468
68 -20.8402909652 -9.35619262599 10.847748718 0.00652964789353
67 -20.8541178318 -8.67429023968 10.1641034958 0.00533732327733
66 -20.7983986646 -7.82684900684 9.70407788101 0.00599014014651
65 -21.0554308761 -7.02803943458 9.22508385285 0.00390391513764
64 -21.3403715035 -6.23090925152 8.75879929294 0.0125218756936
63 -21.6924598285 -5.43836332835 8.33067431461 0.00778303768286
62 -21.8745330354 -4.63817541025 7.81797082189 0.00353268259778
61 -21.9171048635 -3.78348872711 7.3659448885 0.00948258071977
60 -22.1455018704 -3.03502310914 6.79551896448 0.00595639214253
59 -22.5125257685 -2.41104493752 6.15177961329 0.00515318938479
58 -22.8573644818 -1.86049130417 5.4327112626 0.00405208678985
57 -23.0695735308 -1.192180823 4.7635768505 0.00227383157612
56 -23.1693659802 -0.388212332873 4.2314662439 0.0057632986202
55 -22.9157013636 0.494051306997 3.91985314388 0.00682986008785
54 -22.8368734686 1.44063329527 3.72439170126 0.00800028168543
53 -22.6256987716 2.37875019992 3.59588396026 0.00401691465668
52 -22.2803971963 3.2556750949 3.36490045379 0.0056708632995
51 -21.8002414897 3.99544311351 2.95942568783 0.00446419254564
50 -21.4736082443 4.79948530666 2.52414136928 0.00487065125595
49 -20.8840080499 5.25646241229 1.90219407415 0.00302617872326
48 -20.442205313 5.85297502134 1.27567113971 0.00667576960926
47 -19.8953799904 6.1581161014 0.532599405092 0.00963353571566
46 -19.3578311708 6.6327387852 -0.123727845173 0.0206421041194
45 -18.7307004465 7.11247297202 -0.692193075473 0.00233148236149
44 -18.1551347779 7.55215155228 -1.34202028846 0.00694995856932
43 -17.5535504528 7.72160030453 -2.0882938393 0.00249252570733
42 -17.0007254411 7.55957883741 -2.87310101937 0.00466396162305
41 -16.4608469457 7.45002891292 -3.67603632502 0.0128918624747
40 -15.8238554223 7.06781525897 -4.30618359362 0.0062792414626
39 -15.0653613477 6.69847070528 -4.79355264578 0.00596622217612
38 -14.4836550818 6.04543134338 -5.22344383237 0.00600837160345
37 -13.80187847 5.48543290644 -5.63775648659 0.00359452320641
36 -13.1562757045 4.97649093793 -6.16177298014 0.00429946927487
35 -12.3117289807 4.94399640415 -6.64795703787 0.00566588985641
34 -11.5373989671 4.74872297674 -7.20780817321 0.00523078095292
33 -10.7454094501 4.91146476783 -7.75348923857 0.00231734943092
32 -10.0044211351 4.92072549357 -8.38799463358 0.00900343780347
31 -9.05238195426 4.83106727434 -8.58199293154 0.00419982576056
30 -8.11197171239 4.87692215382 -8.838668957 0.00353028175822
29 -7.24869938804 4.80138329269 -9.28784211899 0.00417114856685
28 -6.40191255544 4.50993242637 -9.67635506048 0.00410711587102
27 -5.54180810625 4.28035778526 -10.0772597059 0.00416496147723
26 -4.73098679174 3.93247970568 -10.4956351674 0.00244479912436
25 -4.19604296539 3.15675628514 -10.7518483842 0.00384416194397
24 -3.67476262495 2.36456579516 -10.985286694 0.00330539911769
23 -3.38597941651 1.46450484361 -11.2312546079 0.00344133519094
22 -3.18786451196 0.526017444312 -11.4161659497 0.00606110638522
21 -2.97326603343 -0.423091860652 -11.503882627 0.00200632840214
20 -3.05145978716 -1.38536669388 -11.6542256716 0.00137556334884
19 -3.07158499937 -2.36039028613 -11.5935333252 0.02593129563
18 -3.27539897317 -3.30789260384 -11.4631091728 0.0014942935156
17 -3.51936544844 -4.25437220494 -11.4308266494 0.00400731672813
16 -3.96756609465 -5.12329511741 -11.4573644578 0.00326695451333
15 -4.4452260873 -4.96231868686 -10.618763073 0.00340157622762
14 -4.84199126732 -4.70691345017 -9.76150944828 0.00571767212668
13 -5.11444280063 -4.27389565678 -8.92718846875 0.00192423616082
12 -5.29672349895 -3.51953753518 -8.33103532603 0.00334490647189
11 -5.3022171542 -2.64941271974 -7.88314696054 0.00206251335856
10 -5.34177889921 -1.77592956498 -7.44346414833 0.0016312667806
9 -5.12872007109 -0.849090882744 -7.21233216266 0.00726469398341
8 -4.80396769989 -0.0500550409495 -6.74926286801 0.00326869379084
7 -4.15747872632 0.248088746947 -6.07705530722 0.00734312904346
6 -3.5525359361 0.50133306127 -5.34969464317 0.00270905866942
5 -3.02276511405 0.716278942202 -4.55439760035 0.00695615162695
4 -2.38048414584 0.853628997877 -3.82758912093 0.0074640398911
3 -1.97886644228 1.34343209031 -3.08003539575 0.00324271602814
2 -1.55200045393 0.970126176707 -2.28085670565 0.00131049966755
1 -1.13243818667 0.545490419249 -1.50371340387 0.00302914400058
0 -0.576970393227 0.263826545794 -0.747043391417 0.00312933546037
0 0.614186492005 -0.740463857578 0.196647397595 0.00281362826642
1 1.20528151697 -1.51964565507 0.283403849587 0.013643150197
2 2.0327296288 -1.82466679512 -0.147717101047 0.00328401507269
3 2.90046124864 -2.04796578906 -0.548459804318 0.00436630911231
4 3.71290688821 -2.27496798905 -1.05014179889 0.00378044312908
5 4.51815729085 -2.57212609763 -1.525924698 0.00380553053158
6 5.29144504934 -2.98731084423 -1.96473904972 0.00804120245954
7 6.13543297161 -3.35085223526 -2.30828504198 0.00563318796455
8 6.9831147542 -3.68651674093 -2.6702507648 0.00163950466008
9 7.89477123139 -3.94351224009 -2.92514637868 0.00353177056738
10 8.81201670249 -4.13123994087 -3.2173891583 0.00822665581584
11 9.74487937463 -4.22785881333 -3.5038040329 0.00236492888256
12 10.6930967336 -4.25136101789 -3.75241655128 0.00407711683546
13 11.6424460614 -4.02430387428 -3.84422469238 0.0076191220221
14 12.5827808125 -3.76701126135 -3.94647322023 0.00384350222251
15 13.4427173606 -3.34302224371 -4.15009221828 0.005064972973
16 14.2567500898 -2.92132122849 -4.49656453759 0.00561165257112
17 15.1155001743 -2.57080266962 -4.81266284742 0.00432495437949
18 15.8097767875 -1.90960633179 -5.01459297841 0.00211885564699
19 16.5556733678 -1.38419409109 -5.37167875986 0.000896648335522
20 16.9882509697 -0.522424888249 -5.54502133466 0.00558872550549
21 17.3131597872 0.232380562499 -6.07832630598 0.0069529562136
22 17.6267710957 0.999968993949 -6.59967286359 0.00298894737811
23 17.7992349874 1.87455314 -7.00522736988 0.0034660410315
24 18.2609029089 2.73807375883 -7.00165171688 0.00331489152362
25 18.6396828524 3.62850394693 -6.85225627792 0.00474279697699
26 18.9537157681 4.53319785112 -6.64895065627 0.00328646328646
27 19.1994336872 5.46005331381 -6.4519613636 0.00558768917043
28 19.325272301 6.42844917219 -6.38646171312 0.00768552530577
29 19.4475788617 7.38504889346 -6.55220189246 0.00513825302228
30 19.4542441849 8.32888872839 -6.80983919176 0.00440802989426
31 19.5472828357 9.25329625382 -7.11617691291 0.0073251121529
32 19.445465917 10.1973815961 -7.35052614635 0.00611366193352
33 19.0712256054 11.0971230859 -7.43179186964 0.00333578449309
34 18.7489637946 11.9506559952 -7.08005588928 0.00572360432908
35 18.1605494015 12.7116313584 -6.90579470476 0.0044744005485
36 17.4499991757 13.3797745016 -6.96981748702 0.00317522147316
37 16.808887704 14.1145471095 -6.90431285655 0.00154214881876
38 16.0811311098 14.7468953094 -6.74420278066 0.00354716713554
39 15.2953599087 15.2183409894 -6.40466401419 0.00364244128931
40 14.4677298448 15.5601499795 -6.01352915944 0.00467421901984
41 13.6099041773 15.7444057139 -5.58374562524 0.00563236556357
42 12.8902078252 15.8326214802 -4.92904928904 0.00640048541133
43 12.1923335585 16.010036491 -4.2691465975 0.00619255879084
44 11.6189941572 15.6828192585 -3.54952205538 0.00375576297639
45 11.0370111643 15.265666641 -2.88572663055 0.002363043534
46 10.1839691897 15.0531706547 -2.46129171175 0.00261947629978
47 9.3246203464 14.8131154743 -2.06545997967 0.00470764262781
48 8.37029327862 14.6100347762 -2.08466533138 0.00486447535914
49 7.49825547105 14.2087413962 -2.25949125325 0.00173833403711
50 6.80917494494 13.5672282451 -2.51559918835 0.00059254910631
51 6.15973541272 12.9110887666 -2.83128875985 0.00206607422154
52 5.25448714288 12.7067384427 -3.13223695906 0.00307368026317
53 4.41245626074 12.4568264586 -3.55673306395 0.00407727975558
54 3.53284173354 12.107992522 -3.79311915631 0.00246115173745
55 2.74553015844 11.5792743627 -4.02051538238 0.00622727116196
56 1.84075616923 11.2664062956 -4.20533688176 0.00422276128775
57 1.00932300689 10.8204254653 -4.45070371538 0.00635026891502
58 0.11499928795 10.4753063647 -4.62672336634 0.00302593378549
59 -0.763688165185 10.313531722 -5.01598884723 0.00286024542691
60 -1.62856326441 10.026708707 -5.36135489127 0.00363103631696
61 -2.26848843942 9.69797880472 -6.01861695308 0.000938792524866
62 -2.82489938215 9.18307175938 -6.63076037542 0.00524894466763
63 -3.36820585359 8.65933123908 -7.24685434571 0.00193731233159
64 -3.98869710334 8.07691524605 -7.72073029264 0.00404764866979
65 -4.64098373445 7.53431605904 -8.19883386184 0.00421987234654
66 -5.29041522212 6.85057993957 -8.44120819389 0.00577681785576
67 -6.05476372554 6.25597370125 -8.53982874151 0.0168216906644
68 -6.74998197691 5.57709839081 -8.58418382007 0.00545139910328
69 -7.3113641124 4.80669247514 -8.77674518799 0.00296225163126
70 -7.9009968727 4.05563890237 -8.96048257375 0.00353540082358
71 -8.57172338369 3.35654369111 -9.04160015427 0.00456142569552
72 -9.15187972647 2.60713987584 -9.25759905379 0.00454986616662
73 -9.67742833472 1.81055901819 -9.44117981862 0.00571275806876
74 -9.96764360157 0.888289229621 -9.53669283218 0.00217743254825
75 -10.08081275 -0.0734030876244 -9.45873371925 0.00440440784393
76 -10.218003353 -0.933221300695 -9.02813364493 0.00330373391685
77 -10.3197242175 -1.75579607958 -8.52184690795 0.00243205222351
78 -10.5743162142 -2.44135290374 -7.88276130653 0.00217205402498
79 -10.759228902 -3.22423378192 -7.33885291875 0.00299677464967
80 -10.8827477339 -4.03783424997 -6.8236543208 0.00293596693016
81 -10.6053746678 -4.80697131908 -6.30033131488 0.00266844817196
82 -10.4878817056 -5.69671124811 -5.93080084743 0.00426032782641
83 -10.0018336891 -6.53638054698 -5.91747311465 0.00441419442705
84 -9.33482244562 -7.2404443943 -5.93850686145 0.0115979118816
85 -8.58393552624 -7.84791797038 -6.0227466297 0.00878733424405
86 -7.85021008687 -8.14935841498 -6.5796899062 0.00557308711037
87 -7.0287835997 -8.13806605759 -7.09343424778 0.00237592521557
88 -6.20063749505 -8.27437016833 -7.57730096889 0.00724095464936
89 -5.43522930736 -8.20345298364 -8.16639750065 0.00883862585196
90 -4.6590528295 -8.06670880424 -8.72836859167 0.0154710412356
91 -3.91227878431 -7.79343608662 -9.27876083691 0.00225640018294
92 -3.46389843952 -7.11922115305 -9.80733939499 0.00952760899232
93 -3.11998106351 -6.3506900074 -10.281634978 0.00502435479831
94 -2.77071493643 -6.10529494666 -11.1486374793 0.0047851301099
95 -2.77570456457 -6.071844027 -12.1142516498 0.00581782859423
96 -2.74121541469 -6.32207720058 -13.0464513272 0.00447682390353
97 -2.59068945982 -6.26310063559 -13.9983855426 0.00423012603295
98 -2.45458743801 -6.38087114247 -14.9467556917 0.00432410533282
99 -2.16453697293 -6.70202275113 -15.8092072211 0.0044340019431
100 -2.14119575317 -6.64275357917 -16.7718616112 0.00746325791211
101 -2.12616039228 -6.46913488516 -17.7202415059 0.0199346791796
102 -2.41070000924 -6.24159902825 -18.611491381 0.00577200270131
103 -3.02362679249 -5.67729461693 -19.092583604 0.00464192125537
104 -3.70946470768 -5.20110620634 -19.5698553618 0.00962152201765
105 -4.51693274942 -5.05710231689 -20.070690389 0.00305037771965
106 -5.4222383882 -5.08009433534 -20.3913706037 0.0178483635392
107 -6.27205196612 -5.29317494218 -20.7821908657 0.00422784495193
108 -7.04771540565 -5.66445075133 -21.2066989078 0.00385120517206
109 -7.78948627729 -6.17595237603 -21.53402597 0.00285738103437
110 -8.47226412058 -6.72334667961 -21.9248992049 0.034163844435
111 -8.69469490142 -6.87382778828 -22.1040893626 0.00287601151392
112 -9.3258308273 -7.47838961876 -22.4760449439 0.00543561098972
113 -9.58688864067 -8.1351634984 -23.1100132607 0.0068790756908
114 -9.92309064481 -8.87655155284 -23.5967642956 0.00766069166862
115 -9.75522343347 -9.62028314084 -24.1595025019 0.00563594264239
116 -9.77491223048 -10.3632499716 -24.7462949495 0.00510179455713
117 -9.66844691576 -11.2479705023 -25.0641131411 0.00537313707409
118 -9.52030124285 -12.1495350282 -25.3068399991 0.00582174472481
119 -9.01095849935 -12.8988345592 -25.5739782504 0.00575084065457
120 -8.45231522428 -13.6423732562 -25.7344582093 0.00510766870128
121 -7.82504325243 -14.3435651055 -25.6699055409 0.00129493605541
122 -7.23913934753 -15.0527189166 -25.8769074488 0.00607907663344
123 -6.91227381167 -15.7209844958 -26.4552694564 0.00317638009285
124 -6.70221523903 -16.5352097379 -26.8791603957 0.00575651958367
125 -6.93868836308 -17.1090806621 -27.5866274641 0.00289265012062
126 -6.9231392249 -17.9092639508 -28.0805167208 0.00519559505509
127 -6.89138659432 -18.6939326019 -28.5965507626 0.00361390663326
128 -6.72394596179 -19.5051060119 -29.0390100328 0.00270968268363
129 -7.10903959325 -20.3197200599 -29.3014343709 0.00623577703007
130 -7.51401297653 -21.1386540255 -29.5115754744 0.00420563942903
131 -7.73856707741 -21.9741697193 -29.870967025 0.00355278093308
132 -7.90865129234 -22.5835356985 -30.5616033849 0.00397261994992
133 -8.20011586412 -23.270681991 -31.1259879498 0.00348848309105
134 -8.28690520296 -24.0001040289 -31.7047459322 0.00482972107234
135 -8.24400824331 -24.5865303444 -32.4311087521 0.00575437804855
136 -8.03799632069 -24.9615300313 -33.2609624581 0.0033535977376
137 -7.89250075941 -25.0567000157 -34.1778349674 0.00251935604865
138 -7.88691769992 -24.8663746396 -35.0909263259 0.0020553737285
139 -8.31687489069 -24.5620294219 -35.8598708294 0.00429465802902
140 -8.89456938369 -24.1714387938 -36.4767137407 0.00356612779108
141 -9.64764689886 -24.0950958014 -37.0174034683 0.00341894767493
142 -10.1098276748 -23.9570306769 -37.8124384572 0.00265851688358
143 -10.2583077668 -24.3669184248 -38.6332871104 0.00478078059229
144 -10.3060029331 -23.9174244003 -39.4442562007 0.00430634113297
145 -10.5828432603 -23.1442747645 -39.8742334108 0.00517722265036
146 -10.8877392734 -22.3687568179 -40.2776820639 0.00600951468533
147 -11.4038936901 -21.804459382 -40.7973782261 0.00655927062701
148 -12.0825557346 -21.4612099499 -41.3206015308 0.00173860148048
149 -12.026227956 -21.5564800953 -42.2373678354 0.00618538747068
150 -12.2387600959 -21.7977424004 -43.1013190173 0.00434249184654
151 -12.4823333126 -21.9432791595 -43.9773211858 0.00660319209083
152 -12.8376620882 -22.2836346501 -44.7534333152 0.00134117649039
153 -13.0061121374 -22.4112540522 -45.6476516658 0.00549993365344
154 -12.4082672608 -22.4449754876 -46.342154148 0.00445263507621
155 -11.717734951 -22.4009273344 -46.941837597 0.0057940272775
156 -11.1573807423 -22.0000968451 -47.5425045327 0.0119264512369
157 -10.7666484927 -21.3698940373 -48.07080593 0.00613252326976
158 -10.8111257616 -20.9737642717 -48.8878900747 0.00500781330285
159 -11.1982846853 -20.8189402874 -49.693966997 0.00337671710765
160 -11.6536672934 -20.6693284475 -50.4632165913 0.00242362389806
161 -12.0248214929 -20.5364885434 -51.2786057154 0.00805315521276
162 -12.4629563602 -20.6328517294 -52.0621739972 0.0054390798973
163 -12.9849039589 -21.3365989606 -52.2684306123 0.00772353103298
164 -12.8410192273 -22.1627673287 -51.9489544144 0.00960982643197
165 -12.2941984755 -22.8608553819 -51.8389433802 0.00414395630182
166 -11.7794143293 -23.2851662567 -51.2461451188 0.00526753380155
167 -11.3374519466 -23.8385273375 -50.7068249573 0.00637562177294
168 -10.6186030903 -24.1014598686 -50.2580363257 0.00259745765592
169 -9.84112301161 -24.3037265593 -49.8842926589 0.00656669670224
170 -9.76794031589 -23.6849520495 -50.5106455148 0.00332771152236
171 -9.36046090892 -22.9392974912 -50.2767184441 0.00832101712818
172 -9.0749829644 -22.1775642356 -49.9480440443 0.00380254628836
173 -8.65743789775 -21.8683333668 -49.591041771 0.00413065264554
174 -8.31911335992 -21.3320526834 -48.9962545185 0.0197434442292
175 -8.51920848294 -21.0268691976 -48.219763564 0.00453562628782
176 -7.99555091283 -20.7196221801 -47.6184816817 0.00854341280187
177 -7.31638407945 -20.6361319627 -47.1170558916 0.00768781268895
178 -7.53535447136 -21.2456898266 -46.5779175302 0.00854201791212
179 -7.15381368788 -21.9675118399 -46.4010501771 0.00721257881573
180 -6.85007003284 -22.6675194664 -46.7262307638 0.00947664542528
181 -7.53613255959 -23.0759335678 -46.9162075903 0.00712148972193
182 -7.82022808146 -23.8343408467 -46.8372102355 0.00587993964166
183 -7.16717959298 -23.6853855824 -47.2893605376 0.00305041576674
184 -6.38928347617 -23.6057633544 -47.4782912931 0.00222813508276
185 -5.59012526389 -23.635487555 -47.5379483892 0.00550036089013
186 -4.96383927328 -23.2036026162 -47.7613816579 0.0104120317569
187 -4.425487259 -22.6550238457 -47.8919994077 0.0179772294644
188 -4.06506772551 -22.0675674672 -48.1969565562 0.00318133527765
189 -4.80199433457 -22.1962736534 -48.179094631 0.00830076203476
190 -5.00029261546 -22.6969436505 -47.6788499288 0.00433935179874
191 -5.24503514727 -22.4665601253 -47.0333846674 0.00459803945699
192 -5.34415555776 -21.8938588061 -46.6111384564 0.0055690537715
193 -5.75017372238 -21.9403336875 -46.0331765557 0.00485969784459
194 -6.22399673454 -21.6120856882 -45.641203186 0.00970332973527
195 -6.88423062949 -21.6026148674 -45.7783397543 0.00886654841148
196 -7.47264034005 -21.3260834146 -45.8231644128 0.0166379249033
197 -7.90593119519 -21.6761843946 -45.5939304748 0.0109197404262
198 -8.41910783793 -21.8576173156 -45.4464561922 0.0165396744588
199 -8.42027917846 -22.2204277549 -45.108730595 0.00677741984885
200 -8.75428281373 -22.5316636109 -45.1860530961 0.0104498643104
201 -8.92253819969 -22.189325194 -45.336259836 0.0150830120218
202 -8.99196402356 -22.1792201171 -45.6419922514 0.00804599535027
203 -8.89641621707 -22.0721100432 -45.8642389702 0.0248104368061
204 -9.01665059243 -22.1044579952 -45.9169595135 0.00235995767367
205 -8.95176509234 -22.1732617914 -45.9975249312 0.00477954095393
206 -8.97399115002 -22.0731519131 -45.9832358391 0.00691174039016
207 -9.0371376829 -22.0843125055 -45.9411640746 0.00568114634497
208 -9.0738101317 -22.1092951187 -45.9754369036 0.00441719757353
209 -9.08771479494 -22.137298522 -45.9484373032 0.00603579012886
210 -9.08783982391 -22.1427379991 -45.9241734242 0.00708430932624
211 -9.08911108998 -22.1343759596 -45.9284960629 0.00818261014461
