138 -2.57284634018 14.2634498583 29.2169719412 0.00349919025855
137 -2.57476762718 14.2633008156 29.2190377806 0.00883284776201
136 -2.55732672933 14.2636319155 29.2153298055 0.005853590023
135 -2.58777581595 14.2547093405 29.2087607102 0.0117830200666
134 -2.55088117527 14.2531997698 29.2698117604 0.00674575835424
133 -2.60814110372 14.2858312745 29.1983464413 0.0342722588529
132 -2.67396666437 14.4960718744 29.3521882679 0.00916392786224
131 -2.77704739151 14.2611172919 29.551993243 0.0147431910036
130 -2.44278542782 14.3571377585 29.7837973707 0.0207605876516
129 -2.17995588446 14.263345268 29.3469796666 0.017911115788
128 -1.86562173434 14.6242523267 29.0064781989 0.0131015176117
127 -1.32070202864 14.769940496 28.727567219 0.00637940146983
126 -0.938844474229 14.2484458175 28.6953155546 0.0244995102243
125 -0.820382574822 13.5652151342 28.8260135348 0.00487976861363
124 -1.04562150178 13.0949620247 29.3168586287 0.00506466739035
123 -1.72785028071 12.849710475 29.3197123872 0.00397720150628
122 -2.12043530131 12.7274438496 28.7125775926 0.00355244280659
121 -2.01834579707 12.4251622626 28.0452472837 0.00663611403788
120 -1.64220663978 12.2877548062 27.4104146576 0.00990400996778
119 -0.895729490999 12.2683556426 27.5758404902 0.00577003911231
118 -0.192272540836 12.5531209136 27.7233555189 0.00418671101606
117 0.458245855734 12.7168711516 27.3269042602 0.00270839317174
116 0.655583580682 13.1820109423 26.7283363446 0.00909188654861
115 0.39938453351 13.7157099291 26.1985752275 0.00239008713094
114 0.575126792589 14.2073028651 25.5957663967 0.00513764085496
113 1.18751723169 14.4784357269 25.1482016059 0.00944216129142
112 1.99137532269 14.3455153786 25.14120784 0.006363839548
111 2.26010803193 14.854893916 25.7273929605 0.00434432486744
110 2.67594401405 15.566458804 25.6908007814 0.0240851086689
109 2.75455732041 16.4028691978 25.7797090609 0.00323755590119
108 2.42737597467 17.13690111 26.0481663987 0.004645818294
107 2.32386107218 17.9340060418 26.3264852823 0.00310335974155
106 3.11514483015 18.2507985549 26.3053543518 0.0027826374927
105 3.96243710426 18.1410063565 26.3189036541 0.00548950331414
104 4.78989842377 18.180489292 26.5429945198 0.00056427827805
103 4.90482093287 18.2746941079 26.5643419083 0.00381656903346
102 5.52882033864 18.9319902605 26.8255135402 0.00371383603541
101 6.33929424511 19.4101268867 26.7547804023 0.00854022759406
100 6.98485702222 20.09989618 26.7432974832 0.00463728201663
99 7.69908062381 20.7109501054 26.8449731224 0.00542135949498
98 8.22215183409 21.4437432644 27.1360144303 0.00442418777853
97 8.98621215913 21.9065631281 27.4496844689 0.0037876687171
96 9.92219651224 21.9928335937 27.5664000867 0.00490784482907
95 10.7417791914 22.3405049467 27.8917242947 0.00377994187012
94 10.9212451343 22.7182928897 28.7434174799 0.00572571501549
93 10.8404998042 22.7899642367 29.6869214822 0.0039211919104
92 10.711496019 23.0327683906 30.596324353 0.00501287719952
91 10.4097414777 22.7672584442 31.4577176257 0.00156443460939
90 10.3167080598 22.6328645942 31.7902878448 0.00903237355527
89 10.5132483704 22.1856159223 32.6076718347 0.00673300462456
88 10.2865831716 21.7244362923 33.4101766606 0.00766883670473
87 9.79904883291 21.5644902632 34.2141019089 0.00839099310863
86 10.4334849725 20.8766291449 34.4000526336 0.00544000585839
85 10.9464787129 20.0717049704 34.388466057 0.0313001370615
84 11.2639657856 19.1685940358 34.3722102182 0.00412539717069
83 11.3874777037 18.2393011545 34.56858746 0.00759199556339
82 11.2968987573 17.3036079566 34.3817714608 0.00355630746293
81 11.1036965338 16.3670528212 34.313305619 0.00540402236683
80 10.9684468317 15.4174754145 34.3138318003 0.00305002043087
79 11.2188640552 14.4972108255 34.2095245007 0.00311677153152
78 11.0368579866 13.6664477439 33.7646570201 0.00863698900309
77 10.9496386204 12.9485026028 33.1324347176 0.00630127481138
76 11.2183606278 12.0350704221 33.0035501144 0.00327229750646
75 11.3740024815 11.0923834712 32.8998033256 0.0141040006653
74 11.2594714155 10.1492569739 32.7480086462 0.0104567928718
73 11.2863012396 9.19576614828 32.6168907756 0.00384424850265
72 11.0073215483 8.2764495638 32.5492277049 0.00664936769473
71 10.6024969478 7.40301913708 32.5085811869 0.0199881604214
70 10.4517761667 6.45025504369 32.5297539658 0.0048045202746
69 9.89874727619 5.65928966396 32.5359681757 0.0040248895685
68 9.41205401372 4.82648190922 32.4966019845 0.00496131598385
67 8.61753926007 4.28410843576 32.4119963229 0.00357463232421
66 7.87810872416 3.6797740126 32.5570333876 0.00506806941405
65 7.07665217485 3.24813991675 32.8811493984 0.00227964714699
64 6.1824710247 2.97963001552 33.1306399763 0.0163539159667
63 5.37424820055 2.60160018799 33.5043667453 0.00349135995825
62 4.73749056525 2.50664175448 34.22694418 0.00510274275833
61 3.83672866084 2.33784868724 34.5380917887 0.00399537691055
60 2.89665115378 2.41389533912 34.7560706588 0.00339845714818
59 1.93065200239 2.35016850242 34.7675584462 0.00223652158028
58 1.11810969112 2.54224575486 34.789468102 0.00308313485743
57 0.385683522558 3.15682013641 34.6244001132 0.0062362411679
56 -0.333645642171 3.79068614016 34.4735736777 0.00561813704876
55 -0.883024763925 4.5877342283 34.4003587616 0.0114030479236
54 -1.26015419396 5.48087179431 34.3407224465 0.00554497909635
53 -1.4837852958 6.31197828982 33.8897185532 0.00341222736932
52 -1.73885964654 7.08305364205 33.3559541527 0.0040582922462
51 -1.76870708317 7.8327418041 32.7378613509 0.00371059052219
50 -1.83739101435 8.75869645841 32.4499696416 0.0042399771863
49 -1.66114316626 9.61242973036 32.0192511487 0.00506832366618
48 -1.24473015338 10.3367635645 31.5213963084 0.00363928762069
47 -0.760528516142 10.9139076194 30.9059366597 0.00410988643707
46 -0.201843710466 11.4465039923 30.3136064297 0.00210653322066
45 0.347791773286 11.9408104916 29.6808198758 0.0033618875737
44 0.909578907005 12.2746344189 28.9595776352 0.00341243659428
43 1.18518615497 12.6076473469 28.0873024501 0.00281230418123
42 1.55213107246 12.8379969555 27.2153910436 0.00554912869392
41 2.06811120095 12.95746918 26.3982167515 0.00328443658819
40 2.61823045327 13.0689467896 25.6023246576 0.00416530718839
39 3.20124042246 13.1880485845 24.8311584397 0.00348775029675
38 3.86771589708 13.2408729964 24.1226510889 0.00259274090598
37 4.50335451543 13.1860849381 23.3863405631 0.00374395292668
36 5.00484495529 12.8979093397 22.6021248474 0.00411650371783
35 5.52553665305 12.2218314224 22.131711472 0.0040864286115
34 5.97657452643 11.474667854 21.6980403316 0.00368827336615
33 6.26343952092 10.6095466841 21.3527282735 0.0144847213352
32 6.48683142758 9.78961965226 20.8742914399 0.00442849591791
31 6.74430444021 9.06340167557 20.2761141731 0.00561784306542
30 7.03715882701 8.22428956483 19.8738104593 0.00244097361432
29 7.23459103717 7.34757252285 19.4939948336 0.00267776735019
28 7.32534428739 6.45604326091 19.1079945248 0.00280518393978
27 7.19638460386 5.5043559195 18.9353467355 0.0108568959212
26 6.83139268693 4.59904110588 18.9405307151 0.00242208309668
25 6.35437526596 3.75360709005 18.837074418 0.00628977775679
24 5.84401069127 2.95861394169 18.5901575838 0.00287712805056
23 5.37845748324 2.10067464116 18.5620507724 0.00482969378856
22 5.04406227562 1.183053527 18.5688685807 0.0033805157926
21 4.61182449743 0.314035921974 18.45888719 0.00327313483215
20 4.52657906068 -0.0896538710308 17.573055716 0.00392453741042
19 4.88113886825 -0.347890853716 16.6996984231 0.00433949551896
18 5.23328299277 -0.757034556768 15.8848773 0.00262687142317
17 5.35661871546 -1.00964600716 14.9485886682 0.00397713664554
16 5.38728675456 -0.970671441587 13.9721169188 0.00574439999077
15 5.45729847074 -1.06646801365 13.0014434109 0.0028733152253
14 5.44476439368 -1.3042582284 12.0529080486 0.0331270244199
13 5.00239171357 -1.57284246415 11.2220681658 0.00412139502448
12 4.62895965785 -1.86866736143 10.3668400799 0.00645350694308
11 4.24408093844 -2.01130993986 9.47785860549 0.00227640036015
10 3.86742562206 -2.01071653386 8.57395773285 0.00302623221081
9 3.35725649085 -2.38379918683 7.82601534821 0.00113505185848
8 2.68520338357 -2.62314459698 7.1552539857 0.00540270270135
7 1.94994170023 -2.81817484184 6.53844809016 0.00238732165586
6 1.4065044921 -2.84896925526 5.7241089235 0.00294074990104
5 0.93646832399 -2.89073560539 4.86565352881 0.00620120229938
4 0.656779558168 -2.64702903215 3.95880119328 0.00200345173775
3 0.655181212115 -2.28087975394 3.04993617254 0.00339541662852
2 0.563864454512 -1.80025792122 2.20089875386 0.0042991405134
1 0.467630786602 -1.33628938871 1.34305395567 0.00313047033876
0 0.319913181129 -0.635794001848 0.673824927649 0.00471248901466
0 0.344475234626 0.898937585091 -0.193207778008 0.0246869563645
1 0.679659609484 1.7445834427 -0.56146498313 0.0022618549653
2 1.10520846122 2.58128870704 -0.847431552315 0.00562367517157
3 1.76380034153 3.29963515611 -0.960941128928 0.00439924676284
4 2.2148061033 4.16876139115 -0.900455697046 0.00295505370571
5 2.88079387141 4.88852024697 -0.873687523301 0.00949302606426
6 3.43009111251 5.69905001185 -0.81722030178 0.00790832635198
7 3.8418695321 6.58771703731 -0.770170145276 0.0063666025469
8 4.29331379718 7.43091142922 -0.985700730947 0.00209015629858
9 4.62431886912 8.34873850364 -1.08128503427 0.00355584429481
10 4.79619544641 9.31330342054 -1.11296853637 0.00630429000486
11 4.94922071055 10.2812878973 -1.12758549869 0.00154068698455
12 4.58814698791 11.1883444342 -1.0413991897 0.0104172571742
13 4.12996258553 12.0506671779 -1.12204681659 0.00332149012115
14 3.48717531555 12.7866825441 -1.0515087794 0.00339434937267
15 2.80036068976 13.4511403979 -0.835850532646 0.00387650299075
16 1.97668293202 13.9217276052 -0.5916341843 0.00297181704705
17 1.04403651148 14.1558665376 -0.405304140848 0.000793827793395
18 0.165781449207 14.4661875172 -0.102422275996 0.0038753675035
19 1.04609248133 14.1180723043 0.148608347993 0.0053534260162
20 1.9915530368 13.8642557012 0.126115894019 0.00265458792445
21 2.96768829451 13.864181294 0.0496407137095 0.00255936714436
22 3.93728617422 13.904834789 -0.0799282644815 0.0131841119706
23 4.85297913897 14.1136912259 -0.355210028651 0.00328692695878
24 5.74267893228 14.1987118109 -0.753934959721 0.00333394393546
25 6.55781830191 14.4871730236 -1.21215750172 0.00334775483963
26 7.44167315617 14.7306539959 -1.5540549043 0.00628958029414
27 8.1475316642 15.2143545774 -2.02829327833 0.0153009094031
28 8.93278483772 15.6890947093 -2.36614726661 0.00793409760102
29 9.57640713084 16.3303585585 -2.72701236815 0.00281209413672
30 10.4603951633 16.7432696796 -2.78615435497 0.00673230836718
31 11.3211527838 17.2032353365 -2.83665811684 0.00315447072571
32 12.0023916401 17.8806576485 -3.01516995361 0.00227522311891
33 12.6300017166 18.5897140165 -3.25616778772 0.00646042512771
34 13.1515191972 19.3960601768 -3.43544927286 0.00595102153459
35 13.1444342191 20.305781847 -3.07995607969 0.00447222749603
36 12.9484913191 21.1463820731 -2.62300954806 0.00479858335885
37 12.6909376154 21.9466340669 -2.12622986689 0.00116465851444
38 12.8662267306 22.3010586737 -1.81797628076 0.00205422026077
39 13.1605768339 22.993990545 -1.20100668864 0.00366262073273
40 13.1807165193 23.7260987338 -0.560070332634 0.00400042299298
41 12.9912131985 24.5631424579 -0.101668997292 0.00250350210592
42 12.9037362729 25.4111409799 0.367094984719 0.00385016105428
43 13.0114909184 26.263396709 0.823406669905 0.00118389121961
44 13.0837985417 27.101221514 1.31220580528 0.00276695935764
45 12.9594100407 27.9368890439 1.79392981767 0.00268578430785
46 12.6294887661 28.5741516153 2.45034751512 0.00429266932477
47 12.0680257158 29.1188135877 3.02783459057 0.0154955712451
48 11.4564144134 29.6823926561 3.53013316017 0.00585082999213
49 10.685200429 30.0285573337 4.00852460693 0.00719436770564
50 10.000782614 30.4380926674 4.56237420569 0.0235071071851
51 9.25227916961 30.8077374095 5.05610054554 0.00404844371716
52 8.45547303252 31.1376648232 5.49935180607 0.00540149513575
53 7.71470822757 31.3431724998 6.09002161394 0.00804939057913
54 7.15951602878 31.3093653067 6.88373169882 0.00470471792732
55 6.69369302409 31.2006399078 7.72644126342 0.00304355567827
56 6.19522189027 31.165483799 8.55646116874 0.0373983682087
57 5.5192023614 31.0172085082 9.23129835097 0.00689998526572
58 4.86574145722 30.8037546399 9.91029826726 0.00365771172944
59 4.52528162416 31.0871741855 10.768941727 0.00868752789571
60 4.19824598431 31.2488294655 11.6630776148 0.00364730646876
61 4.12051716179 31.3785883825 12.6166911799 0.00759341122754
62 4.12904612273 31.7703696672 13.4985189172 0.00649203114131
63 4.29563146009 32.3108585997 14.2797390109 0.00742111272631
64 4.12613327603 32.7426715562 15.1248302853 0.0040553230732
65 3.92149863186 33.5443340642 15.6185304312 0.00361345573368
66 3.71403897471 34.2754655485 16.210428302 0.00212441667111
67 3.17280670202 35.0086569545 16.5216233259 0.00385795952056
68 2.39733819095 35.5538197286 16.6895242569 0.00850511121221
69 1.56363137841 35.7033406073 17.1460214471 0.00416235303266
70 0.720015972238 35.7944252982 17.5990666759 0.00530070058744
71 -0.146030065592 35.8900035609 18.0055974216 0.00354318776687
72 -0.824369239453 35.8682366185 18.6865518779 0.00387993656569
73 -1.57191812978 35.7714878205 19.28273215 0.00670110046234
74 -2.35495554206 35.2947414605 19.5688262143 0.0046682195747
75 -3.17740815181 34.8268605892 19.7306087674 0.0046057026197
76 -3.83889983955 34.1327957936 19.7691618907 0.00564213403882
77 -4.35395513929 33.3705558511 20.0406750145 0.00202449980974
78 -4.46381055142 32.4477924995 20.2775536604 0.00377649813686
79 -4.48098020899 31.512687635 20.4881385392 0.00474468368749
80 -4.60734584455 30.9484608546 21.2528111028 0.00486034109759
81 -4.75354549145 30.6765782397 22.1601688636 0.00517413325862
82 -5.15764690133 30.206120747 22.8900441337 0.00850545459757
83 -5.70641726444 29.5083653295 23.2468912055 0.00420221483028
84 -5.93204320955 28.6909673226 23.6892492695 0.00346206479829
85 -6.11747072578 27.8396035413 24.0827763955 0.00193430758276
86 -6.11932647994 26.964064138 24.4663701571 0.00465177212896
87 -5.93308176967 26.1403811612 24.9133908784 0.00644925554313
88 -5.6329667476 25.5310315125 25.5848045435 0.00280994146772
89 -5.17918931098 24.877646973 26.1126105509 0.0109048721863
90 -4.80259182161 24.0841419502 26.4836503652 0.00355540860436
91 -4.38018237117 23.3087773117 26.8425760969 0.00152773937051
92 -3.91720116225 22.6004955338 27.2810192829 0.0110119762293
93 -3.31335938004 22.0631314128 27.7837802648 0.00599486356278
94 -2.84432348855 21.7846349795 28.5634793962 0.00533643829747
95 -2.56168518293 21.6090056041 29.4545140329 0.00480624775248
96 -2.4320155422 21.9932666715 30.3142234471 0.00391714622368
97 -2.67057554391 22.6486744013 30.9590012857 0.00235829443729
98 -3.39013448039 22.4088803278 31.5302132497 0.00567823832105
99 -4.0424075059 21.7234853778 31.5975717074 0.0030220902003
100 -4.73416577659 21.0776777982 31.5385699679 0.00391524037937
101 -5.48622348784 20.5168774163 31.6731708442 0.00408032828137
102 -6.35696424382 20.1608111309 31.5623835902 0.0093956495788
103 -7.19039972805 19.8146814164 31.2783045721 0.00627510192348
104 -8.10546073608 19.616477379 31.4081045231 0.00280388505333
105 -8.97570582433 19.2623194174 31.5081129616 0.00505532673191
106 -9.85619669664 18.9484484705 31.6411767146 0.00383903998965
107 -10.6612137869 18.4701531786 31.7580808657 0.0350353491665
108 -11.4223586569 17.9212311193 31.7565280874 0.00873350577565
109 -12.0802079866 17.353740409 31.4052219722 0.00262468148984
110 -12.8411742999 16.8582570271 31.1756679812 0.0042187166503
111 -13.691472758 16.4886549735 31.0482176159 0.00254270303045
112 -14.4470399006 15.9382718131 31.0135212449 0.00557309120393
113 -15.2691007174 15.4968945169 30.9626962603 0.00390771663524
114 -15.8908039296 14.8142670984 31.1020200877 0.00835526372498
115 -16.2422174418 13.9509964008 31.1182976536 0.00526260131805
116 -16.6272170958 13.103978503 31.0800186995 0.00339034290918
117 -16.9866078097 12.297178893 30.786771509 0.0372065983727
118 -16.9143022463 11.4764622165 30.3711860449 0.00778199152773
119 -16.8937202307 10.5992487183 30.0920095319 0.00310821614387
120 -17.1943819622 9.78059484946 30.3850718976 0.00704572415928
121 -17.6648297266 9.01493789561 30.1965715905 0.0017964079681
122 -18.1957937448 8.49469858168 29.6578075051 0.00506310101999
123 -18.8450268351 7.89619142657 29.9030144267 0.00612679280081
124 -19.401991142 7.52115650991 30.524892943 0.00155216383287
125 -19.7563819709 7.221150375 31.3134299253 0.0010064446236
126 -19.5710997416 6.61743007411 31.9749542672 0.00495377669072
127 -19.2308171765 5.82218404962 32.2661160922 0.0336767623072
128 -19.1659780267 5.07044573526 32.7608729656 0.00650195131717
129 -19.2112465635 4.18682939768 32.9237845945 0.00415950612756
130 -18.981301145 3.37470239125 33.2310380171 0.00631015040807
131 -19.0558586612 3.05813969473 34.0668079951 0.00512664104012
132 -19.1764952294 3.10294626834 34.9524834519 0.00326692899963
133 -19.5597467708 2.89753652085 35.7329248799 0.00725840063767
134 -19.9718476017 2.5528627417 36.4427984083 0.00723486708151
135 -20.3081070211 1.9383329623 36.98656216 0.0122932726451
136 -20.5992397471 1.14136172174 37.2226601011 0.00544398852308
137 -20.1852201866 0.369712385978 37.159717445 0.00276495876324
138 -19.5225404179 -0.182955846838 37.0052828238 0.00587553025058
139 -18.9544210239 -0.812512308298 36.7953623246 0.00892667147838
140 -18.5402669395 -1.56634703631 36.6737656747 0.00645951209399
141 -17.8628482737 -1.1365119655 36.3501020261 0.00341656558484
142 -17.5533464611 -1.93815525184 36.42839577 0.00453819903673
143 -17.2189456762 -2.65889144096 36.0985449657 0.0130215025556
144 -16.8106056283 -1.93213883514 35.9246330698 0.00971990446491
145 -16.3580684546 -1.99566765077 36.6361135812 0.0106483014018
146 -16.8947315294 -2.47971700535 37.0575525833 0.00665845161798
147 -16.6477611658 -3.208746025 37.3704054377 0.00642878952427
148 -15.8362569953 -3.35145984525 37.4115301239 0.00665084076191
149 -15.3086174492 -2.73816667563 37.2853497845 0.00470630833689
150 -14.9077021282 -2.64857971871 37.9896577842 0.00532801843028
151 -14.3243886197 -2.10605644484 38.129325147 0.00904625861308
152 -13.9462189453 -1.44866118 38.3716354011 0.00550243093611
153 -14.6765269294 -1.17033779802 38.2602421393 0.00741313009729
154 -14.6983996337 -1.34686506927 37.49931485 0.00869338316637
155 -15.0342346122 -1.82152490417 36.9967782003 0.00429024755242
156 -15.1510126733 -2.55034319875 36.8091414135 0.0257690627117
157 -14.8826828107 -2.63550627977 36.147569866 0.00558262207529
158 -14.296631942 -2.53515446028 35.765024232 0.00546578114614
159 -13.6560126204 -2.26676822334 35.7407399393 0.00953684248229
160 -13.4374959395 -2.31630546397 36.3767042053 0.00889551692751
161 -13.0789802373 -1.86689178546 36.6808632452 0.0116569679382
162 -12.9509213528 -1.35102026197 36.3683957614 0.0087082394152
163 -12.4198860549 -1.1015538693 36.4011446157 0.00880588056468
164 -11.9134725937 -0.877492488224 36.4448174458 0.00773488536993
165 -12.2402858501 -0.617209744594 36.1274222441 0.018434877683
166 -12.0118119146 -0.470259203077 35.7836012335 0.0160136436463
167 -12.0918023259 -0.270734897215 35.5174271056 0.0145722264253
168 -12.2488705977 -0.257376406315 35.3199165134 0.0119890305007
169 -12.068409504 -0.257666298318 35.2671886455 0.00932951429237
170 -12.0491391587 -0.398216482865 35.263179411 0.00864607158557
171 -12.1381654389 -0.364688231134 35.3032290043 0.00759855358356
172 -12.1087919446 -0.31474973442 35.2574881821 0.0186625432911
173 -12.1197047744 -0.312126688742 35.2446920502 0.0119710208351
