105 -3.46641484449 -21.7348412832 -11.0065448518 0.00545639124126
104 -3.46342061168 -21.73324223 -11.0105835464 0.00948912326244
103 -3.48688513458 -21.7384140443 -11.0119150888 0.00972270639246
102 -3.5374093606 -21.74431658 -11.0247399551 0.00760293398314
101 -3.46284540487 -21.7626447387 -11.002312736 0.00998909197348
100 -3.51002735152 -21.8079529844 -11.1034530181 0.00897552307104
99 -3.51861154105 -21.7610280494 -10.9475942492 0.0137960618021
98 -3.43438450907 -21.6610714082 -10.7522012806 0.0129125866337
97 -3.72073433107 -21.5424267089 -10.7784412151 0.0116703947803
96 -3.39797157836 -21.3448446897 -10.8596132902 0.0134760162129
95 -3.4211457804 -21.1375493407 -10.4496840119 0.0124343340993
94 -3.72477543678 -20.9832017816 -10.0598808643 0.0178937245053
93 -3.61177983814 -20.9285251876 -9.48582469648 0.00459615871881
92 -3.35509585051 -20.4453739654 -9.73748520907 0.00874526313437
91 -2.73056833006 -20.5201413578 -9.71902777699 0.0128923960898
90 -3.13894069365 -20.871228919 -9.32876228045 0.00429743759815
89 -3.07116262396 -21.3457753698 -9.20119404759 0.0108126142473
88 -2.74258254556 -21.8086900582 -8.67007308609 0.00623798985905
87 -2.42766568422 -22.519653861 -8.56307877098 0.00380929746085
86 -1.6723096382 -22.7496599965 -8.55257494754 0.00773624214567
85 -1.14683233945 -23.0528821995 -8.02762896466 0.0075200637301
84 -0.794583490874 -22.7875516467 -7.34725099229 0.00898423638721
83 -0.820709066286 -23.3767323097 -6.77837713839 0.0067516067853
82 -1.4703083762 -23.2004063241 -6.30052729097 0.00212101370145
81 -2.11882383834 -23.6635235014 -6.07956391517 0.00412974849598
80 -2.60679707026 -23.8490970607 -5.43249266292 0.00150013774183
79 -2.8155426928 -24.6463253227 -5.31972460579 0.0142325701814
78 -3.56047031168 -24.916023971 -5.0306031065 0.00794960269716
77 -4.12248748883 -24.88009521 -4.39413556383 0.0111558807433
76 -4.62357228875 -25.2828528126 -3.82706047981 0.0138614026096
75 -5.21625041079 -25.6533728546 -3.31630386483 0.00544611150479
74 -5.79808957842 -26.0150297099 -2.78187725848 0.00888372526959
73 -6.44966550163 -26.5293012198 -2.5103884354 0.00441135295453
72 -7.19377062402 -26.7683012645 -2.29916435744 0.00522204770572
71 -7.80587970345 -26.7678927807 -1.63044919024 0.00629666936324
70 -8.39788404408 -26.8030446998 -0.942083447597 0.00670036880405
69 -8.58772230421 -26.3448686264 -0.178148464556 0.00370653929679
68 -8.9228303307 -26.074634349 0.625841869251 0.00754995047965
67 -9.03555055338 -25.4256459204 1.25923684353 0.00465988236304
66 -8.92405341236 -24.6203132018 1.67865783656 0.00691931519596
65 -8.46944243619 -24.193665665 2.3511986791 0.00885758347825
64 -8.03212569227 -23.4373932737 2.63607036817 0.00355166486839
63 -7.43537963431 -22.8547035662 3.02403880524 0.00501384580013
62 -7.0810648236 -22.2903208513 3.66039241875 0.00224831605866
61 -6.728106656 -21.9439803374 4.43881512472 0.00320123649665
60 -6.61808828613 -21.9040610715 4.59144720659 0.00397775812105
59 -6.35319192786 -21.9813185517 5.47401070126 0.00557249223948
58 -5.68082507939 -22.1817237367 6.07749760973 0.000749316247196
57 -5.52719527354 -22.2423003332 6.10989861736 0.00300238924852
56 -4.73354779473 -22.6235342603 5.77843147924 0.00483175341487
55 -4.13034742512 -23.0387853829 5.18632183126 0.00324028542031
54 -3.35379344086 -23.1829610601 4.67272051492 0.00237672477259
53 -2.68481589899 -23.2953969872 4.01821368461 0.00250379411477
52 -2.42456153961 -23.8326716832 3.28813460098 0.00497895159272
51 -2.38164031341 -24.025256151 2.36489923101 0.00745854530384
50 -2.40714394081 -23.9458669786 1.42345725253 0.002966288816
49 -2.40861409465 -24.1925151763 0.510724887122 0.0146046862196
48 -2.48337129201 -24.4718088962 -0.391404795011 0.00547863600674
47 -3.03638335468 -24.3107389361 -1.14408788425 0.00391982624781
46 -3.55201429816 -24.1556629388 -1.92469538 0.00279701868372
45 -4.26042931829 -23.9778650479 -2.52970923694 0.00595845748233
44 -5.17943227975 -23.9815689027 -2.76583644933 0.00365420007921
43 -5.83605760489 -23.3020236597 -2.67567166899 0.00658349447065
42 -5.96612723304 -22.753159225 -1.91065282269 0.00265033410761
41 -5.95889165379 -21.9053941758 -1.48101349013 0.0195835642671
40 -6.17958511521 -21.047382877 -1.13118858594 0.00344929621531
39 -6.46355869031 -20.1481119576 -0.99532835142 0.00389787206632
38 -6.3998599488 -19.2004722651 -1.07563588897 0.00596171428049
37 -6.65510337072 -18.3176573882 -1.3310679687 0.00432136071183
36 -6.6372471668 -17.3696480349 -1.43806445156 0.0132189887536
35 -6.6174842007 -16.4201784759 -1.33310075421 0.00631390890927
34 -6.44584583551 -15.48179 -1.396127647 0.00487156862747
33 -6.48304438595 -14.5319208936 -1.29018156194 0.0046736382547
32 -6.74542822223 -13.6276732005 -1.46098236472 0.0034141577349
31 -6.47876528546 -12.7144544332 -1.56659372717 0.00578947879755
30 -6.00429422524 -11.896496339 -1.71834864572 0.0134653538039
29 -5.36420943227 -11.5652268563 -2.35114687484 0.00736473323353
28 -4.82685313422 -10.8130703279 -2.60821206278 0.0119430576888
27 -4.07966467858 -10.2410034761 -2.80000277199 0.0033034904829
26 -3.14825417795 -10.096355247 -2.98539183808 0.00785530509263
25 -2.2090733055 -10.0642744636 -2.78322277987 0.00331325288335
24 -1.28099352348 -9.96370357634 -2.55300106641 0.00514678406209
23 -0.40862209785 -10.0087120136 -2.15019727885 0.00397531068891
22 0.250930912974 -10.6225078242 -1.81249674908 0.00471756931175
21 0.907117126094 -11.083009512 -1.27957101113 0.00329994313024
20 0.101166534569 -11.2915088661 -1.76331194176 0.00220507076845
19 -0.621843506039 -11.2575514531 -2.39863876012 0.00416824955951
18 -1.46674548627 -11.1242370241 -2.84158353098 0.00443885256154
17 -2.20040258839 -10.6470597571 -3.24459657104 0.00385824321406
16 -3.02006577879 -10.2628431657 -3.57525314841 0.00354241306088
15 -3.62996996681 -9.53994448016 -3.76126619654 0.0040850866962
14 -4.22589015977 -8.80500833922 -3.94682088714 0.00616524227907
13 -4.84242519116 -8.06321967906 -3.94021315528 0.00602806223404
12 -5.22094290599 -7.18830742664 -4.08996685525 0.0043783511927
11 -5.64466983481 -6.33657969723 -3.926500738 0.00535303140046
10 -5.96903474693 -5.5059047295 -3.55604792113 0.00354715468102
9 -6.1750407125 -4.57106894986 -3.42802580872 0.00967315979243
8 -5.97609037017 -3.62551255443 -3.41448181958 0.0031269001996
7 -5.63111072684 -2.95199313455 -2.81285004941 0.00652634288948
6 -5.13580689803 -2.18199171345 -2.50171920549 0.00248899898006
5 -4.66134769987 -1.58407977099 -1.90760078973 0.00372475529015
4 -4.11073183146 -1.22699375814 -1.19663631494 0.00510717052745
3 -3.57752687378 -0.951600205149 -0.437272315409 0.00207695328957
2 -2.80678740909 -0.487560914008 -0.0807003742956 0.00522595088539
1 -1.90800298956 -0.181242863252 0.107246802833 0.00576837629246
0 -0.946362049619 -0.0964535826319 0.182046157369 0.00465833356958
0 0.379774945946 0.898314915539 -0.151660915059 0.00924743998147
1 0.816960399462 1.78309006612 -0.152060058916 0.00677596335175
2 1.2107696146 2.67238939336 0.0148542277994 0.00244000253981
3 1.56018952029 3.50480794179 0.413327980484 0.00146893528681
4 1.92477530771 4.26236342114 0.930043143486 0.00439222668207
5 2.15941942999 4.95207752228 1.59563447042 0.00682092405485
6 2.1152834156 5.34766086395 2.49859391371 0.00414108410773
7 1.96591978936 5.87026065737 3.32211095421 0.00333190609887
8 1.79044375689 6.46859993253 4.08674750573 0.00527717447143
9 1.28405708974 7.28872855008 4.29661419146 0.00438943056991
10 0.845321364672 8.08654834219 4.67609603644 0.00219140198768
11 0.480483355922 8.9314678673 5.03098918767 0.00627575202425
12 0.0605639153298 9.73761691651 5.41384293527 0.00293926769984
13 -0.487724720223 10.5493619422 5.52826649939 0.00650909784322
14 -0.909479297487 11.4319928497 5.65297359356 0.00365662985294
15 -1.38951176293 12.2696283193 5.85375353244 0.00439429027965
16 -2.07673024872 12.9153203495 6.14200320884 0.00494716833091
17 -2.89241850383 13.32816216 6.51129562325 0.00145977668569
18 -3.72161711105 13.6355571857 6.9472834274 0.00386382707778
19 -4.53134524757 14.0365869594 7.34166568148 0.00245997218064
20 -5.38725974419 14.3368044509 7.7279673627 0.00433560920968
21 -6.16476870667 14.7411976911 8.17940735712 0.00284249140007
22 -6.97254862567 15.2014117233 8.50715492445 0.00430704304352
23 -7.83847079659 15.6205276703 8.72184120247 0.00226287372312
24 -8.72778066462 15.2399176145 8.91095167546 0.00308995514327
25 -9.48501290892 14.709615307 9.25275191817 0.00718893808559
26 -10.1838071832 14.3955677893 9.87277685414 0.00170186214845
27 -10.7565365545 13.951347471 10.5406092128 0.00409490125629
28 -11.3862012701 13.5823486404 11.2028691295 0.00771511832552
29 -11.8343313476 13.1414742636 11.9617327705 0.0030378242299
30 -12.4351443084 12.8270395426 12.6766421877 0.00805873636716
31 -12.8938679737 12.3386974434 13.3989969195 0.00158572293057
32 -13.4244533605 11.6816639667 13.9062489164 0.00304875392863
33 -14.0750362956 11.0676658128 14.3187145582 0.00253707444593
34 -14.6395568958 10.4519909143 14.8408395533 0.00657590231125
35 -15.1889767493 9.86095408444 15.4056275851 0.00363732649946
36 -15.6332716116 9.10822833634 15.8595055683 0.00384790252915
37 -15.9230036176 8.27839896441 16.3037027809 0.00371966711783
38 -16.2294121278 7.41983882663 16.676142673 0.00444847334916
39 -16.3068958387 6.47623590199 16.946615064 0.00212395189117
40 -16.4659723353 5.61287361251 17.3925333034 0.0162234705047
41 -16.5703484123 4.80649498507 17.9474454617 0.00428313405228
42 -16.4503354402 3.94272761345 18.403926193 0.00613881109442
43 -16.3070264924 3.04877485271 18.7898582882 0.0131420029194
44 -16.1559567442 2.17964898665 19.2257505714 0.00436028950099
45 -16.0932554568 1.34323870777 19.7401236111 0.00539141183569
46 -16.2003409871 0.940315277727 20.5139599286 0.00660643348639
47 -16.1835750542 0.511874356646 21.3987927825 0.00365990073012
48 -16.1137849012 0.163983328408 22.3157274624 0.0281215472938
49 -16.0143107151 -0.168326973617 23.235106599 0.0035265717727
50 -15.9789305967 -0.372502092309 24.1956014753 0.00328981716426
51 -15.9912625831 -0.657471286484 25.135800959 0.00310041240854
52 -16.0565192174 -1.02015975082 26.0465012846 0.00364207465181
53 -16.0435435071 -1.53540393824 26.8827453253 0.00349568922485
54 -15.8196494081 -2.06533152774 27.6788696027 0.00464526564165
55 -15.7840977487 -2.36762111591 28.6127209029 0.00682895573873
56 -16.0885513798 -2.58367596016 29.5210359741 0.00478815160426
57 -16.3825258531 -2.8380224824 30.4227487548 0.00210241499474
58 -16.8408325424 -3.24116686498 31.191774331 0.0037398010849
59 -17.2621717115 -3.78721449957 31.8903807496 0.00460757778153
60 -17.7370325077 -4.23531860891 32.6233800059 0.0042788840517
61 -18.0861301016 -4.79972749433 33.3465370948 0.0046600087823
62 -18.4657097992 -5.44022190094 33.9859048358 0.00376040309171
63 -18.4456448284 -6.31396452858 34.4319701219 0.0108461535542
64 -18.8269033568 -7.18217403501 34.1808148287 0.00468369431463
65 -19.2101673128 -8.05088751554 33.9349417044 0.00470610686195
66 -19.4158238866 -8.96714741624 34.2177417839 0.00768851260163
67 -19.7958043943 -9.83022499831 34.4863470161 0.00201224472912
68 -20.0180989109 -10.7266013081 34.8156804197 0.0176915588766
69 -20.2963811969 -11.629823887 35.0749710524 0.00273039963798
70 -20.4500410423 -12.583481381 35.2400398826 0.00382673666962
71 -20.4325425681 -13.5575010922 35.3453961176 0.00544920029848
72 -20.3405639795 -14.5300163336 35.2705794337 0.0185168483639
73 -20.3773821947 -15.4861952255 35.4786301433 0.00331178436113
74 -20.5214983381 -16.4534351605 35.5275500292 0.00366398059982
75 -20.7816704849 -17.3814960694 35.6994646583 0.00424516658178
76 -20.8473843149 -18.3207581585 35.9674453577 0.00229635282559
77 -21.2853292283 -19.0899049676 36.3856724308 0.00259488065009
78 -21.4538669785 -19.8503507347 36.9786327905 0.00240038278041
79 -21.8214544806 -20.3755977939 37.7184248921 0.00491234154677
80 -22.1817199768 -20.7792404887 38.5341447692 0.00466276780787
81 -22.5418994861 -21.2847208261 39.2908183651 0.00463451537316
82 -22.7870383168 -21.7835767508 40.0962030899 0.00572295666699
83 -22.9324710419 -22.0884963756 41.0145135171 0.00491001465348
84 -23.1457535046 -22.2933348352 41.9470992925 0.00581447329482
85 -23.4536623228 -22.6560082453 42.8017271009 0.00813561594947
86 -23.4976794618 -23.0352054811 43.7020554446 0.00580224865203
87 -23.4899315358 -23.2714248912 44.650837956 0.00631556794243
88 -23.4448654488 -23.3915006565 44.9901427437 0.000615859047802
89 -23.2980284047 -23.7512383443 45.885543731 0.00735175303879
90 -23.5402319125 -23.9310086248 46.8136028395 0.00237808331854
91 -23.6632886271 -24.3265964155 47.6970125394 0.0028987076545
92 -23.904356325 -24.7460693034 48.5441986893 0.00590172666542
93 -24.0923094855 -25.2549755538 49.3547702021 0.00388410935402
94 -24.2866334348 -25.7152295665 50.1923321385 0.00299411425735
95 -24.4176038705 -26.2127090126 51.02073024 0.00554102492454
96 -24.5689316411 -26.49080895 51.9428970619 0.00441307900022
97 -24.6074794459 -26.9707351289 52.7904737289 0.00379733569514
98 -24.5371419838 -27.5173069337 53.5943241186 0.00576960981682
99 -24.1630243864 -27.9050621096 54.4061948984 0.00263915205674
100 -23.9303309641 -28.3877869517 55.2198840674 0.00482883440651
101 -23.7214625286 -28.8182301261 56.0684377041 0.0462672662804
102 -23.3356817251 -28.990961729 56.9440284435 0.00458268611058
103 -23.0696394085 -29.1867545365 57.8582976732 0.00274087109697
104 -22.5217522222 -29.4618182804 58.6124005656 0.00260041080665
105 -21.7695992317 -29.6156538264 59.2079523714 0.00469173718464
106 -21.2322058566 -29.6343528669 60.0171635304 0.0104082229964
107 -20.4188759703 -29.8667068044 60.4937429984 0.00221396124466
108 -19.6762881016 -30.2820841372 60.961116329 0.00239650770296
109 -18.8866798482 -30.7423793356 61.287813273 0.00515994620901
110 -18.506360843 -31.6304774414 61.3780852185 0.0140466050935
111 -18.1783681347 -32.5384586428 61.2876855586 0.0102462695437
112 -17.8550133721 -33.451740988 61.2646703342 0.00214637714895
113 -17.6211830636 -34.3920674615 61.2563890988 0.00820645105595
114 -17.5792602484 -35.259584764 61.6853219053 0.00509042984195
115 -17.2972761892 -35.3534406754 62.6073805572 0.00681889981892
116 -16.8513328334 -35.4975784665 63.4547484296 0.00321549186903
117 -16.1956811428 -35.6332020794 64.1539030465 0.0027491412787
118 -15.5623482888 -35.4417412414 64.8603328737 0.00476228325898
119 -15.0650941176 -35.0618511051 65.5984213484 0.00731474031134
120 -14.5001486811 -34.7774804023 66.3302133791 0.00420154095759
121 -13.9513761942 -34.73411622 67.1253000036 0.00283470488113
122 -13.4713495447 -34.6112056082 67.955607791 0.00285457561791
123 -13.2916401317 -34.3531449029 68.8698824894 0.00348806220943
124 -13.0989824484 -34.1558888985 69.7963784367 0.00406281022404
125 -12.9187467661 -33.8707783024 70.7019958227 0.00404063459316
126 -12.5708805466 -33.7022094651 71.5874237431 0.0050827014098
127 -12.3895963467 -33.511206209 72.5167037106 0.00229239091884
128 -12.1128401503 -33.3221570226 73.4223821693 0.00299605991592
129 -11.9948203837 -32.9780537891 74.3167375486 0.00442642202675
130 -11.858215793 -32.4328122799 75.1012818364 0.00790727908948
131 -11.8050123729 -31.9033157332 75.905849558 0.00238888750259
132 -12.0699487704 -31.3863002892 76.6756985167 0.00618376167285
133 -12.3575227524 -30.908628139 77.4621748315 0.00506561952645
134 -12.4588576994 -30.7091037374 78.3997263763 0.00683783927028
135 -12.7672018854 -29.9262287653 78.8681396104 0.00438103484426
136 -12.9597306848 -29.0652109241 79.2532208423 0.00560964847353
137 -13.2487138975 -28.360973929 79.8420605122 0.00275827077011
138 -13.3852033961 -27.6207125539 80.4414054582 0.00794441041229
139 -13.5893123097 -27.0196060454 81.1638606454 0.0181462497426
140 -13.7146340915 -26.3589180981 81.8494420024 0.00339083657435
141 -13.916933162 -25.5314764584 82.291912584 0.00816581449936
142 -13.9759952212 -24.5989159662 82.508144038 0.00418209679601
143 -13.9825320161 -23.6429990016 82.5815096637 0.00549447277965
144 -14.1587308989 -22.8931249629 83.1519553195 0.00324433857888
145 -14.9116779336 -22.3440133234 83.374243517 0.00169715511074
146 -15.7132358239 -21.9300625252 83.6964447282 0.00251071775436
147 -16.1134831176 -21.320401099 84.3175395673 0.00373968240947
148 -16.0935051768 -21.2525696662 85.2729259002 0.00431431630787
149 -15.9373868906 -20.8068132107 86.105794519 0.00442223783907
150 -15.7581026314 -20.4148835759 86.9603690603 0.0037167181651
151 -15.7636617443 -20.206154774 87.8941886627 0.0075453070732
152 -15.3669648867 -19.8127528656 88.6699368075 0.00372326220501
153 -15.2673218597 -19.7310367388 88.9080447579 0.0011663664343
154 -14.9875835175 -19.4583088563 89.7798998659 0.00390629415717
155 -14.875532004 -19.1842286891 90.68790587 0.00486045431829
156 -15.1042870918 -18.9570416007 91.5863967664 0.00357782524959
157 -15.3498965706 -18.6910996813 92.4692718962 0.00329085397576
158 -15.9550624686 -18.1620962236 92.982149951 0.00509207742026
159 -16.6854106232 -17.8788517266 93.5248655715 0.00221319208947
160 -17.3986686234 -17.9308104838 94.1545174886 0.00477234863443
161 -17.9641330111 -18.0968582396 94.902770771 0.00524587720443
162 -18.6977882093 -18.0164972742 95.5037124248 0.00360135241714
163 -19.4861422887 -18.1167759635 96.0265931885 0.0037679188085
164 -20.3861989777 -18.3071988184 96.2663295089 0.00601419752709
165 -21.1792218164 -18.5514562576 96.7292147799 0.00318755750732
166 -21.9080815194 -18.9644295734 97.1767822894 0.00392325806701
167 -22.122975534 -19.6465489891 97.8013500761 0.00323681268788
168 -22.9584977233 -19.9028063892 97.43167795 0.00136481811436
169 -23.5981476475 -20.5012318506 97.0671969298 0.00309130611033
170 -24.0560633382 -21.2870001055 96.7985029094 0.00853734723237
171 -24.6264253172 -22.0150447544 96.5937227955 0.00830749156091
172 -25.1822190899 -22.7549246299 96.7911699123 0.00754963368315
173 -25.6576588512 -23.5028125549 97.1201112508 0.00569620890894
174 -26.0375805233 -24.2213042932 97.6015619045 0.0055986432596
175 -25.7996862932 -24.902339159 98.2104729125 0.00624681469474
176 -25.6464270683 -25.5182551526 98.9082580838 0.00304349692041
177 -25.1348404389 -25.8037040918 99.6470664614 0.00487637025494
178 -24.3855440112 -26.2394458649 100.015381593 0.00470403160957
179 -23.5042226297 -26.2672547177 100.344190078 0.00631601366993
180 -22.6193295397 -26.4143724438 100.6254172 0.00557527861836
181 -21.9879820233 -26.6041286155 101.294920471 0.00326777855006
182 -22.5494667764 -27.1217345777 100.748649402 0.00114297657186
183 -22.2903363211 -27.993905211 100.518530908 0.00475585760951
184 -21.8434914805 -28.8133913862 100.428924225 0.00396384161577
185 -21.2710063655 -29.3586509465 99.9254739024 0.011585806737
186 -20.4635783415 -29.6296924832 99.5391933739 0.00220905811733
187 -19.8203350423 -29.937399938 98.9343144569 0.00748088078439
188 -19.6857625102 -30.7149158129 98.4353691203 0.00612485486902
189 -18.8798416632 -31.1200056658 98.199846122 0.0063269970916
190 -18.0416596676 -31.4829717403 98.3800905081 0.0172052142789
191 -17.7907870506 -32.1223274849 99.0041052371 0.00964785377136
192 -17.2300179866 -32.7227943263 99.4304809747 0.00366196652609
193 -16.4861218864 -32.6756502816 99.9781813433 0.00605345577723
194 -15.6377169745 -32.7787428324 100.327779086 0.0026273392673
195 -14.8563700201 -33.0518201811 100.735867917 0.00703286850823
196 -14.1438939193 -33.6064894083 100.554396204 0.00332312393964
197 -13.4654904445 -34.2065647041 100.716801882 0.00434096171689
198 -13.2380788281 -33.6628210918 101.422805271 0.0106507429347
199 -12.6175703363 -33.1308717969 101.837490877 0.00365939049824
200 -12.0458440927 -32.4243763319 101.945924971 0.00233104576024
201 -11.4672774863 -31.9784499995 102.497031557 0.00501066644936
202 -10.6970619257 -31.6438423296 102.856364989 0.00566534175235
203 -10.3467137335 -31.0307112368 103.43357699 0.00770595083269
204 -10.6196029809 -30.2508035897 103.813645422 0.0109255772378
205 -11.2879987737 -29.6397311827 103.833424135 0.00734419414002
206 -11.8063782304 -28.9456064942 103.576920447 0.00517911565807
207 -12.4106916007 -28.2974718397 103.41038532 0.00482033460652
208 -12.6852788442 -27.4894606779 103.124367322 0.00310524823218
209 -12.9380847955 -26.626947722 103.122865978 0.0088915405452
210 -13.4089151543 -25.8659561302 103.090051754 0.00434818094768
211 -14.2042528319 -25.6201681032 102.764230791 0.00526134189944
212 -15.0477086629 -25.3412939863 102.687515674 0.00392089495414
213 -15.5772841127 -24.8030475817 102.215645681 0.00520142553681
214 -16.2938054198 -25.2072853802 102.549942544 0.0091911873602
215 -16.4118684408 -25.6745987932 103.291778746 0.00545478098253
216 -15.6008816082 -25.9181282522 103.53599459 0.00972810015671
217 -15.0884678138 -26.241806575 104.17000328 0.00662361808709
218 -14.8847715624 -25.4367216087 104.439393388 0.00457429422623
219 -14.8612830822 -24.5724681243 104.540461129 0.00412916184604
220 -15.0747583961 -23.7382071361 104.430329878 0.00338039250329
221 -15.0937058032 -23.4067420329 105.231691475 0.00689776627887
222 -14.7305205673 -23.6037221805 105.989586296 0.0111660258093
223 -14.0435176956 -23.8874234315 106.412802445 0.00634111922007
224 -13.3489845993 -24.1887495298 106.024291092 0.00720997088937
225 -12.5497708947 -24.4505155322 106.11127009 0.0135831714016
226 -12.2517059636 -23.7416154231 106.436843086 0.0168808595174
227 -12.5059647085 -23.6036720505 107.205519816 0.00646065801406
228 -12.2426927353 -23.6292640484 107.976436195 0.0058749539845
229 -11.5006091337 -23.5613146926 108.288219124 0.00579112232766
230 -11.1142252585 -24.0468468941 108.796162272 0.0110554254552
231 -11.3731821295 -24.3951092165 109.451790495 0.00618979697515
232 -12.1179687597 -24.3316562594 109.66425705 0.00729648343843
233 -12.8005599428 -24.5139355071 109.962640155 0.00262444642434
234 -13.4624103732 -24.8588065798 109.804503569 0.0063944399336
235 -13.5039585584 -24.9175336473 110.555620582 0.00598565114554
236 -13.8384220493 -24.7940947921 111.209145131 0.00591142162272
237 -13.6223071573 -24.9066843617 111.902011012 0.00395618056715
238 -13.2046992855 -25.4861359701 112.031931812 0.00935928918008
239 -12.5926411408 -25.1891189954 112.227788961 0.0228258791944
240 -11.9663549052 -25.3713817146 112.172086363 0.00763165457153
241 -11.4461181601 -25.6706601919 112.375087802 0.00842256239592
242 -11.2580653254 -26.0477648759 112.813859916 0.00782890620615
243 -10.9625321812 -26.4651079126 112.537003535 0.0265027174117
244 -11.4237245856 -26.5019371429 112.449824156 0.00676690401051
245 -11.4222031488 -26.8074013633 112.136591637 0.0101277720518
246 -11.2016201484 -26.9773760468 111.877949858 0.011979474652
247 -11.2827522129 -26.9127454906 112.162272386 0.00694931458671
248 -11.3488055484 -27.160207628 112.113954278 0.0194138359704
249 -11.2014294538 -27.1919709992 112.067209036 0.00660618601959
250 -11.2787513594 -27.0957921334 112.039325999 0.00914652740907
251 -11.3495555366 -27.0598475063 112.078088353 0.00842324452957
252 -11.3949418824 -27.0347900536 112.054132538 0.00954361240273
253 -11.3839145378 -27.0457676188 112.077348956 0.0038900010624
254 -11.3761623281 -27.0568366449 112.089856304 0.010645460989
255 -11.3757129557 -27.0575768488 112.08893212 0.00194085247544
