55 14.3675093558 -9.78272419931 2.46795457679 0.00215560607104
54 14.3672417688 -9.78296934347 2.46936338127 0.0118563731953
53 14.3555015435 -9.79440465355 2.45502142988 0.00703735094373
52 14.3459336773 -9.78198583542 2.41767255987 0.00645486790651
51 14.3142080594 -9.74726096591 2.37671670157 0.00751588517652
50 14.3107683521 -9.75754842047 2.46668340838 0.0130901452238
49 14.3562113921 -9.79121151772 2.3300999252 0.0097186510986
48 14.1680207984 -9.81542611616 2.38085723867 0.008468852281
47 14.0377429735 -9.77304099866 2.58043208603 0.0191405622885
46 14.3059658456 -9.70232549883 2.80907917538 0.00349947888133
45 14.4422263749 -9.82266932073 2.99062118855 0.00751992018478
44 14.729903129 -9.71764750316 3.48097861443 0.00505491125841
43 14.9345428437 -9.60691976281 4.02960153363 0.00619376399552
42 14.9751906979 -9.52023578392 4.63839956916 0.00873477656965
41 15.2319709252 -9.45111599053 5.22282735624 0.00637558895325
40 15.8105856124 -9.66454616904 5.45332631232 0.0094392589305
39 15.6658949287 -10.205799495 5.84230264371 0.0138718031338
38 15.709432783 -10.6000556186 5.2502701688 0.00623368877111
37 15.5934640571 -11.3000639416 5.10828401091 0.0187211234918
36 15.5766849464 -12.0486080313 5.20909823486 0.00963743971042
35 15.1769459623 -12.0949941737 5.86680371767 0.00488983381223
34 15.7162329381 -12.4262109716 6.31799441915 0.00766691310722
33 15.430581861 -12.9942227807 6.78235111504 0.0279715165297
32 15.8647501182 -13.6873982818 6.72423339866 0.00943945522446
31 15.0379345775 -13.6332477498 6.72425557364 0.00491787157057
30 14.4034974959 -13.2391749984 6.35509733726 0.00692563467224
29 13.9948608162 -12.5113067406 6.43438431267 0.00653886582869
28 13.5123548706 -11.820297378 6.39898160549 0.0113546113611
27 12.9915390041 -11.147093282 6.36757918438 0.0105250604786
26 12.8794500617 -10.4103128402 5.94028878488 0.00137264727516
25 12.6618395754 -9.60523875848 5.73170742626 0.00648959146731
24 12.799469284 -8.78266368505 5.95605635574 0.00600540876751
23 13.4280093497 -9.20720749907 5.53519134777 0.00830199676439
22 12.7720902825 -9.73755615175 5.31482609052 0.00533852467393
21 11.9097615603 -9.63122695784 5.21493254531 0.00540636591464
20 11.1552228355 -9.2230016152 5.11653486373 0.010367276251
19 10.5872125625 -8.81866447551 4.47336163986 0.00443905495727
18 10.3180026241 -8.17788222082 3.82704770491 0.010052214014
17 9.56324506569 -7.83125845962 3.36568497811 0.00810034126315
16 8.74533609934 -7.57538202103 2.95354205688 0.00353603798836
15 7.93709009261 -7.48944027888 2.45905995296 0.00374083078834
14 7.01287221767 -7.30916654896 2.32159481897 0.00564993453527
13 6.09877442545 -7.30394203565 2.05477550873 0.00756885427266
12 5.25202457676 -7.22081849754 1.62516766454 0.00130602422124
11 4.43013739413 -6.88586567533 1.27742884983 0.00873474660265
10 3.68021039793 -6.61999687433 0.750708512269 0.00597094086332
9 2.90677556981 -6.30315341176 0.289264090779 0.0176288746142
8 2.28748614609 -5.9734001104 -0.360894344662 0.0216106667952
7 1.63699991478 -5.56404321655 -0.933365926673 0.00297666742439
6 1.13359334455 -4.88500801306 -1.38528427906 0.00393608057129
5 0.686588509948 -4.20401430268 -1.89111604817 0.0037534311175
4 -0.072422039997 -3.88205269575 -2.38126079682 0.00852203693472
3 -0.163079312725 -2.94809534312 -2.17989768196 0.00453204373025
2 -0.495304389703 -2.11653159284 -1.83354705758 0.00528186479469
1 -0.470534007206 -1.31399103219 -1.30616136964 0.00786085392552
0 -0.335542513665 -0.650183497662 -0.624004240195 0.00425609179239
0 -0.744005794248 0.632457816756 -0.152521943504 0.0035270258136
1 -1.57739333175 1.13308817179 -0.330213162611 0.00731111239055
2 -2.45718759322 1.51855730749 -0.562526751419 0.00405326861039
3 -3.34942545503 1.81661850822 -0.865171466912 0.00355122990486
4 -4.23439297588 1.92807863729 -1.29048520413 0.00160628061136
5 -5.0687290187 1.87650736842 -1.81746817848 0.0056809547284
6 -5.87928070288 1.84334688038 -2.38163810154 0.00337128918251
7 -6.6458063711 1.65059138578 -2.97460148893 0.00444647112014
8 -7.48811029476 1.32356194956 -3.37425421059 0.00608910310351
9 -8.22931606969 0.799425890599 -3.76400346642 0.00446546042257
10 -8.85318364126 0.333547183283 -4.3720711363 0.00136749252896
11 -9.37828427839 -0.18505143138 -5.02882064766 0.00954800777309
12 -9.78631480381 -0.680930076351 -5.7794551928 0.00200571637089
13 -10.2311439646 -1.22922431502 -6.47029235416 0.00357174238042
14 -10.6349828611 -1.61076864363 -7.07970562222 0.0110971121599
15 -10.9840140594 -2.12458605482 -7.84614946442 0.01635618639
16 -11.1962725504 -2.70424266933 -8.61541948385 0.00541985173598
17 -11.171521425 -3.03196777367 -9.54536435508 0.00386531120802
18 -10.9340323467 -3.2124607983 -9.97885897855 0.00549432930159
19 -10.4065365356 -3.40273849428 -10.7899514631 0.00615218347554
20 -9.83523072125 -3.47637854036 -11.5901602811 0.00180155517072
21 -9.29872558688 -3.37758147534 -12.411448548 0.00442800191548
22 -8.8083274561 -3.27729499043 -13.2608380809 0.00680296935528
23 -8.20668730908 -3.18002575025 -14.0356438763 0.00482827756103
24 -7.68355820012 -2.85644809408 -14.8058687697 0.00407829245826
25 -7.14360283858 -2.55150918686 -15.5719962931 0.00331885527956
26 -6.60368040071 -2.28062595779 -16.3507833619 0.00304368691999
27 -5.9575944905 -2.12063490047 -17.0775916891 0.00597945166971
28 -5.4632871033 -2.08706138555 -17.9294888558 0.00412928915438
29 -4.96682926529 -1.90549347359 -18.7611245007 0.0100659108249
30 -4.42606130538 -1.64271306958 -19.5416531719 0.00648677570861
31 -3.8626132367 -1.29442962705 -20.270826913 0.00337991291221
32 -3.32197698359 -0.98956010552 -21.0357838501 0.00487940426487
33 -2.74245821299 -0.781753661961 -21.8046904879 0.00194955702106
34 -2.09959686826 -0.694115772791 -22.545776749 0.00433785800001
35 -1.47971840799 -0.310227317052 -23.2078534325 0.0036615042746
36 -0.99583161168 -0.0357746101439 -24.0205612961 0.0070176741795
37 -0.508720495513 0.204654075123 -24.8419408469 0.00250701537904
38 -0.21947371451 0.683464299641 -25.6523322588 0.00835757885759
39 -0.0541092313317 0.981355279168 -26.5761316584 0.00598851319311
40 0.0858058655265 1.20823397626 -27.5239010584 0.00315712620575
41 0.0855575763885 1.35981146557 -28.4966613377 0.00650481492832
42 0.035568694873 1.51363013792 -29.467671362 0.0038306237687
43 0.0481362180701 1.84374152062 -30.3948789014 0.00347494887363
44 0.417968942624 2.21799283029 -31.2266211954 0.00556985686767
45 0.740500883681 2.62381496588 -32.0631201073 0.00403142152353
46 1.03613920738 3.16814186821 -32.8276801105 0.00461039895946
47 1.54058152444 3.71225254401 -33.473801988 0.0033843585968
48 2.23175320775 4.1624985114 -34.0098619573 0.00591765794646
49 2.95106827862 4.70750365477 -34.4011022067 0.00252274189262
50 3.57866939795 5.32948999323 -34.8331805456 0.00531767999187
51 4.23636343347 6.01369465803 -35.0910248461 0.00402822237441
52 4.797617432 6.76958316883 -35.3750465178 0.00951603660019
53 5.10491145395 7.62123047246 -35.7584455163 0.00234698602751
54 5.33948195302 8.50670717224 -36.1155677052 0.0108020180656
55 5.43041218422 9.40773127601 -36.4978213358 0.00681294009268
56 5.62392550231 10.0494356724 -37.2168171727 0.0040686916149
57 5.73075663727 10.7499637991 -37.8978796048 0.00626429043478
58 5.75841816295 11.5255995719 -38.5006386819 0.00583671885488
59 5.51821638819 12.3780995964 -38.9259638069 0.00639950696115
60 5.2552182809 13.2104021173 -39.3767589463 0.00696663803864
61 4.81339007992 14.0177823366 -39.7198364953 0.00379959898761
62 4.21855301575 14.7062442991 -40.089731111 0.00423259168074
63 3.58190361087 15.3673888085 -40.4390369118 0.00275997691317
64 3.03841222538 16.0217088219 -40.9298424099 0.00252676045676
65 2.32185598876 16.425490538 -41.466348451 0.0078486297301
66 1.63010905736 16.7428276129 -42.0867070783 0.0031207972269
67 0.877345654945 16.9808858552 -42.6702966096 0.00368523710918
68 0.0276119575312 17.3201773443 -43.0258844515 0.00372417302674
69 -0.91680031446 17.4414721885 -43.2641631708 0.00304349266399
70 -1.84867963041 17.1428558531 -43.3394487917 0.00910450683133
71 -2.66095498352 16.6144584984 -43.4938952559 0.00342332470012
72 -3.44423795176 16.0848458 -43.7560078242 0.00530236708524
73 -4.13779345256 15.4171733033 -43.9448439954 0.0050615519395
74 -4.69498210324 15.107889763 -44.690805835 0.00226750859901
75 -5.24286645582 14.7326479532 -45.4129312475 0.0183348844581
76 -5.76058001379 14.4234305403 -46.1862408986 0.006223622444
77 -6.30306341219 14.1126996553 -46.9415521441 0.00217978237847
78 -6.92224426757 13.8831897812 -47.6662192308 0.00507769760263
79 -7.64194810681 13.6002249292 -48.2685515047 0.00804833734585
80 -8.29561413142 13.3916657015 -48.9683826673 0.000979573232418
81 -9.03378334924 13.3178307602 -49.6087664326 0.00331404014478
82 -9.8097656493 13.1151137694 -50.1717631778 0.00264217326411
83 -10.5145954508 12.6296524374 -50.648791751 0.00532241950645
84 -11.0801062178 11.8671656144 -50.890533005 0.00330366963205
85 -11.7350872179 11.1405366284 -50.9398249614 0.00606196724246
86 -12.1876977541 10.2839065636 -51.0828216039 0.00344354922995
87 -12.3468120227 9.32151044742 -51.1688864048 0.00527186726548
88 -12.2237948985 8.35076369148 -51.2030434983 0.00557803505897
89 -12.3933381958 7.38744177431 -51.2432788729 0.0038066380537
90 -12.5740246568 6.52021119279 -51.6598557156 0.00378492047035
91 -12.5813740026 5.67148854421 -52.1474323552 0.00355243593331
92 -12.5183715032 4.75606581634 -52.4878222018 0.00389204406966
93 -12.4396697504 3.87152389207 -52.8989796545 0.0032314433378
94 -12.4147290701 2.96240216221 -53.2599887514 0.00512055571208
95 -12.386191783 2.03378750081 -53.566583022 0.00315325239375
96 -12.3133492974 1.8080008879 -53.7017689453 0.00121410865099
97 -12.1468171683 1.06292326022 -54.3084583085 0.00377906258491
98 -11.8784498595 0.428755045903 -54.9988076679 0.00597237358841
99 -11.3548202721 -0.269349680805 -55.433045299 0.00251045688045
100 -10.8615649422 -0.951854158679 -55.9238116648 0.00460272215437
101 -10.1719151144 -1.48315468269 -56.3616367436 0.00300418769576
102 -9.67886378867 -1.7743743818 -57.1502019362 0.00613128342927
103 -9.08452065101 -2.04124552573 -57.8745933957 0.00265645990751
104 -8.33571026119 -2.32212648072 -58.4306575593 0.00517793582223
105 -7.46981916117 -2.55360909222 -58.811354114 0.00396589591814
106 -6.67743251979 -1.9941380134 -58.8948408899 0.0144206134809
107 -5.76666922507 -1.65657122724 -58.9521110045 0.00746840913489
108 -4.95531023915 -1.12009037915 -58.9507982649 0.0116731988568
109 -4.40337741124 -0.339058615249 -59.1255640966 0.00471989398617
110 -3.8748078797 0.360931298786 -59.5445540664 0.00579699813157
111 -3.49956391391 1.0922357716 -60.0631161481 0.00316627610905
112 -3.02957257839 1.92177570195 -60.2501890789 0.0044916747204
113 -2.73100447047 2.68415067577 -60.7731671658 0.00415968927476
114 -2.40334387799 3.51671873491 -61.1511118417 0.0205903601889
115 -2.13485844863 4.18730070452 -61.7992023887 0.00284628524826
116 -1.78373215377 4.88163120734 -62.3789025569 0.00403948090567
117 -1.81528386922 5.48249454372 -63.1400016392 0.00305230695179
118 -1.8235825569 5.94563389055 -63.9924094485 0.00152661851997
119 -1.9870342545 6.13804517288 -64.9291254208 0.00695339563997
120 -1.58542652762 6.6313355176 -65.660927193 0.00547230223051
121 -0.998466660287 6.93927282258 -66.3682031531 0.00564683569998
122 -0.362172210096 7.33993244913 -66.9793450535 0.0197048489491
123 0.438440677682 7.75210243589 -67.3339324812 0.00350302865022
124 1.19136950406 8.21537640934 -67.7272908975 0.0038305753986
125 2.00846558933 8.59733882579 -68.0769567626 0.00357559796462
126 2.63896278115 9.03108693627 -68.6685691726 0.00547347588013
127 3.02392898743 9.38378271518 -69.4827085153 0.00340684393697
128 3.25285625237 9.58145523475 -70.4012723265 0.00458547365375
129 4.07753962332 9.21842115262 -70.0519569374 0.00696790050857
130 4.87253261998 9.04835560678 -69.5300818464 0.0045848659871
131 5.36416444795 9.25347560512 -68.7242201636 0.00279251058469
132 5.87317324803 9.32526616668 -67.9065153158 0.00216392842295
133 6.17783274944 9.62456617692 -67.0403010767 0.00392069642112
134 6.35321640117 10.0044761204 -66.1701416611 0.003018028948
135 6.72554098859 10.5102780695 -65.4372101017 0.00224902227725
136 6.87103449093 11.3577443642 -64.999483607 0.0115130153951
137 7.33898083587 11.8921698608 -64.3473811208 0.00497146493816
138 7.62782829485 12.6222225211 -63.7882332226 0.00450633587041
139 7.76036642858 13.5172531863 -63.4572003904 0.00670472650363
140 7.41708982856 14.2583188938 -62.9467920537 0.0023083877298
141 6.82947388778 14.8628845418 -62.4816247011 0.00356780004992
142 5.96413201571 15.2513640961 -62.3181441532 0.00534156848747
143 5.08457398443 15.507854039 -62.0242122031 0.00385419446557
144 5.23565106971 16.3452887521 -61.5755510075 0.00352702468907
145 5.25909424054 17.252938889 -61.2586600108 0.00499552174414
146 5.28853057799 18.1688301312 -60.9682333818 0.00681293567015
147 4.94733926897 19.0052879827 -60.6410558357 0.00570940128202
148 4.69193974119 19.45240165 -60.2005552956 0.00354688543896
149 4.33306698112 19.9076118013 -59.4404327202 0.00137822382229
150 3.85370775046 20.549995119 -58.9201818895 0.00427254384808
151 3.55777570902 21.3284114021 -58.4524731057 0.00621896892581
152 3.52861017902 22.1807849356 -58.023896339 0.00245841872878
153 3.09017327073 22.9992031634 -57.8039506971 0.0057241514495
154 2.78862673417 23.8419245619 -57.4748444722 0.00324513214725
155 2.36300167256 24.6784476565 -57.3082628496 0.00392246422162
156 2.066319418 25.5656682094 -57.1273152345 0.00450983182744
157 1.55473734342 26.3338111507 -57.3624930403 0.00479661607906
158 1.18164528489 26.8534632703 -56.6571158459 0.0049619176304
159 0.874759036158 27.2932596516 -55.8707461977 0.00418486996531
160 0.771322332601 27.4830135651 -55.7063094733 0.00179399230387
161 0.67955899001 28.0683300133 -54.981553744 0.00318140814077
162 0.683868728676 28.6589191754 -54.2559872099 0.002023758355
163 0.803838809709 29.4261022885 -53.7352891855 0.00232405264263
164 0.444743071967 29.6946758562 -52.9148954851 0.00583132081585
165 0.0959460581508 29.2847048918 -52.1518407631 0.00126924389078
166 0.794975416628 28.8275151872 -51.7358406001 0.00660920050204
167 1.58166220559 28.5286179492 -51.3356232833 0.00758601069314
168 2.22683366862 28.3056076301 -50.7030217344 0.00563524152283
169 2.89032123076 28.116295551 -50.0801245954 0.00210700538389
170 2.85165629911 28.738050074 -50.7696000389 0.0028028819715
171 2.70300563715 29.2824265541 -51.5072246668 0.00817032816729
172 2.16088530948 29.5085044064 -52.224357464 0.00252873576132
173 1.68040296309 29.8876937175 -52.9197417517 0.00194055467377
174 0.837182304385 30.0273554421 -53.2748535886 0.00481123437591
175 0.391257526266 29.5746967373 -53.9468868323 0.0129976570248
176 0.196183988629 28.6870061812 -54.0977802649 0.00412902406
177 -0.0716111293377 27.8377653375 -54.3303992996 0.00256964880464
178 0.021363980258 27.1480571185 -53.7285322236 0.01580425043
179 0.0962216271717 26.3263074863 -53.3314391872 0.00345337172037
180 0.0230493360504 25.717408819 -52.6521298536 0.00468327302138
181 -0.146897567772 25.1148514724 -51.9864114708 0.00494301061086
182 0.161641935181 24.2616255368 -51.8954737457 0.00619886920292
183 0.825048616 23.6389608202 -51.879125334 0.00560939937777
184 1.48937603983 23.3154485485 -51.8980409204 0.00314731969045
185 2.3639139427 23.2515248539 -52.0518914127 0.00282495220542
186 3.00153445654 23.73464257 -52.440309426 0.00566042856024
187 3.64725999858 24.1987526809 -52.0477050911 0.00499507088809
188 4.13958377389 24.8869391076 -51.7902350473 0.00454853229441
189 4.6142099232 25.5988702817 -52.0056014237 0.0057117298797
190 4.70990243843 26.450895216 -51.8092477743 0.0070591695496
191 4.90233273326 26.9839919322 -51.1402681873 0.00467227246568
192 5.21411408877 27.6867462733 -50.7248590347 0.0108351515024
193 4.81316528497 28.436100461 -50.5501688995 0.0115617331224
194 4.69161492975 28.9318774517 -49.8560078034 0.00532001496642
195 5.07072555135 29.6452347063 -49.5684638956 0.00311586691706
196 5.66564915586 29.0697245042 -49.3527715099 0.00694946362508
197 6.36112748419 28.5810043746 -49.3226046568 0.00703087504046
198 5.62771015116 28.2108760818 -49.5229235419 0.00614991507068
199 5.495521135 27.4593287156 -49.1691017533 0.00549021230313
200 4.91520834342 26.9390665148 -48.8647444114 0.00435810302838
201 4.17917786662 27.3269402142 -48.8255204839 0.0106526182634
202 3.37266836819 27.1639471217 -48.859981796 0.00978250793704
203 2.93289863091 27.5458290955 -49.4299745264 0.00822586207212
204 2.48799960323 28.001419724 -49.9244556183 0.00823639588891
205 1.8885356896 28.5200442543 -49.9618032016 0.00449313847371
206 1.23785428722 28.9608321955 -49.9037115301 0.00782494368667
207 1.38865392513 29.0965301597 -49.1511696858 0.00817686736733
208 1.26967363644 29.4422605447 -48.4761856322 0.00365434795152
209 1.31058309048 29.4639429048 -47.7150173007 0.00553532198494
210 1.24192012693 29.4821561278 -46.96439985 0.00993862519108
211 1.47485047011 30.10934641 -46.6573994512 0.00691426428839
212 1.66898374882 30.6319623738 -46.1954309502 0.0107891652848
213 1.98462928351 31.1478326947 -46.5527501889 0.00595955443736
214 1.67243728778 31.7618456188 -46.5340899426 0.0105514722517
215 1.68077459197 32.0782350149 -45.9493380233 0.00535975606395
216 2.08937503163 31.9435876449 -45.4614254449 0.021389639544
217 2.62626431174 31.789984036 -45.2917227165 0.00856607551445
218 3.15899230937 31.6811944016 -45.3864744531 0.0102597682231
219 3.50879372195 32.0340687708 -45.4989536548 0.0141599923965
220 3.8431739107 32.0985707554 -45.7810251637 0.0103269080771
221 3.97128327307 32.3529956867 -46.0400071191 0.00369058924118
222 4.17374774425 32.2061034225 -46.2995960814 0.0205990095743
223 4.02807802412 32.0251606929 -46.265961684 0.00523005136331
224 4.17322136733 31.9207265424 -46.1625371922 0.0138886842596
225 4.29098788775 31.9835167351 -46.194159277 0.0155250641141
226 4.33451380311 31.9524007599 -46.2434253332 0.00751449462681
227 4.37856977504 31.9664413395 -46.2458868621 0.00726834119187
228 4.39544265971 31.9664495968 -46.2266328065 0.00761580718726
229 4.38951272631 31.9633404063 -46.2327625017 0.00794339956035
