69 -0.455636640738 14.7553843552 6.04037856421 0.00403984458568
68 -0.45328893329 14.7542033943 6.03824255085 0.0101096469582
67 -0.451376556697 14.7460901152 6.05872298148 0.0154829099752
66 -0.499075638168 14.7831484774 6.09430200963 0.0128666438679
65 -0.402291982347 14.8467530612 6.05752672935 0.00668502639486
64 -0.327542692488 14.7567320601 6.15604007914 0.012723192347
63 -0.281467494075 14.5961337999 6.01590192712 0.0270270183802
62 -0.421101988184 14.4435555008 6.33806010898 0.00901717038459
61 -0.68518933126 14.1027192116 6.29295815152 0.0185205856109
60 -0.59817112136 13.7176751305 6.6338579739 0.00999339124931
59 -0.812777471851 14.1414049867 6.93345333168 0.0106184920685
58 -1.11245324178 14.1403234785 6.41381296946 0.00744486537329
57 -1.4235454873 14.2943358911 5.89588014809 0.00738594196174
56 -1.29697423622 13.7283071012 5.61532873165 0.00665439544251
55 -1.13820162402 13.2445452708 6.03906472819 0.00753523678415
54 -1.43560034123 12.9888440695 6.59621949933 0.00470624195815
53 -1.33233843109 12.5354290932 6.08379328813 0.00947969244117
52 -1.06354210759 11.9145878631 5.86413528499 0.0146686209861
51 -0.740071931745 11.2799422732 5.6696976323 0.00771863017605
50 -0.399300639167 10.6152065335 5.59129329862 0.00798759547899
49 -0.524528735596 9.92237263001 5.88708582982 0.00419971943318
48 -0.616310674208 9.36925524312 6.41532445567 0.00523750591551
47 -0.927104639596 8.73308960007 6.73573877651 0.00785659479996
46 -1.63825149041 8.49776312313 6.97811372196 0.00585338098923
45 -2.39798145741 8.58345032038 6.76229446541 0.0110268174231
44 -2.79324119846 8.81147076665 6.09263070002 0.00512416517906
43 -3.1028691027 9.49871936851 5.78348095506 0.00350671666242
42 -3.37416065773 10.2540366462 5.62538827747 0.0191558845644
41 -2.64147227895 10.56351693 5.8801283262 0.010197517517
40 -2.32800647458 10.5747628654 6.66410050548 0.00567803490253
39 -1.74064138515 10.4741052296 7.26747087241 0.00716700344032
38 -1.34934929358 9.87590584365 7.73252187711 0.00518113623436
37 -1.06937653391 9.0764354517 7.61035708348 0.0136917627576
36 -0.962940420921 8.22677056301 7.49231169019 0.0029229173456
35 -1.17276299982 7.49851871498 7.91222919749 0.00510058925704
34 -1.44981985209 6.95109048889 8.52865898755 0.0162309764032
33 -1.14314664138 6.28360840388 9.00966181259 0.00818567721655
32 -0.479766781981 5.84253683703 9.38789342945 0.00389613934342
31 -0.361741477274 4.98782709977 9.5779060115 0.00392147631668
30 -0.109691638933 4.65779442549 10.3608544712 0.00387713822336
29 -0.088918712358 4.31244937932 11.1787568193 0.0156368758213
28 -0.680983625528 4.06100358884 11.7997393342 0.00505907163129
27 -1.19252532292 4.0565112631 12.5357118893 0.00523022963349
26 -1.64231330416 4.25928484321 13.2863909824 0.00969443847619
25 -2.099829702 4.93514201803 13.6684755756 0.00731824109534
24 -1.94928843357 5.75147654952 13.3113590964 0.00549491580849
23 -2.06340288418 6.5857234549 12.9783885339 0.00444680875817
22 -2.28014425931 7.35845129536 12.5558263159 0.0053955161338
21 -2.52310924593 7.9974494487 11.9567936715 0.00540756682626
20 -2.66227321411 8.83261440926 11.622590746 0.00478987985585
19 -2.58258369417 9.27385833216 10.8279756092 0.00294648374831
18 -2.25606108524 9.11849377506 9.9892628709 0.00374705874494
17 -2.20909693593 8.87149178847 9.11000610876 0.00440459721862
16 -2.34169079717 8.24408853639 8.45695542435 0.00402261656263
15 -2.95204449654 7.67512195683 8.07913116682 0.00366467906113
14 -3.5164303678 6.96890454405 7.92668681843 0.00448031416529
13 -3.34961166094 6.48025961951 7.16682839905 0.00414453087039
12 -3.40915669542 6.2255692981 6.28479444108 0.00422053161645
11 -3.73420980617 5.50806595705 5.80880712716 0.00301311966887
10 -3.65062266764 4.90484295858 5.1173500908 0.00990728867361
9 -3.54260838197 4.19826645088 4.53248300351 0.0035455630301
8 -3.58136471128 3.29788578637 4.328469101 0.00234239072591
7 -3.78847326464 2.54317031924 3.83577338834 0.00558887159597
6 -4.02986519878 1.97093602424 3.14852455361 0.00400988432562
5 -3.64539583986 2.35471381972 2.39703717193 0.00665164944074
4 -2.86837379972 2.65425131393 1.98706191208 0.00501729505083
3 -2.22461008443 2.48965167899 1.3370682677 0.00388107660935
2 -1.49462294312 2.13466981707 0.883077766258 0.00486907261164
1 -0.83809576422 1.51443287757 0.657839625284 0.00607529034073
0 -0.442618116167 0.703070800696 0.425634740544 0.00719723926923
0 0.971367455251 0.181000299981 0.0690751336552 0.00294978359194
1 1.93556566167 0.400470889213 0.125611660131 0.00442579496005
2 2.90658848826 0.532118995716 -0.0184836685878 0.0059560447567
3 3.87395473549 0.743875718705 -0.0340888627277 0.00581185461828
4 4.80628248771 1.05250610228 0.093619417246 0.00535847145937
5 5.76926731661 1.24049622692 -0.0406718155187 0.00327640437699
6 6.69576262079 1.58814314674 -0.00318223742897 0.00427512721028
7 7.54656321262 2.07111757254 0.150021477783 0.00320069791892
8 8.39065346524 2.57402874445 0.273049623436 0.00377840665644
9 9.32545284754 2.90007904534 0.290945770416 0.00480979822416
10 9.79703735209 3.14930308696 0.289853157343 0.00141353943842
11 10.5969885357 3.71818712913 0.398667089256 0.000841242092825
12 11.3363181908 4.35495139248 0.55130987191 0.00926036459227
13 11.9408261746 5.13490395486 0.513935449768 0.00832503091943
14 12.36436226 6.02685093997 0.515976514213 0.00509955675913
15 12.6003794434 6.98166184164 0.602408767642 0.00214188628267
16 12.8055188683 7.90961323979 0.870063609485 0.00432376138898
17 12.847616156 8.84309901461 1.18874303484 0.00676117715038
18 12.8752650919 9.76613031164 1.53776843829 0.0135299928106
19 12.7327163955 10.4640137236 2.22116410869 0.00524193629946
20 12.5930296237 11.0221303065 3.02324476725 0.00293511570825
21 12.3668937759 11.6760410446 3.72713708798 0.00626619018569
22 11.6981438825 12.3068566444 4.08591922305 0.00474483271324
23 11.0011636301 12.870367292 4.49877734917 0.00266600696792
24 10.2439672199 13.3965618531 4.85014758206 0.0038691877115
25 9.39644388149 13.7031226451 5.2518073657 0.00533790832011
26 8.52956305093 13.9938894473 5.62252178363 0.0065619645836
27 7.65408585051 14.173004544 6.04056493548 0.00475149694165
28 6.77478206862 14.3206264421 6.46271620956 0.00419334154086
29 5.99530540703 14.3948541356 7.06276504526 0.00585701339857
30 5.12424956083 14.342503906 7.52259972517 0.00372172468254
31 4.19656598531 14.3621479316 7.85696056522 0.00475749855099
32 3.29059416532 14.4416369056 8.23848797536 0.0038362160711
33 2.36985155768 14.2944555359 8.55959919827 0.00196258846331
34 1.47069310668 14.0584489863 8.88869684576 0.00234610198228
35 0.689909391221 13.6296517364 9.31174397425 0.0114419938838
36 -0.0780100718455 13.2792322954 9.82133734661 0.00156139039566
37 -0.912689139249 12.9373065852 10.219438598 0.00242039473213
38 -1.53400803844 12.7442899776 10.7371824147 0.00315419564954
39 -2.33491807337 12.6862577221 11.3005794678 0.00450108791059
40 -2.88591288131 13.0821475826 12.008979957 0.00342026985587
41 -3.56644455423 13.4200858734 12.6291363776 0.00512572618469
42 -4.20584708199 13.7983767969 13.2692593109 0.00492620586741
43 -5.05823253066 14.2170252998 13.5129854472 0.00463199643836
44 -5.93856571032 14.6428325632 13.5813441201 0.00334499753595
45 -6.7612825749 15.1752041059 13.5584462542 0.00274923745873
46 -7.59092564407 15.6958263294 13.5221341011 0.00347264047996
47 -8.45546408086 16.1574138816 13.5185076974 0.00342969283375
48 -9.35210127515 16.5352343387 13.6352842251 0.00390741301605
49 -10.3096869754 16.7234241601 13.7233729961 0.00187408034137
50 -11.2618253997 16.599469869 13.9186691651 0.00373821726594
51 -12.1661841881 16.5744889191 14.2947915519 0.000893793871924
52 -13.0616924227 16.5368533334 14.6904820756 0.0035382179122
53 -13.9151056357 16.4161462658 15.1562088107 0.0012469006418
54 -14.7115370026 16.0880263388 15.6228536959 0.00214163899173
55 -15.5409721529 15.7112208133 15.9828638404 0.00629915362301
56 -14.9741175997 16.3954293127 15.5708061732 0.00695376762808
57 -14.6297225183 17.1703266244 15.0810401164 0.00693232303845
58 -14.3927070284 18.0215896489 14.6594845273 0.00512038236317
59 -14.4482541306 18.5908213409 14.1985937772 0.00193827449945
60 -14.4934135379 19.4578269708 13.7488519508 0.00421448325693
61 -14.5317038356 20.4323630107 13.6823706987 0.00343024403936
62 -14.6478981731 21.3949513896 13.5585437321 0.00346308766312
63 -14.9426224223 22.3258538693 13.5167024131 0.00335005150589
64 -15.3211005782 23.2047248456 13.3183103741 0.00386256431193
65 -15.5456420648 24.0804139211 12.9473512347 0.00520770432618
66 -15.83153991 24.9165649623 12.5305976088 0.00933357527823
67 -16.086980634 25.7683321465 12.126589545 0.00721530074213
68 -16.5083810797 26.5909332951 11.8115984119 0.00565440538006
69 -16.9957575847 27.4229082108 11.6588687887 0.00492222704101
70 -17.2836715283 28.3507074134 11.5639715973 0.00589082358568
71 -17.7092219835 29.2286350541 11.5424185019 0.00275034260118
72 -18.4317928111 29.82970729 11.2801383684 0.00281204784827
73 -18.6732062084 29.2793411647 10.5112120478 0.00437549033249
74 -18.8983577209 28.8707395703 9.65411909664 0.00366999430155
75 -19.2079099287 28.5156364607 8.79966939076 0.00210598719548
76 -19.4542205217 28.1943279356 7.91197439376 0.00574605839983
77 -19.543122974 27.8507612668 7.00334539427 0.00224626343938
78 -19.6751960587 27.5155670217 6.09692874632 0.00550030424033
79 -19.8834942065 27.1469621083 5.21846108327 0.00554502089967
80 -20.0505294783 26.7972991925 4.32379317072 0.00620517855271
81 -20.5185986394 26.6776323899 3.47723010361 0.00478990324605
82 -20.1752390862 27.111451903 2.67500171434 0.00360480017823
83 -19.7512206514 27.4013343616 1.84698363678 0.00447125534257
84 -19.3204994895 27.9753561493 1.1883024174 0.00360782838861
85 -18.7890084509 28.5676935335 0.62691194704 0.0127400519647
86 -18.3246020246 29.1512203049 0.00127764642277 0.00180977029191
87 -17.7160581908 29.5273941835 -0.658768935703 0.0169361767202
88 -17.2794890151 29.9501947591 -1.41832089268 0.00317596502705
89 -16.8260696526 30.6505866195 -1.91788913814 0.00460831827201
90 -16.4547544744 31.3670502775 -2.46026440611 0.00610003197168
91 -16.2632546096 32.1563534645 -2.99428067764 0.00341001742757
92 -16.2217966365 32.9174950769 -3.59725229621 0.00342082403708
93 -15.9372799275 33.7110199339 -4.08055431181 0.00495010139087
94 -15.7771938035 34.4263613987 -4.71821359038 0.00240055004693
95 -15.6823903045 35.2821306758 -5.16789522573 0.00166273776846
96 -15.8315183138 36.0483427245 -5.74599931464 0.00507341794814
97 -16.1798085563 36.875151895 -6.11743288317 0.0143780147446
98 -16.697389341 37.6192682325 -5.77108789821 0.0054958940605
99 -17.3640462366 38.2699246497 -5.50051941064 0.0046388044282
100 -18.1250024527 38.800974805 -5.21857930016 0.00731509056597
101 -18.9746771613 39.228420114 -5.03109115725 0.00376796254202
102 -19.8083116511 39.7060358847 -4.90319664727 0.00350944949097
103 -20.5738999505 40.2568872599 -4.6806087785 0.00417090109287
104 -21.3545618175 40.7049325589 -4.3220043371 0.00461128149999
105 -22.1835432176 40.8998610289 -3.86027744719 0.00703416884291
106 -23.0600680392 41.0473308362 -3.47613375898 0.00268187179531
107 -23.871928073 41.4207294801 -3.10360381189 0.00518220522637
108 -24.7803843015 41.6251983472 -2.83977934754 0.00409643274574
109 -25.6956935559 41.3463960668 -2.69592853455 0.00772463689896
110 -26.1420581797 40.5374053609 -2.41002806322 0.0133303155692
111 -27.042614756 40.2100144821 -2.53533520017 0.0039248095678
112 -27.9338216708 39.8933263495 -2.73263208648 0.00723431421563
113 -28.7202280174 39.4104958544 -3.01744228962 0.00383238082746
114 -29.5600497023 38.9990912631 -3.25753587564 0.00528317816799
115 -30.1166718235 38.2897663847 -3.60202107489 0.00433045485574
116 -30.7263107306 37.5902152785 -3.8666503028 0.00279327926732
117 -31.4369143239 36.9838656403 -4.10766356778 0.00391977476594
118 -31.0771593744 36.1135456893 -4.31580593912 0.00415637633252
119 -30.6615773918 35.2688450724 -4.10734169097 0.00333797980017
120 -31.3666966371 34.6838536308 -3.80749010343 0.00463333501479
121 -32.0723122741 34.0474019111 -3.64722191598 0.00438508252218
122 -32.6288876188 33.2871764794 -3.44627093358 0.0034505003911
123 -33.1841521124 32.5090013813 -3.56349036613 0.00297990436856
124 -33.4720685328 31.5975162042 -3.6797654405 0.00283096853
125 -33.6276804883 30.7368548617 -4.08234917386 0.00115713986057
126 -33.8525131044 29.8306102543 -4.31667800947 0.00557285721404
127 -33.8866009083 28.9679053086 -4.74178854862 0.00120955704196
128 -33.886605307 28.1380343913 -5.22898525992 0.00350305061866
129 -33.9631649903 27.2328141015 -5.54538124723 0.00424366126569
130 -33.8974140003 26.2899831267 -5.72274829612 0.00852136904579
131 -33.9133308741 25.3372764436 -5.84754893469 0.00428846642338
132 -33.7764096208 24.4299441881 -6.13205041089 0.00871388773765
133 -33.5848924125 23.5153119429 -6.35199547856 0.00369654726757
134 -33.5845675054 22.6518263815 -6.7710534526 0.00352569373131
135 -33.5853887532 21.9091762805 -7.37884286611 0.00422255080597
136 -33.6044944755 21.0913858821 -7.87982428734 0.00470790540223
137 -33.5973265444 20.3354738634 -8.46979823999 0.0203761755662
138 -33.6597881164 19.7089107491 -9.19088599288 0.00406774285425
139 -33.6603327508 19.0475640281 -9.8824962631 0.00726375212906
140 -33.9432882863 18.2027555809 -10.2291587588 0.01060977859
141 -33.7834884246 17.3023643508 -10.5043722972 0.0110261997221
142 -34.6947358272 17.3640763528 -10.2291244118 0.00386927593883
143 -35.6214888925 17.1933820165 -10.0838084712 0.00499160382455
144 -36.411114965 16.6665246557 -9.99983418244 0.00602835931918
145 -36.037450354 17.4726025699 -10.3429616353 0.00510774162255
146 -35.7985413487 18.3670144792 -10.5641919933 0.00226734893567
147 -36.1353219609 19.1761432015 -10.193301358 0.00613305252364
148 -36.6480853365 19.7901903962 -9.67888248731 0.00641943780881
149 -37.1340943522 20.5693018282 -9.43452589099 0.00738384997973
150 -37.4568057714 21.2507036828 -9.8693789558 0.00363638111709
151 -37.4982538953 22.0986093493 -10.2355521561 0.0033643003794
152 -37.8576748655 22.8954826204 -10.5339480215 0.0048330283526
153 -38.3322588929 23.5239702339 -11.0148407109 0.00336522372866
154 -38.3994673497 23.7753722607 -11.9000338861 0.00271091430183
155 -38.1412770792 24.3039077867 -12.6095645801 0.00427737852119
156 -37.6713438948 25.0615769304 -12.8366519545 0.00446906229023
157 -37.3133156927 25.9064192035 -12.7882026251 0.00612675279545
158 -37.2760624595 26.8098514826 -12.6337392916 0.00206432575406
159 -37.187076298 27.1545472838 -12.525542308 0.00105425416841
160 -36.892807359 27.963403252 -12.2400315245 0.00565259422574
161 -36.4806278503 28.7596478452 -12.1177304137 0.0042596641743
162 -35.8812897615 29.3626157971 -11.8116022979 0.00296022215303
163 -35.5450181996 30.1391537744 -11.4976082883 0.0043124347394
164 -35.8741089714 30.9743087201 -11.4205408116 0.0294257659071
165 -36.3920098057 31.611073467 -11.0769330017 0.00663040242026
166 -36.5052054796 31.6614783176 -11.0281670017 0.000816988295763
167 -37.1453405689 32.1289236941 -10.6963533737 0.00141863610014
168 -37.4561981428 32.6838795922 -10.1193077317 0.00988681139411
169 -38.1207463143 32.7701106143 -9.59288592087 0.00954745367168
170 -38.1940602925 32.3786209298 -8.84658978216 0.00387061458753
171 -38.4485278994 31.6023930342 -8.64280724912 0.00895994695388
172 -37.8658302293 31.1559173471 -8.24480274534 0.0031026876286
173 -37.0393256654 31.1952302255 -8.33280351383 0.0090094565838
174 -36.2782609328 31.0696202166 -8.62360348283 0.0273007951166
175 -36.8318357455 31.2053784991 -8.07100205163 0.00505054636861
176 -37.4379085823 31.6593285713 -8.28547041942 0.0173979158502
177 -37.1973445485 32.3824393505 -8.32237444946 0.0114157232011
178 -36.7331313459 32.7103494888 -8.8050585233 0.00987746822598
179 -36.5067328853 32.9602322331 -9.45150413017 0.0173538320526
180 -37.1086072623 32.640983735 -9.57926864399 0.00442387013369
181 -37.5399963544 32.1987600892 -9.28710585148 0.00817799826059
182 -38.1182516552 31.9844855038 -9.04259290859 0.0148874362154
183 -38.3489098384 32.4473411878 -8.69691461388 0.0114855616174
184 -38.4607831624 33.0145745237 -8.77980716894 0.0113021121248
185 -38.8993353903 33.2125858811 -8.53061882404 0.0158444410104
186 -39.088572826 33.3574282401 -8.93819009193 0.00928329593514
187 -39.4471394179 33.2338868556 -9.13043456661 0.0135233860173
188 -39.4206329171 33.0696301772 -9.4295367963 0.0222581259903
189 -39.570839698 33.2076204793 -9.4819750607 0.00693563437125
190 -39.5743319015 33.0964381861 -9.61666186034 0.0039614683124
191 -39.4727467999 33.1364032497 -9.72682338376 0.00548674876821
192 -39.4090619186 33.0964448235 -9.62189504374 0.00777699596103
193 -39.3620306025 33.113856762 -9.70355691368 0.00688865734299
194 -39.4285731854 33.1318250965 -9.71252309437 0.00265084416563
195 -39.3713142816 33.1145679379 -9.70868456033 0.0114334798816
196 -39.3668257409 33.1060659394 -9.73194278158 0.00865883173564
197 -39.3710550099 33.1016208033 -9.7354935669 0.0067279431546
