128 20.7569633302 -3.08930488341 -29.1671831045 0.00493324970178
127 20.7540644666 -3.08964568609 -29.1636824108 0.00849237695504
126 20.7510375015 -3.10792498406 -29.172152415 0.00675441207201
125 20.7869864197 -3.0961229376 -29.1729420654 0.0110193762254
124 20.7413300715 -3.12523726011 -29.2261811447 0.00883371249784
123 20.6814152631 -3.06451476089 -29.2966504539 0.00737849523214
122 20.5535836678 -3.12431833864 -29.3274629053 0.0121459071018
121 20.4475614237 -3.05526086988 -29.1654536803 0.00399888862376
120 20.6134053793 -3.09839543597 -29.3143015154 0.0120533655147
119 20.4937046085 -2.83629520396 -29.3842361064 0.0103113550041
118 20.8257338186 -2.91783275938 -29.5047638026 0.0105256921785
117 20.5261124845 -3.15280654121 -29.3138753991 0.0181909216646
116 20.8476549091 -3.05583938889 -29.7027128989 0.0092947423753
115 21.2142919914 -3.11645685113 -30.1110813276 0.0107776488266
114 20.8065590434 -2.99440031593 -30.5218449938 0.00906299218341
113 20.424988095 -2.54893444769 -30.3196821757 0.00997974416682
112 20.3147342533 -2.21511223444 -29.7728522729 0.00903323466088
111 19.863861329 -2.4553962161 -29.3347537724 0.00620981533075
110 19.9605122089 -1.9721593394 -28.8549695508 0.00215350011932
109 20.5443351743 -1.93495565221 -28.4703420281 0.00713195493583
108 21.1651117125 -2.16972579498 -27.8921014923 0.00507727530949
107 21.9728770966 -2.51213669127 -27.8005357607 0.00493778048252
106 21.7933032021 -2.75259505953 -26.9673739854 0.00224939901124
105 21.9709545763 -2.54706954825 -26.1234150806 0.00160831117984
104 21.8278256889 -2.98089577702 -25.3629956191 0.00357827516376
103 21.5708206002 -3.77027525017 -25.0481865387 0.0106888236828
102 21.4946683745 -4.51566774491 -24.5631857148 0.00363719601854
101 21.1910604488 -5.14082975176 -24.0006400123 0.00406775596106
100 20.6786214197 -5.51511970315 -23.3683032731 0.00510473117997
99 20.1754963358 -5.87163152745 -22.7157387577 0.00745699293324
98 19.7376664531 -6.59368164569 -22.4042711831 0.00422324393297
97 19.0734276389 -7.15816714171 -22.1745347981 0.0025825638353
96 18.6040980926 -7.46775653908 -21.4678921974 0.00286769747609
95 18.3727154115 -7.9858494444 -20.7641501927 0.0068986571125
94 18.1931087285 -8.07343662129 -19.8797463113 0.00274988902535
93 18.06497752 -8.65994875356 -19.1997095229 0.0039911183621
92 17.6402075982 -9.27814005693 -18.6878054283 0.0063733665529
91 16.9776709227 -9.80640762028 -18.3564515213 0.00463318581315
90 16.1610867607 -10.0712974488 -18.0509592131 0.0214044230567
89 15.2786157878 -10.1309255247 -17.8084048614 0.0032624018459
88 15.0615356065 -10.883152955 -17.3286709549 0.00718317801189
87 14.6019711348 -11.5933059669 -16.9671319331 0.00355072823319
86 14.2493329592 -12.2698464883 -16.4512897994 0.00513608903572
85 13.6358797889 -12.6869918448 -15.9034068999 0.0080605252538
84 12.9220694111 -13.1542129686 -15.5487830572 0.00890583212244
83 12.0867012747 -13.5287383948 -15.4112569623 0.00525080386001
82 11.1792948677 -13.6020437988 -15.2369336502 0.0114832718499
81 10.7866886958 -13.6622426429 -14.3959548238 0.00520056996326
80 10.5009998127 -13.5599279289 -13.5156280737 0.00454493087202
79 10.0024592239 -13.3560026802 -12.7552628712 0.00736468389709
78 9.39033198348 -13.2402905406 -12.0605831744 0.0249690306084
77 8.94828280866 -13.0088901368 -11.2667506494 0.00372956624081
76 8.60124072259 -12.406647155 -10.6369223991 0.00352915581314
75 8.41972467738 -11.7657982556 -9.97561258387 0.0019886714774
74 8.5213552453 -11.2017544202 -9.23176564477 0.00408519392917
73 8.77561771556 -10.5778223428 -8.57692738395 0.00683683895691
72 9.15709446286 -9.98336051007 -7.95584664224 0.00418208228492
71 8.43370945632 -10.4991817905 -7.64610222113 0.00585845939133
70 7.66254155793 -10.9286307184 -7.31773583625 0.0289285712629
69 6.87699519337 -11.3639284283 -7.02131992958 0.00154673763492
68 6.03821937467 -11.7696793772 -6.85845738168 0.00210713358325
67 5.20656816471 -12.0914169974 -6.5419419309 0.00564719443292
66 4.37214480694 -12.1519781746 -6.09817906246 0.00628392465085
65 3.50470060425 -12.1825949629 -5.71760045307 0.00253751083398
64 2.7341826268 -12.0189231194 -5.18981679501 0.00477630412178
63 2.02755432241 -11.5060579442 -4.81895615756 0.0047566802779
62 1.47510989672 -11.1920506954 -4.11344750874 0.00669410537169
61 1.18398337821 -10.839455156 -3.28024392867 0.00325621901765
60 0.3811943068 -10.5913621186 -2.83618855314 0.00275272176852
59 -0.41632196367 -10.6011399881 -2.31872092154 0.00197036538216
58 -1.20220488961 -10.549848353 -1.78571357923 0.00410438908075
57 -1.73413945421 -10.7315184103 -1.01778658374 0.00561606030364
56 -2.0469290779 -11.0474383981 -0.175555787865 0.00467454299286
55 -2.20411020986 -11.2603915252 0.739904856016 0.00958639346275
54 -2.3382359717 -11.3742905333 1.67749649316 0.00731917042877
53 -2.84276529934 -11.2107451534 2.47106260077 0.00444910158964
52 -3.3047657131 -10.7030229437 3.13465885112 0.00503351882571
51 -3.66042858275 -9.94782387932 3.59871991927 0.0033295027689
50 -3.99495028437 -9.22586358544 4.12762159439 0.00248893425557
49 -4.1002959059 -8.31272710643 4.38856214298 0.00741777712148
48 -3.9978810148 -7.36296808017 4.42961781417 0.00801817193937
47 -4.06821727883 -6.43949692025 4.18893869719 0.0106845651342
46 -3.99113193286 -5.63895199354 3.6684291501 0.00497909673565
45 -3.86913931213 -4.78545900111 3.24999658343 0.00937748255661
44 -3.90682512813 -3.85590115031 3.01709909765 0.00358315061809
43 -3.49546774317 -2.98929840219 3.01988802407 0.0149428626239
42 -3.0226250558 -2.15409109012 2.98344224524 0.00752665132105
41 -2.29753719398 -1.53327602221 2.87196666542 0.00189254175453
40 -1.61033528155 -0.915677544781 3.13703651499 0.00765573498774
39 -0.872920331722 -0.392370903409 3.4648089007 0.00393318917756
38 -0.187735438911 0.238181094896 3.70662591965 0.00439079462205
37 0.733040148272 0.517670561839 3.71832522958 0.00117305284194
36 1.59118139594 0.22451483613 3.39580206422 0.0118271163256
35 2.51283646412 0.0310297182966 3.19336144785 0.00271828473206
34 3.36031754725 -0.42686635402 3.17665767175 0.00338373879614
33 4.09235843617 -1.04972995328 3.24573971155 0.00447805256248
32 4.78466890583 -1.71677810475 3.31603252434 0.00435404068298
31 5.25699563925 -2.52582274704 3.08767298574 0.00392605237165
30 5.39822967234 -3.47498351457 2.99082635965 0.00770445691939
29 5.3163430099 -4.41113790725 2.77143687365 0.00738156666069
28 5.28125917293 -5.34828991069 2.54203010601 0.00661853995803
27 5.12491893272 -6.27603697274 2.3235644249 0.00375164889461
26 4.9062765193 -7.1157420992 1.89864106387 0.0054181918056
25 4.80094910176 -8.03093785912 1.60657491941 0.00950575143265
24 4.44259235472 -8.58053103395 0.895916569461 0.00344816328514
23 4.14723539362 -8.9166329366 0.0380484796309 0.00129593461146
22 4.11442122708 -8.9708693376 -0.191152105404 0.00337216770704
21 3.91089903976 -9.2755658221 -1.09051781568 0.00266443406763
20 3.67648672815 -9.58113398905 -1.98215848687 0.00531538612479
19 3.31121132894 -9.71547615111 -2.87229179085 0.00771054735239
18 3.11149025885 -9.80501489839 -3.81922178721 0.00339177609094
17 2.63169781417 -9.81418130619 -4.66445106303 0.00537256770181
16 1.68383835548 -9.81072411912 -4.87908413574 0.00587421856566
15 0.752959887306 -9.57642153897 -5.03257770745 0.00772581868718
14 -0.186743708116 -9.33624407891 -4.96264736189 0.00379612124477
13 -1.07524717772 -8.94280269254 -5.00378599079 0.00851740500197
12 -1.75144708066 -8.24652770267 -4.93616169985 0.00451838205663
11 -2.46342204637 -7.62789003016 -4.69656841708 0.00734391540206
10 -3.04525431042 -6.84777643 -4.71763960662 0.00689420988126
9 -3.58645617603 -6.04185023748 -4.64234201238 0.00513713560161
8 -3.93358465854 -5.13434398207 -4.57593664815 0.00385131206534
7 -3.76507170597 -4.21226177252 -4.31100129388 0.0017932279709
6 -3.33639247227 -3.35033245105 -4.16191566913 0.00835155161787
5 -3.04467460697 -2.43521582968 -3.99760804682 0.00516515700994
4 -2.60303435894 -1.64924951973 -3.62718184163 0.00555129438159
3 -1.96673344897 -1.1697785774 -3.06523567902 0.00352679300784
2 -1.36369843283 -0.697312292133 -2.46193718757 0.00864973916278
1 -0.886189059652 -0.332407768706 -1.69351918236 0.00362615868587
0 -0.45865710504 -0.266878493834 -0.818903379008 0.00357365286972
0 0.52309525727 -0.635225943019 0.540907872361 0.00561891640431
1 1.19384743866 -1.19764031927 0.991768269705 0.00580744637606
2 1.94277388136 -1.69188494139 1.39687886531 0.0031437138127
3 2.62871532825 -2.22707271337 1.85759970919 0.00898547351385
4 3.392622698 -2.80272437404 2.08974668949 0.00385207342671
5 4.30020564458 -3.02662406132 2.39776613651 0.0024050824062
6 5.13631865591 -3.19718557223 2.88820992023 0.0148125556131
7 5.79408488015 -3.76651001135 3.34799333417 0.00246920451711
8 6.43788849395 -4.24954964474 3.91398917632 0.00530003261325
9 7.03583112879 -4.54716943487 4.6364677183 0.0129021536871
10 7.57551153461 -4.70746223044 5.44316152265 0.00493932986089
11 8.35792068164 -4.82766318114 6.02688946275 0.00394317328857
12 9.16717430398 -4.96943079304 6.56743552085 0.00538503811187
13 10.0682901361 -5.01309595533 6.95856933486 0.00375318695781
14 11.0024809085 -4.9378901663 7.25581882773 0.00268384587487
15 11.9594439068 -4.89823539397 7.47774678792 0.00406650385564
16 12.8717794985 -4.77666232328 7.82322330577 0.000988199922518
17 13.7584242744 -4.66112231119 8.23187000681 0.00681834797243
18 14.6291295014 -4.45664458189 8.63964734551 0.00216900570378
19 15.5154808767 -4.24828932122 9.00990431481 0.01026086767
20 16.3236608227 -3.94037507878 9.47660012933 0.00705809643527
21 17.1335116008 -3.63158678541 9.93950703491 0.0044042759648
22 17.7680667386 -3.02875032561 9.49314936269 0.00275916080327
23 18.2746761751 -2.44829869393 8.88345804743 0.0115345028248
24 18.6489836719 -1.82166796211 8.22611566631 0.00438860494985
25 18.8134974474 -1.1308839839 7.54754261439 0.00566547968463
26 18.9152728558 -0.485639487896 6.81417814766 0.00673475618186
27 18.8685541348 -0.120644252716 5.9036739361 0.00726921049796
28 18.9422217594 0.3109969826 5.02484569279 0.00431636040867
29 18.972200759 0.75564427192 4.15004190471 0.0025586360494
30 18.961788892 0.992919964464 3.19743301515 0.00507647791108
31 18.7230020097 1.42939630913 2.35126516335 0.00638374679043
32 18.5491499938 1.80444122081 1.46108692161 0.00371760430942
33 18.2445823758 2.16601670724 0.601084541217 0.00229100728575
34 17.863759131 2.56629803028 -0.209900099271 0.00288158871554
35 17.4152930398 2.75833533229 -1.06128846671 0.00134829546481
36 16.8552223314 2.88827634291 -1.8563844974 0.000883024539089
37 16.2120212029 3.28245261464 -2.48365140287 0.00431868846656
38 15.4541149932 3.42545028771 -3.08983865203 0.00372646991472
39 14.793721978 3.64667445648 -3.78061752786 0.00228328528002
40 13.8354670446 3.59143882214 -3.98195838414 0.0101513476296
41 12.9844921606 3.66513946371 -4.46352146957 0.00290973370026
42 12.5755800335 2.93351857948 -4.97233876032 0.00427380636408
43 12.2776545208 2.21291172884 -5.56664434344 0.00600152665676
44 12.001613142 1.49904438686 -6.17914231089 0.00164031260488
45 11.8772811855 0.739518805415 -6.78621534499 0.00361104149399
46 11.8167001855 -0.0342977618341 -7.38473864185 0.00934396999482
47 11.8672448918 -0.833985353273 -7.94878505601 0.00296897032492
48 11.8615680719 -1.57100079698 -8.59446250678 0.00416344194028
49 11.8356890173 -2.17925348841 -9.36218196049 0.00392076981928
50 12.004344235 -2.48836097819 -10.2765214751 0.0104324286429
51 12.2493163585 -2.78666641427 -11.1767771401 0.00869528002272
52 12.545263849 -3.17646496003 -12.0249583613 0.0064403435688
53 12.9159710008 -3.73239017961 -12.7404798224 0.00256646688115
54 13.5941815829 -4.2066207257 -13.2632343078 0.00458119854267
55 14.348673722 -4.57926301401 -13.7629838991 0.00463073542705
56 15.1628176356 -4.84534038098 -14.2362382727 0.00608684080874
57 15.926901876 -5.18317919985 -14.7454783812 0.00328369693597
58 16.7916638797 -5.42555047744 -15.1333741064 0.00708343382857
59 17.2536379766 -5.55600648161 -15.3448602692 0.00329685061338
60 18.1750426053 -5.74790452025 -15.5999232943 0.00355579336534
61 19.0681550779 -5.63641774983 -15.9748950847 0.00247918033608
62 19.5676314073 -5.37858685363 -16.7717493257 0.00444043070845
63 20.1989787926 -4.95758888261 -17.3837574049 0.00511217560532
64 20.6449033975 -4.20464278187 -17.8128081999 0.00448695280807
65 20.8899891886 -3.32237390634 -18.1459831789 0.035101234353
66 20.941477322 -2.36541669476 -18.3141948131 0.00435298704529
67 21.0630856241 -1.48061533011 -18.6999578195 0.00470498711188
68 21.0843793694 -0.661138470678 -19.2236130827 0.00456729357739
69 20.9869974293 0.0892625064912 -19.834632792 0.00120331835665
70 20.6782654063 0.906443302554 -20.2618945998 0.00408912777004
71 20.1097085196 1.56786571515 -20.6915207977 0.00386840127054
72 19.4501066223 2.20867677737 -21.0064759908 0.00740655285396
73 18.6209786301 2.67710512043 -21.1997178801 0.00490508683756
74 17.7874366337 3.14711881787 -21.3672957892 0.00406680007882
75 16.8498843208 3.39238301951 -21.432484884 0.00264573060711
76 16.0047453935 3.7930553387 -21.6940939011 0.00378625437772
77 15.4454838587 4.58344178567 -21.7672698641 0.00195699371818
78 14.6795682468 5.18006845187 -21.7590151997 0.00409907695928
79 13.8981556219 5.69237738202 -22.0222452457 0.00332245138437
80 13.208818602 6.31655354928 -22.3002378758 0.00509778604806
81 12.4899928814 6.8701619596 -22.6443893012 0.00407143905508
82 11.6181417387 7.15382479035 -22.9616378743 0.00606961064679
83 10.6984090319 7.13712717343 -23.2689962872 0.0101607197853
84 9.76702230633 7.17540589443 -23.5349004268 0.00283982441226
85 8.9723598473 6.98867646641 -24.0576110642 0.00526565245517
86 8.08863906657 6.85269497875 -24.4310660636 0.00685885320943
87 7.1816571387 6.66724498667 -24.7159545526 0.00269698753753
88 6.44670811975 6.20541241394 -25.1455639277 0.00268675957735
89 5.77309652862 5.80226241923 -25.7126539892 0.00483569779418
90 5.11172653806 5.28700372054 -26.1967794651 0.00246965020189
91 4.50247888072 4.64906302117 -26.5952617102 0.00479079885046
92 3.96485622714 3.94315004091 -26.98135752 0.0032229177888
93 3.31517653305 3.26164562315 -27.2036981016 0.00293586162981
94 3.99920304895 2.73920899321 -26.7621360543 0.01353429309
95 4.8053580048 2.31430738607 -26.4399786718 0.00627678970285
96 5.57106864901 1.73874932764 -26.5657540282 0.00850943963832
97 6.53536874497 1.78552525154 -26.5839054452 0.00653514576616
98 7.49920775959 1.77895570518 -26.6347917822 0.0147786149765
99 8.4455384996 1.9501192852 -26.7052981393 0.00353839495421
100 9.29533606451 2.39280950562 -26.5992716011 0.00442850789271
101 10.0192795057 2.95956701173 -26.3101569812 0.00658638738249
102 10.6585002725 3.61505782006 -26.010523708 0.00245782883809
103 11.2585088807 4.35472078761 -26.1538175202 0.00435640765012
104 11.2920136012 5.22889504871 -26.5562333898 0.00182514383951
105 11.5184606785 6.03284176448 -27.0352668444 0.00237522782763
106 11.6144708274 6.78676345987 -27.6262793989 0.00294476645491
107 11.5730693016 7.64830277886 -28.0532944835 0.00372557921278
108 11.3420941091 8.44924218073 -28.5339234922 0.00756322513193
109 11.2728502002 9.29127658091 -28.9932321051 0.00242284997319
110 11.1891038341 9.97848397214 -29.6606682586 0.00415276199167
111 10.763825334 10.6232958865 -30.2328153449 0.00458604837636
112 10.6384616926 11.1424538511 -31.0318754896 0.00656510700176
113 10.4916663007 11.8787132973 -31.6308623695 0.00432885390168
114 10.4807910516 12.8081434235 -31.3912602988 0.00437290398382
115 9.97112250258 13.4119260677 -30.8465529707 0.00435804358529
116 9.45989588285 13.8742857874 -30.1791530563 0.00488751500502
117 9.27099664463 14.306328612 -29.3438151465 0.00487995855501
118 8.87388210814 14.8816961376 -28.6878787724 0.00446195857325
119 8.41428867231 14.3116277631 -28.0698058162 0.0048014287418
120 7.93459681096 13.6223023966 -27.609451467 0.00526792464333
121 7.80746270872 12.9725118059 -26.9178536673 0.0037969715674
122 7.97045859181 12.8683123148 -25.980196196 0.00526780111161
123 8.12708706677 12.8887559755 -25.0363738003 0.00442394303591
124 7.39816692095 12.2886981397 -24.8868790251 0.00161175574929
125 6.89934356202 11.5618313223 -24.5174699114 0.00617530295171
126 6.21988652283 10.8959585519 -24.6028318559 0.00392753584684
127 5.95989782575 10.0008163846 -24.8097149277 0.00466861404643
128 5.73184001054 9.1358901189 -25.1425926354 0.00854622294475
129 6.04424595093 8.39346165157 -25.6532153017 0.00483101224824
130 6.48561674102 7.72821841353 -26.1740455486 0.00677424871878
131 7.1245076448 7.15087878163 -26.5810196695 0.00652021328704
132 8.05078391415 7.24368227367 -26.7785615793 0.00484576188893
133 8.93345740329 7.59461728303 -26.7305846723 0.0084878786389
134 9.37551985295 8.42960590952 -26.6297400404 0.0045405029237
135 9.33845003105 9.34831284534 -26.8674247297 0.00555570278445
136 9.09934641197 10.2666726517 -26.8625177843 0.00508413423689
137 8.52783903646 10.743149033 -26.273994417 0.00634757487049
138 8.32139473514 11.4917789954 -25.7304744803 0.00368821689182
139 8.14784895647 12.4228220268 -25.7174755792 0.00605680624801
140 7.60725697239 13.1748273383 -25.5225340338 0.00321928793151
141 7.01312141135 13.8973692066 -25.663534963 0.00315162853875
142 6.12891992933 13.9100154695 -25.3283321831 0.00332791975646
143 5.4563287936 13.2959034069 -25.5811431963 0.00414019741979
144 4.97793588146 12.5229872591 -25.323984385 0.00489646752862
145 4.69171097206 11.6575543557 -25.0785687067 0.00378875152991
146 5.07816201002 10.981100297 -24.5460230817 0.00452178983421
147 5.29314839466 10.4026864452 -23.8326016664 0.00458282782402
148 5.67559051133 9.76538383423 -23.2531229246 0.00200737534346
149 6.2564648647 9.18826441708 -22.7873237937 0.00495332561927
150 7.00521520337 8.78162659354 -22.3873271574 0.00765186732253
151 7.43544241309 8.57031919261 -21.5780141828 0.00721931204761
152 7.91528460934 7.77072983565 -21.6867701458 0.00537370537838
153 8.54816633008 7.09292264295 -21.8276885129 0.0101524379546
154 9.23153862712 6.49322014632 -21.6038895218 0.00345472447331
155 9.57283167222 6.02996639954 -21.5380551817 0.00530604786277
156 10.3989992592 5.66459739286 -21.3082551388 0.0189465624105
157 11.1417210507 5.6420501238 -20.7511923054 0.00941543115419
158 11.7205932741 5.88427082899 -20.0690119201 0.00356303079163
159 11.8275662226 5.89946331782 -19.1487533081 0.010027108837
160 11.9049522572 5.78514507359 -18.2347871074 0.00548165512197
161 12.0463587964 4.9392620752 -17.8958469545 0.00620449853495
162 12.2370238115 4.0428889983 -17.8089475887 0.00527511425815
163 11.9224735898 3.18498976733 -17.7087013513 0.00185762319259
164 11.4893401948 2.47267851295 -17.3221070658 0.00819377483128
165 11.0494061859 1.74954075197 -16.9699584798 0.00420717483836
166 10.8007841427 1.12745349216 -16.345257998 0.00278678562169
167 10.4064240971 0.495744452783 -15.8134454413 0.0158381731453
168 10.0702053802 0.018366802087 -15.1143888144 0.00478674851185
169 9.57122923837 -0.636442731477 -14.729238199 0.00430045875053
170 8.98575609206 -1.1711302174 -14.2875303191 0.00495742628733
171 9.31407845044 -1.28585738428 -13.450111466 0.00489525242564
172 9.71360615043 -1.2174249 -12.6408540866 0.003452834735
173 10.1647776458 -1.19304677033 -11.85800876 0.00201255464617
174 10.3131276834 -1.39424634875 -10.9898786775 0.00631888771936
175 10.7986642934 -1.8376669415 -10.3744321524 0.00278849031423
176 11.4552151737 -2.42812346275 -10.2050938062 0.0109998237513
177 12.2185615063 -2.41923656271 -9.73741142133 0.00413338342841
178 12.9019307046 -2.55321346132 -9.17711295407 0.0036418892896
179 13.3061787909 -2.4534206757 -8.38730909543 0.00390312308935
180 13.4788390976 -3.06316213908 -7.76117633535 0.00602375055036
181 13.7740129311 -3.58220390948 -7.1033860965 0.00119397493374
182 14.0901778227 -3.56374555073 -6.50931437354 0.0136967064172
183 14.8237330962 -3.14219153446 -6.28913443525 0.00590077655494
184 15.0543934895 -2.33548034287 -6.05502830243 0.00813345142548
185 14.8437727123 -1.86996324848 -5.3541645527 0.00713287643272
186 14.3042676142 -1.23265918215 -5.5692182148 0.00510002414314
187 13.7979341086 -0.594376144438 -5.29659279665 0.00405839011736
188 13.2789452882 0.0380514905567 -5.55011382333 0.00359272592666
189 12.4254175082 0.0358612561314 -5.57803035002 0.00165272017889
190 11.6148870439 -0.228068164951 -5.60572727765 0.00457446487555
191 10.8980835016 -0.0530429528106 -6.02783422117 0.00525218651007
192 10.5106716411 0.304765554665 -6.69042785873 0.0100027860729
193 10.5236432542 0.885321951193 -7.29607912587 0.0157008991942
194 9.89720998965 0.854697688589 -7.83293532848 0.0107267795039
195 9.30117653285 0.543536064396 -8.29392686903 0.00259910068775
196 8.94227604298 0.217138868537 -8.94648854863 0.0056814124641
197 8.29366333677 0.0439970462613 -9.39373367846 0.0105142079731
198 7.78079569722 -0.355898741699 -9.8456304001 0.0199816956686
199 7.6160716701 -0.725145405733 -10.4958936067 0.00933091327158
200 7.32531415994 -0.588230043271 -11.1751479964 0.0175668107451
201 7.61957717448 -1.16885567445 -11.4821387557 0.00863988560385
202 8.06329801575 -1.4397731608 -11.9550771696 0.00672230134018
203 8.30307799965 -0.965231552979 -12.3917807317 0.0092813562821
204 7.80473008936 -0.909795392992 -12.8297902257 0.00280319217799
205 7.55831840272 -1.45144550532 -13.1110987395 0.00478714952416
206 7.16056737339 -1.95828204333 -13.0790332608 0.0407127585737
207 7.00429970291 -2.11877662769 -12.6316168726 0.00538707009376
208 7.24376994246 -2.51388027551 -12.5236109609 0.0112185930184
209 6.92532530243 -2.78356466686 -12.5504317283 0.0103768210215
210 7.17419666836 -2.83730839388 -12.7963425127 0.0114145635021
211 6.94412865722 -2.92773728335 -12.6612318932 0.00472858847443
212 7.10952358521 -3.05126650766 -12.513089325 0.00906450407665
213 6.97765068629 -3.16983751701 -12.6151518352 0.00925809188235
214 6.85989914535 -3.07791969302 -12.6651101566 0.0152091180587
215 6.8409244516 -3.00123448396 -12.708670011 0.00558274070968
216 6.85783173748 -2.9585819223 -12.7602284786 0.0099040162368
217 6.88794447206 -2.94480973584 -12.7468344809 0.00649416379553
218 6.90102914503 -2.93987607778 -12.7336395858 0.00582643113204
219 6.90536904263 -2.94587164566 -12.7316302421 0.00711177998661
