45 3.28984978526 -4.44150114756 -4.44424742791 0.00614692531001
44 3.29094440184 -4.43556139349 -4.44261887292 0.00512431883103
43 3.29795035934 -4.42683062884 -4.43194575517 0.016571873677
42 3.26309224123 -4.47979553985 -4.43666808167 0.00374097830134
41 3.3352406618 -4.49392065979 -4.46081835889 0.00724172258968
40 3.36335284144 -4.41880662567 -4.52955459394 0.00358062546066
39 3.47919891272 -4.44620257659 -4.55172683903 0.0106993060517
38 3.31619967171 -4.39062771909 -4.54988372189 0.00685443676143
37 3.44710047893 -4.43437938325 -4.39468825068 0.0152319285228
36 3.50933167743 -4.57163277698 -4.14210329366 0.0145399727834
35 3.79947961737 -4.41076172262 -3.94099622132 0.0103820115445
34 4.17327664221 -4.631231083 -4.03722862551 0.0109722436628
33 4.4839897183 -4.90734747775 -3.76357133022 0.00896846195427
32 4.62630580981 -4.39049442819 -3.76244552717 0.00698362379818
31 4.89562373726 -4.76178786024 -3.43462299718 0.00802510860952
30 5.28999052324 -5.20214403118 -3.46860476141 0.0101193388115
29 5.84746781775 -5.29099630567 -3.20084309695 0.00579680969574
28 6.04329246737 -5.31253751394 -3.81259185613 0.00621505804966
27 5.59895252408 -4.85820750365 -3.98456248929 0.00855750204257
26 6.10369026396 -4.45059970355 -4.18712176573 0.00718489592336
25 6.58584494198 -4.00726994064 -3.9517568238 0.00327342196722
24 6.35929632004 -3.45963883041 -3.57315049112 0.0207920534177
23 6.70192780675 -3.27415845764 -2.94060199404 0.00654766436881
22 6.79009829472 -2.88665956514 -2.30026427899 0.022088069957
21 6.70047178516 -2.11619536131 -2.41595056167 0.00631558882956
20 6.99056947913 -1.4042513863 -2.60704698944 0.00643207721633
19 7.02214995335 -0.60616997333 -2.53077427948 0.00645301309124
18 7.36441720846 0.122123246053 -2.61660610466 0.00670490995301
17 7.5612044796 0.914021315895 -2.62677435767 0.0065063164382
16 8.04193920504 1.57132928171 -2.74085170262 0.00427517078951
15 8.84586520467 1.49071263963 -2.56800393956 0.00637448406953
14 8.81803717708 1.68982917033 -1.75941669349 0.00432057056195
13 8.60450240641 1.97593867352 -1.00280033561 0.00562747344896
12 8.45070867073 1.35713812339 -0.455176368623 0.00612447222384
11 8.08984623796 0.634369447627 -0.208490805954 0.00619414194156
10 7.37614764265 0.174831495917 -0.189831139274 0.00579386866002
9 6.60579600662 0.0743792629298 0.163213370498 0.00411554900317
8 5.7752799185 0.089276668685 0.369631095591 0.00144508023262
7 5.072049213 -0.0385545774695 0.842871224365 0.00587836543171
6 4.38211595816 -0.431812879332 1.1748388374 0.00566680572903
5 3.97194917097 -0.667217061829 0.450579288306 0.00472652344063
4 3.27132729728 -0.752134048106 -0.0534183116525 0.00650732281853
3 2.55687134356 -0.789633111361 -0.549988880533 0.00233932140549
2 1.68551911133 -0.777609658182 -0.528404944307 0.0120041282517
1 1.08829445697 -0.5128520989 -1.11585175162 0.00539781081641
0 0.355280771085 -0.143727683231 -0.796179785329 0.00407994112707
0 -0.634271592374 0.56251377676 0.51457488131 0.00432909129809
1 -1.31529538153 0.99838076241 1.08877092209 0.00542115714317
2 -2.03840196956 1.41089889338 1.62760507907 0.00393753472474
3 -2.824766127 1.80958709586 2.08148069765 0.00269101069715
4 -3.59044347235 2.20311812133 2.57359056647 0.00264534833495
5 -4.38327728479 2.63920110053 2.97916631155 0.00731403897221
6 -5.11567258271 3.05395763351 3.50334079537 0.00147268942109
7 -6.00280921703 3.1751751419 3.92929200056 0.00354834125443
8 -6.94668457651 3.35523089419 4.17370742341 0.00210485802873
9 -7.90136798829 3.40411805919 4.43681411891 0.00199530212314
10 -8.85067439351 3.43296647642 4.72141640636 0.00382115118461
11 -9.80654453385 3.47160339359 4.98176221438 0.002780831387
12 -10.7889703052 3.40756929676 5.09858794484 0.00293618993499
13 -11.7046444256 3.25210484054 5.44539266145 0.00335743118283
14 -12.3817236627 2.81432928075 6.02231215625 0.00336554236629
15 -12.9295578444 2.34364797741 6.70146625704 0.00306427119291
16 -13.4914557373 1.87327458389 7.36921531114 0.00392360486608
17 -13.9683900536 1.39223650961 8.09307772232 0.00383153366903
18 -14.358278804 0.892157071999 8.85512399542 0.00349350419662
19 -14.7523745272 0.391212597455 9.6144021048 0.00529107777191
20 -15.0771202837 -0.131545774183 10.3915521059 0.00863726316246
21 -15.4472436277 -0.627181417582 11.1661074857 0.00454576150686
22 -15.8558642442 -1.09769539549 11.9369285118 0.00302821662819
23 -16.2216393435 -1.67457212952 12.6551741649 0.00405769521622
24 -16.5796452436 -2.23249897769 13.3920306592 0.00306420986505
25 -16.9581025928 -2.77039847742 14.133517394 0.0042367391489
26 -17.4151318663 -3.42263488443 14.7233999784 0.00173818853681
27 -17.9412705363 -4.06006348307 15.2702762992 0.00477421137686
28 -18.4813491787 -4.76357349093 15.7124324237 0.00547556563074
29 -19.0364658256 -5.42153578721 16.2033314697 0.00508829256197
30 -19.5597136805 -6.05928269511 16.7524110707 0.00357052799445
31 -20.0789392454 -6.78547174633 17.1824878352 0.00225157686472
32 -20.6405035336 -7.497112536 17.5825942153 0.00345892568236
33 -21.2836447607 -8.12096192687 18.0056900495 0.00652293878904
34 -21.8152034003 -8.86571761828 18.385833548 0.00371442665393
35 -22.1892512145 -9.65838604115 18.8478482733 0.0169694286657
36 -22.4959887352 -10.1250852376 19.666195969 0.00534691299944
37 -22.7091913006 -10.701813475 20.4429963105 0.00158417716622
38 -22.8866467173 -11.2258151124 21.264836256 0.00218423197558
39 -22.9885225504 -11.6336753157 22.161925582 0.0164729519615
40 -23.0127600574 -12.0285873573 23.0700642125 0.00509098942954
41 -23.0546971542 -12.5426750162 23.9157009722 0.00601636846498
42 -23.0780622128 -13.135595555 24.7087494821 0.00457155145886
43 -23.0471237586 -13.7147210664 25.5116305072 0.00455736385231
44 -22.9143393201 -14.2241072691 26.3505610384 0.0067697284437
45 -22.6200693866 -14.8187434609 27.085791854 0.0032413165736
46 -22.3726434269 -15.1396301925 27.9894531933 0.0057378477841
47 -21.9425095671 -15.1743663982 28.8807850464 0.00312362902056
48 -21.5700473424 -15.3210219763 29.7865540624 0.00276368448135
49 -21.2631674933 -15.4533956671 30.7187170333 0.00323649280216
50 -20.9178847369 -15.4522150526 31.6468065975 0.00465163862446
51 -20.627696453 -15.5204288463 32.5910762864 0.00267360363173
52 -20.1700121842 -15.5495667054 33.468629597 0.00307426240034
53 -19.8377669746 -15.663835332 34.3943505027 0.00263577235567
54 -19.6747303317 -15.807805476 35.360310203 0.00285411217664
55 -19.416103517 -16.0373453013 36.2880705525 0.00408559039994
56 -18.9469893306 -16.1921155586 37.1460825369 0.00697745096799
57 -18.4395763072 -16.2716033869 37.9924267002 0.00556266349821
58 -17.9359766947 -16.3763966477 38.8382386046 0.00320357937587
59 -17.2313404954 -16.583323657 39.5019497932 0.00457500595709
60 -16.6062016098 -16.7614313188 40.248465547 0.0029309015401
61 -15.9719068452 -16.9589771273 40.9822205089 0.0139125616315
62 -15.3009822083 -17.0860122216 41.6986181413 0.00325609435968
63 -14.6361847191 -17.1078798677 42.4314355853 0.00438811467134
64 -13.9006282741 -16.9472687546 43.0736937498 0.00944767318246
65 -13.1247912427 -16.5971791962 43.5782986607 0.0068800126659
66 -12.4760258422 -16.1440040545 44.1722347046 0.00469274586714
67 -11.8477411454 -15.6816745778 44.780885768 0.00614246443227
68 -11.1854662209 -15.2133468597 45.3473469105 0.00354461653116
69 -10.4783813127 -14.7852798053 45.8909762124 0.00337486893095
70 -9.88480097648 -14.3416160614 46.5463808429 0.00481855988107
71 -9.32071669432 -13.9284897662 47.2462375664 0.0151353566822
72 -8.82495551924 -13.4230001435 47.9369461528 0.00331891056347
73 -8.30299898284 -12.8986339668 48.5933750583 0.010364467942
74 -7.82350694736 -12.5661612347 49.391953163 0.0062741868747
75 -7.30395703194 -12.2597988624 50.1756994755 0.00454563101486
76 -6.79320787593 -11.8686187922 50.9267351885 0.0031290176281
77 -6.31304161578 -11.434570062 51.6743449272 0.00291348304338
78 -5.83873292265 -11.0581916305 52.4561452649 0.00849016925036
79 -5.36063668156 -10.5869416635 53.1820852703 0.00288862249648
80 -4.75387186351 -10.1735199375 53.8442549592 0.0013143153905
81 -4.11475226227 -9.554431277 54.2751622471 0.00332781712403
82 -3.41184305378 -8.9340388894 54.5887810236 0.00695688444795
83 -2.83048493948 -8.27842388477 55.04640367 0.00525909306154
84 -2.28083064105 -7.5425480385 55.4117203229 0.00396793587817
85 -1.84228091079 -6.66418104446 55.5262004195 0.00333807937355
86 -1.45519363716 -5.75537546789 55.492705417 0.00769063742076
87 -1.17059513034 -4.8089812135 55.5008387993 0.00808471697819
88 -0.761374028385 -3.90986062581 55.4748815379 0.0040856373283
89 -0.351861021195 -3.02042102382 55.3419554697 0.00435879411402
90 0.137023417714 -2.19542674811 55.1036875353 0.00374550004747
91 0.602531856841 -1.34831261356 54.8987295456 0.00407623013825
92 -0.117062983417 -0.957988174634 55.4520443648 0.00190568233921
93 -0.753947697491 -0.700869305168 56.1624206654 0.00649549414235
94 -1.33952627682 -0.470772117373 56.9242666788 0.00638211033336
95 -1.86301474713 -0.192386218006 57.714580246 0.00321314723467
96 -2.30053062122 0.147698574656 58.5325068943 0.00432000057943
97 -2.92944940758 0.617281778052 59.1323485924 0.00559127604112
98 -3.5214632862 1.09889987865 59.7594922073 0.00328892897213
99 -4.26663301178 1.48366554365 60.2813138506 0.00488048723629
100 -5.0542974263 1.8350253661 60.7625860511 0.00321318043678
101 -5.70182819314 2.50649395182 61.0869292112 0.00510709363634
102 -6.45436041863 2.9815997016 61.5150054789 0.00573643687224
103 -7.20160837934 3.46953670818 61.9377131398 0.00267851039381
104 -7.90997518283 3.87398456413 62.4942879381 0.00188291073695
105 -8.77180283631 4.1642030344 62.8790603382 0.0235252505051
106 -9.67607613122 4.35206209786 63.2275507138 0.00515487713388
107 -10.6050102506 4.50658132532 63.5233722915 0.00486069576221
108 -11.4487532498 4.73451378933 63.982048522 0.00610205274261
109 -12.1517558242 4.87151498353 64.6611783253 0.00283621990755
110 -12.8073809981 5.10864907887 65.3597937178 0.0019151670759
111 -13.4412752769 5.43523873747 66.0421423067 0.00614101768278
112 -13.5468074316 5.23611427885 67.0030514478 0.00327548052759
113 -13.6265999816 5.14960313058 67.9829581179 0.00600622793157
114 -13.4675060493 5.09017122083 68.955103085 0.00386704695307
115 -13.3460499304 4.84677088542 69.9036778017 0.0024389760367
116 -12.9212257582 4.36045658539 70.6497288394 0.00454522859061
117 -12.4759478066 3.94160224323 71.4241702787 0.00445414560811
118 -12.0333844316 3.59569079137 72.2352585287 0.00525406398702
119 -11.663170409 3.20104500617 73.060152189 0.00519190454807
120 -11.643718615 2.80174298239 73.9620152673 0.00431775991976
121 -11.8776789274 2.36657648208 74.8157806187 0.00947647922237
122 -11.943741814 1.93993752686 75.7025774237 0.00399760043398
123 -11.9812658321 1.50990049581 76.5893381762 0.00410494089382
124 -11.9104292214 1.07268298239 77.4704681452 0.00366975973174
125 -11.7137920456 0.515869210571 78.2602051382 0.00378028150638
126 -11.4735384823 -0.104839638786 78.9876940373 0.00403631105106
127 -10.6943853345 -0.454334873908 79.4804036524 0.00668434767177
128 -9.87600052991 -0.798739579506 79.9086577603 0.00331591247099
129 -8.99864265434 -0.974327080797 80.322276728 0.0154603864546
130 -8.08654293561 -1.00007323041 80.6945828783 0.00205183514938
131 -7.16708643077 -0.970813573371 81.0479616475 0.00468519073387
132 -6.32268556557 -0.692700918825 81.4730047457 0.00347278178356
133 -5.48658342602 -0.344040839935 81.860652819 0.00513527949754
134 -4.78355221895 -0.330154114576 82.5509175322 0.00568683084561
135 -4.16390872006 -0.358299111856 83.3164526877 0.00219573984679
136 -3.713809879 -0.3822108761 84.1926142568 0.00405284708426
137 -3.39369693481 -0.553982649143 85.1084497334 0.00429759764029
138 -3.09741696105 -0.706896249865 86.0355132412 0.00576043923313
139 -2.53200469171 -0.51159904699 86.8181198999 0.0029704809734
140 -1.72925536297 -0.268295252743 87.3342880554 0.00323899887614
141 -1.01081622661 0.238304192115 87.7782433807 0.00325101735241
142 -0.389536498202 0.851981834123 88.2334433176 0.00199196676156
143 0.000412235813951 1.58740124731 88.7596245208 0.00313892438537
144 0.346771999199 2.37968239354 89.2307553185 0.00502252665487
145 0.533044235327 3.14043167595 89.8275049262 0.00471462355319
146 0.545534788376 3.9900659114 90.3247988719 0.00604899049038
147 0.500065122084 4.79047081721 90.8961684157 0.00270873300995
148 0.344272516026 5.60827978351 91.4215054613 0.012261131098
149 -0.155608884502 6.34408369637 91.8425844275 0.00545463534412
150 -0.548058567804 7.12206632944 92.2999174997 0.00489010553985
151 -1.00799403993 7.76979730684 92.8806351517 0.00304554490925
152 -1.66139155814 8.30733636175 93.3829301157 0.00630115380336
153 -2.26938005508 8.82532990268 93.9574144572 0.0100575699028
154 -3.13630765359 8.88012414546 94.4189464061 0.00401261499522
155 -4.02000712145 8.70363841964 94.8130642907 0.00349277646234
156 -4.84833888631 8.34702400278 95.2054496005 0.01365961064
157 -5.64627238277 8.28532888126 95.7767342006 0.00261352733296
158 -6.34050268525 7.99977895614 96.4118112728 0.00303901929137
159 -6.93345847552 7.58082881864 97.0748414837 0.00582280172261
160 -7.33960066054 7.1187427217 97.8417294826 0.00620378846114
161 -7.74462438462 6.55616323111 98.5386921499 0.00362921272838
162 -8.14716968548 6.35062146818 99.4116355814 0.0067331903911
163 -8.52273433126 6.00026661648 100.249626133 0.00704887413035
164 -8.89868920316 5.66022049284 101.091517265 0.00492286865717
165 -9.14853656497 5.3326713133 101.983649531 0.00455074995044
166 -9.51809425226 4.894661944 102.781715879 0.00246007462329
167 -9.77350071119 4.34786640876 103.556955602 0.00352841223778
168 -9.9251795486 3.78766116767 104.349579182 0.00124261969215
169 -10.0840073911 3.28747237797 105.180037176 0.00211369769493
170 -10.1872124257 2.88994144067 106.072434411 0.00198238888149
171 -9.98279021145 2.27867413073 106.813640641 0.00402586998928
172 -9.71251143339 1.59966277647 107.469748107 0.00348691862477
173 -9.4850736098 1.19554553961 108.335541365 0.00360171208522
174 -8.88346051853 1.07902890446 109.102921826 0.0053856821547
175 -8.33793354119 1.25672606212 109.899799341 0.00367019139596
176 -7.73346176213 1.25581654197 110.673507623 0.00312996511778
177 -7.26653494869 1.19321537006 111.534918539 0.00307448293381
178 -6.90213694284 1.17921566284 112.446461767 0.00381013077585
179 -6.82254722976 1.13876223363 113.424131154 0.00352449084145
180 -6.54882310406 1.12020123756 114.36665099 0.00310504360135
181 -6.2192798953 1.16494123703 115.290152322 0.00492395982707
182 -5.84332662237 1.22322736659 116.19485039 0.00528637854841
183 -5.37439168785 1.52684576199 117.001565539 0.00436820794265
184 -4.96361783417 1.99997247408 117.756575817 0.00237970921837
185 -4.51912940801 2.45514190568 118.503408861 0.00621762093028
186 -4.19550540054 2.8878339873 119.322154219 0.00417236608279
187 -4.06933259017 3.50929815451 120.070416436 0.0066967342659
188 -3.93362927076 4.12478258016 120.821740526 0.00538148370216
189 -3.79083966793 4.74754432588 121.56554275 0.0121594334344
190 -3.81689486965 5.40436231753 122.29271072 0.0058214766746
191 -3.73048459536 6.13461484793 122.940604834 0.00797075462813
192 -3.74615609752 6.90822195244 123.541730424 0.00473732041087
193 -3.62570131873 7.7146004816 124.084892243 0.00842327850157
194 -3.57705347712 8.43481403942 124.746992361 0.00248129861628
195 -3.66858853483 9.18821508096 125.366098142 0.00428033560161
196 -4.07587232172 9.7941102207 126.01886352 0.00392512028654
197 -4.61764545681 10.4121658985 126.551097392 0.00225161029173
198 -5.27403743713 10.9744208848 127.011132545 0.00581690990908
199 -6.06882455889 11.3164038092 127.469021872 0.00319178707789
200 -6.66169554933 11.875098128 128.011751787 0.00583881274207
201 -7.17361322556 12.6210959556 128.384830854 0.00358791215347
202 -7.90765756195 13.2386477588 128.577955185 0.00487653332348
203 -8.65677556183 13.7126571141 128.992024872 0.00640166218909
204 -9.13893644481 14.3680311294 129.535214438 0.0038065025081
205 -9.80151315481 15.0414884288 129.788410198 0.00352094433886
206 -10.602640471 15.2506725045 130.30903645 0.00391641518707
207 -11.4679798655 15.4975370543 130.691842937 0.00370189030564
208 -12.4427200321 15.4340488419 130.734514913 0.00244884303225
209 -13.4088083887 15.357898016 130.60523976 0.00743437616536
210 -14.3308343527 15.033732015 130.618232211 0.00361527014224
211 -15.0886020804 14.4204081877 130.687462618 0.0097348541217
212 -15.7537502728 13.7049172545 130.67245626 0.00280219435705
213 -16.3595213278 12.9385088659 130.6802714 0.00380993895598
214 -16.8997237048 12.13115689 130.782921301 0.0051479185168
215 -17.4399992306 11.3542375795 131.024554056 0.00394463079954
216 -18.0615510791 10.7142428525 131.421791038 0.00433941077895
217 -18.7220842757 10.0923539372 131.782856228 0.00235883937048
218 -19.2962944157 9.34591047983 132.040381658 0.00377535914277
219 -19.9506444805 8.63377097443 132.173096832 0.00412035620129
220 -20.5497375192 8.43206144751 131.429122304 0.00473038375705
221 -21.3600651717 8.4018125877 130.885956616 0.00515347849128
222 -21.9797528863 8.24154069321 130.149250069 0.00278563931973
223 -22.52227387 7.7534188461 129.501518773 0.00766236528901
224 -23.1876140563 7.3307840706 128.926840538 0.00542016823597
225 -23.9165757447 7.08225641022 128.328466805 0.0036163080668
226 -24.4774399892 6.68478680809 127.636728583 0.00137944553803
227 -24.9526141915 6.29601670025 126.879031606 0.00333258701559
228 -25.5067648268 6.08935861068 126.103766542 0.00561809647548
229 -26.0358887265 5.43109523872 125.617113481 0.0208440895689
230 -26.2655462944 4.70734092524 125.007083762 0.00193232956059
231 -26.3975036327 3.89708757762 124.483115048 0.00148853191446
232 -26.4329702653 3.10189811011 123.922040022 0.00270404719927
233 -26.4224155804 2.24697082269 123.456117698 0.0049929405859
234 -26.042999151 1.5757834049 122.861656277 0.00320782163523
235 -25.5564506167 0.948552162566 122.29827053 0.00775669723314
236 -25.0419918815 0.214678848693 121.919398562 0.00450166573035
237 -24.4935313719 -0.45176275031 121.470487643 0.00502889854006
238 -23.7528600564 -1.00628629909 121.17069986 0.0105031624469
239 -23.0387250645 -1.59904808745 120.881333854 0.00689950077737
240 -22.336336287 -2.24262545818 120.689193286 0.00580489789168
241 -21.5076586394 -2.74868470267 120.65567363 0.00436602346276
242 -20.5987808731 -3.07444248913 120.762344161 0.00447791813862
243 -19.6771275981 -3.34381963409 120.907814478 0.00891192412148
244 -18.7241367545 -3.25801142994 121.071590541 0.00104590800073
245 -17.8255420722 -2.93386955798 121.244057312 0.00552610217755
246 -16.9227487827 -2.6138516369 121.400027443 0.00333292380556
247 -16.0931581837 -2.1113053687 121.374177548 0.00525011691778
248 -15.3611878225 -1.48002519339 121.292565638 0.00497006390669
249 -14.5861762715 -0.950612405436 121.048399518 0.00688537689956
250 -13.7123468236 -0.551429248207 120.918377957 0.00640770297275
251 -12.8149414629 -0.187410384154 120.954981316 0.0149048758892
252 -12.128367026 0.322596678658 121.409302189 0.00329125362529
253 -11.3931761648 0.808265600949 121.810713995 0.00466709347259
254 -10.6995393021 1.3282958609 122.241396181 0.00345300841548
255 -9.91252885091 1.74659844773 122.618592902 0.0207039820546
256 -9.26572520807 2.34434186948 123.017024033 0.00497620814997
257 -8.91723285573 3.02067727698 123.612995573 0.00731739621095
258 -8.55144861692 3.73699317403 124.148004306 0.00819553868443
259 -8.42465395441 4.47687791502 124.75526729 0.00457920082365
260 -8.19611493619 5.34836864219 125.101261016 0.010606346256
261 -7.96644682292 6.24258188584 125.380051097 0.00687500922601
262 -7.84018472613 7.13349424062 125.034208114 0.010016895756
263 -7.70782130659 8.07465943611 124.877505902 0.00142590431663
264 -7.37369111139 8.96741375013 124.739591472 0.00310844780189
265 -6.95450537298 9.79433706389 124.479199638 0.0333844988797
266 -6.28289017475 10.4782393439 124.540744923 0.00901045948588
267 -5.55077789025 11.0485373348 124.29563458 0.00281112048938
268 -4.86198059351 11.5656130393 124.127221392 0.00545641711745
269 -4.15524081768 11.9693988331 123.632252886 0.00805209979616
270 -3.67385241617 12.7546870322 123.393087878 0.00382868764063
271 -3.50202585842 13.6777042309 123.240482668 0.00683804526105
272 -3.76018795833 14.5920896225 123.264106716 0.00911626788608
273 -3.21413222274 15.3680798059 123.232402897 0.00438830935786
274 -2.8544938517 16.2435456694 123.300219848 0.00422799844101
275 -2.66025122284 17.168937143 123.227060855 0.00366334442521
276 -2.73082660646 17.6905711955 122.438050513 0.0067284670021
277 -3.01763130506 18.3974957964 121.876306135 0.00275237940117
278 -3.3184084415 18.9764501881 121.189635522 0.00646476106893
279 -3.80502167584 19.6977510555 120.818167278 0.00433734963369
280 -4.578858728 20.1069813377 120.46084149 0.00489746356001
281 -5.49907848524 19.9920910605 120.280334991 0.00569297133491
282 -6.39083414533 20.1590013463 120.541313226 0.00295070535954
283 -7.29818398915 20.4167518369 120.565658781 0.0015090611454
284 -8.21669575487 20.2032153502 120.540067126 0.0073840430649
285 -9.13676448061 20.1445915528 120.344996663 0.00688811820877
286 -10.0352529457 20.1225448775 120.167433582 0.0028768332739
287 -10.8415142747 19.6961541955 119.97498341 0.00383964564584
288 -11.5126547149 19.6367574191 119.331267146 0.00352318231955
289 -12.1505252195 19.5594275857 118.657255811 0.00539375745602
290 -12.4997745967 19.1216689534 117.914437466 0.00693002446155
291 -12.8979382257 18.6227279151 117.239824154 0.00311273760061
292 -13.0497425341 18.4301959467 116.344267278 0.00397440844954
293 -13.3411988966 18.4206396641 115.463646266 0.0086395917771
294 -13.687186193 18.3792789577 114.605996977 0.0092438361123
295 -13.5593239266 18.3859393487 113.691146988 0.00531684603623
296 -12.9705495908 18.3714880257 112.981633531 0.00915288846393
297 -12.743449353 18.4119718069 112.090779419 0.00355799230469
298 -12.6669280664 18.5604981276 111.186718037 0.00320618999758
299 -12.6228847733 18.5922987138 110.269746239 0.00270454350553
300 -13.0194289405 18.9119797275 109.506575208 0.00666324106476
301 -13.420015877 19.4949901086 108.92551527 0.00762063419813
302 -14.3014915045 19.4617770114 108.690350604 0.0119860467171
303 -15.0631486717 19.1596168143 109.085037065 0.00471931157377
304 -15.658127325 18.8732971271 109.708874207 0.011385484542
305 -16.4441593408 18.6767178477 110.110614834 0.00346833177446
306 -16.5879955583 17.9412186634 110.61496928 0.00524923780653
307 -17.2025827752 17.3007187754 110.770426395 0.00622701259633
308 -17.7921198008 16.6268095005 110.690689034 0.00143389098261
309 -18.5780460251 16.1925935963 110.660952604 0.0132778699168
310 -19.2666746519 15.6979286317 110.379289379 0.00454655346453
311 -19.6537082524 15.0784022968 110.891037218 0.00288507968551
312 -19.9522580554 14.644222704 111.609699466 0.00467485568082
313 -20.0263036271 14.3920429284 112.459493019 0.00642713330603
314 -20.1441872532 14.6645328301 113.294981156 0.0117201343193
315 -19.8858635925 14.7154725423 114.135999167 0.00939475716896
316 -19.2974407458 14.7057172735 114.78499247 0.00421573002709
317 -18.5157918204 14.7962178469 115.163967431 0.00436746300097
318 -17.9744058973 15.2725050088 115.652881081 0.0045362906194
319 -17.2040311339 15.490037339 115.316156318 0.00454518315818
320 -16.6282043907 15.7925296306 114.744076289 0.00528661059096
321 -16.3467608916 16.6041597978 114.6674044 0.00184713017768
322 -16.4097346305 16.9077772701 114.79695116 0.00134595416195
323 -16.67770932 17.6501712212 115.140264866 0.00699693692017
324 -16.8963923812 18.4285207331 115.42197915 0.00337191306855
325 -17.0696747434 19.018395772 115.903516391 0.00143508931637
326 -17.2401557066 19.7766503502 115.668840414 0.00403544011507
327 -17.112409444 19.8902055504 114.878050095 0.0103383362671
328 -17.7257764333 19.484225363 114.580727369 0.00577636029119
329 -17.4696239249 18.9166893217 114.100029359 0.00793298626306
330 -17.0506810694 18.7602346219 113.465079602 0.00717909542447
331 -17.4132826262 18.9786004618 112.826101518 0.00809662737005
332 -17.7245889983 18.678499493 112.208365534 0.00447040586702
333 -18.0784656544 19.1034421564 111.706989502 0.00686111191613
334 -18.2527004179 19.8161890342 111.728446814 0.00501001678782
335 -18.2814827233 19.0930177908 111.685328641 0.00264601998843
336 -18.0688600039 18.4674752109 111.398377277 0.00457046663754
337 -17.3888423256 18.404093659 111.597088304 0.00613312831249
338 -17.2993638466 18.9239499502 112.055925202 0.0153444252891
339 -16.8039849338 19.0590708236 112.47540778 0.0107862481028
340 -17.0742350549 19.2243137529 113.024633209 0.012702399409
341 -17.5328242644 19.5990307326 113.05554862 0.012176972894
342 -17.8376503026 19.713593135 113.497799211 0.0229440811955
343 -17.5643180514 19.6604046841 113.84543643 0.0106485425637
344 -17.6660953664 19.3873357989 113.590943352 0.0139904529165
345 -17.7202297293 19.0986024918 113.552593652 0.00885224463641
346 -17.6363119895 19.2923964181 113.429702898 0.0050038809321
347 -17.5633530068 19.0885813384 113.444388188 0.00747632275347
348 -17.719505396 19.0848452265 113.359117398 0.0111742939166
349 -17.710004409 18.9767325376 113.41930731 0.00753344099155
350 -17.6706923086 19.0550925516 113.389521351 0.0075468644421
351 -17.6950147028 19.1056844035 113.420453396 0.0093820285805
352 -17.6740237239 19.1246591582 113.402533039 0.00237896390032
353 -17.6861574742 19.1121261104 113.42352625 0.0102128166256
354 -17.6802646941 19.1134845837 113.423927221 0.00601050561295
