149 -7.6315223564 -9.81554063699 3.25600695775 0.00545233096558
148 -7.62864259568 -9.8134464261 3.25989215913 0.0129779889145
147 -7.59842253064 -9.82481291845 3.2528708342 0.00380897369217
146 -7.64166925469 -9.82502026538 3.24299263574 0.00773631326247
145 -7.59174829866 -9.80280246565 3.28890752043 0.00750954593003
144 -7.58694325023 -9.81329880444 3.18931439359 0.00404201561699
143 -7.63545445103 -9.75730660206 3.28007288089 0.0192837498912
142 -7.55130904075 -9.66022907032 3.11114839533 0.00735719118139
141 -7.49299635932 -9.48055089265 2.94359138346 0.0140984327806
140 -7.59280082477 -9.52973576859 3.2638093645 0.00660011932006
139 -7.94642474775 -9.53012033363 3.11910990249 0.00999841133642
138 -7.93911383257 -9.81201286234 3.45502693684 0.0059206742934
137 -8.16163193536 -9.99836159666 3.822324586 0.00549410731014
136 -8.61148419453 -10.1903862871 3.88945279938 0.0095152323395
135 -8.71017410314 -10.3394882538 3.38419293352 0.00542362362463
134 -8.39636482479 -10.27539477 3.84020999927 0.0205297547761
133 -7.79591547894 -10.1340603074 3.73194196967 0.00384513898113
132 -7.63890172923 -10.6710506402 3.42569093884 0.00920341364698
131 -7.51735693605 -10.0263584684 3.51738650648 0.00923331658345
130 -7.78784866817 -9.99208386052 4.14699805626 0.010887695468
129 -7.50938046529 -10.5230675236 4.52508622633 0.0101354509324
128 -7.19769782929 -11.0911654539 4.19289142139 0.00514620362227
127 -7.22491567396 -11.7573518928 3.87824389801 0.013188429509
126 -7.5030998941 -12.2798252652 3.40298491774 0.00569368391416
125 -7.39715732066 -12.6907177142 4.04324917064 0.00763140599896
124 -7.38166207998 -12.7725250826 4.81809113276 0.00816862229521
123 -7.19929006344 -13.4997320571 4.57398684058 0.00922743389533
122 -7.78618641113 -13.6879066587 4.05974892963 0.0101260856397
121 -7.71770043061 -13.3374939778 3.32818884419 0.00385767728492
120 -7.6016273562 -13.0286001705 2.57978781675 0.0171251574733
119 -7.15851968182 -12.8111852413 1.90852762565 0.00462734333914
118 -6.55418760177 -12.6382088576 1.35633170391 0.0153788661326
117 -5.88892486229 -12.5093581363 0.845917284351 0.00359278100432
116 -5.42469335508 -12.8972338714 0.247243442189 0.00877093721048
115 -4.67502046259 -13.3063348372 0.184948244628 0.00623343986734
114 -4.65836905406 -14.0359309005 -0.271343228307 0.00471774161052
113 -4.14708787043 -13.9676026345 -0.964602986027 0.00122657384271
112 -3.42173360889 -14.4273045543 -0.870193406021 0.00515616233403
111 -2.91807001595 -15.1324766075 -0.895569977383 0.00907910077691
110 -2.6783262292 -15.9644532889 -0.791810216767 0.00541303631245
109 -2.4695700073 -16.567029173 -1.39170323498 0.00179809662328
108 -2.51850103383 -16.4862655882 -2.26378134417 0.00695529994911
107 -2.64588872201 -16.3940523022 -3.13024274937 0.0054130853638
106 -2.57208757084 -16.6925125277 -3.95807840722 0.00602463388282
105 -1.90837029137 -16.9657501285 -4.4760460967 0.0046214721254
104 -1.25432974062 -17.2976077414 -4.97520567313 0.0284148484105
103 -0.7765719304 -17.8671558434 -5.47998293061 0.00640560271482
102 -0.657183180745 -18.5622596874 -6.0406385519 0.00538833342873
101 -0.337900034605 -19.4051861203 -6.08346132606 0.00466478600079
100 -0.401965833416 -20.2901023643 -6.25683601469 0.00488403800688
99 -0.456830742938 -21.1737252439 -6.44757397536 0.00517560675706
98 -0.998953281563 -21.8026154578 -6.81370650649 0.00540141059697
97 -1.46412213563 -22.5598267897 -7.00478778148 0.0063111672872
96 -1.99705419004 -23.2982465879 -7.02388583054 0.00710730460414
95 -2.75905433297 -23.7484674254 -7.2479534567 0.00499967468468
94 -3.40768480083 -24.0027242951 -7.84082643108 0.00905571623858
93 -3.90880583706 -24.300879838 -8.54913067108 0.00287000791889
92 -4.30722994978 -24.3287039045 -9.37617987582 0.00641921366156
91 -4.62554736204 -23.9957431614 -10.1725598729 0.0259106119696
90 -5.08286561139 -23.342730427 -10.6427981254 0.00561225982669
89 -5.64854544877 -22.6096517726 -10.6754758811 0.0095110870307
88 -5.8144490957 -21.713628693 -10.4969944048 0.00601920467813
87 -5.85643753126 -20.8492898174 -10.1566536023 0.00476246928226
86 -5.43250396687 -20.0335388754 -10.3017517511 0.00794680724749
85 -4.95807638448 -19.2406065349 -10.1783800472 0.00702271778001
84 -4.45800376128 -18.4544291626 -10.1209831696 0.00630467060395
83 -3.79365427501 -17.7971092797 -10.1101043665 0.00457677828905
82 -2.95653055468 -17.3985993593 -9.98564540336 0.00364883508352
81 -2.20260673176 -16.8450811754 -9.9477212743 0.00688586048842
80 -1.43833909151 -16.6179199099 -9.45462163969 0.00484426342604
79 -1.42175931801 -15.6928077214 -9.60892003594 0.00193498765222
78 -0.739609672615 -15.1196088481 -9.31441141344 0.00338506594122
77 -0.0413859331605 -14.5594292159 -9.0310357476 0.00406137900871
76 0.693267631287 -14.0432941176 -8.75409536251 0.00444694345742
75 1.60391671464 -14.0392756675 -8.52009975415 0.00457534091908
74 2.33662736057 -13.6363806325 -8.08835466741 0.00674559014789
73 2.98771400868 -12.9920210173 -7.86904560515 0.00487889791759
72 3.64036379236 -12.3484392025 -7.64908426075 0.00769926358977
71 3.41583469083 -12.2840160866 -6.73398819255 0.00444461819262
70 3.23052275516 -11.9608823146 -5.86554317098 0.00551840529403
69 3.15127522807 -11.6602691079 -4.97236764944 0.00518377864728
68 2.92669759107 -11.4280729287 -4.08280538504 0.00356537747493
67 2.79225124951 -11.1765481251 -3.17990381879 0.00596898137458
66 2.96953725092 -10.8398564406 -2.31209717267 0.00350081313591
65 3.48251816867 -10.4188140616 -1.63550698613 0.00338173382515
64 3.99299991812 -10.0775209986 -0.913001201701 0.00392927380163
63 4.30691828618 -9.7707417872 -0.273900624942 0.00474028819341
62 4.41701627327 -9.47712598666 0.626164796559 0.00515494156969
61 4.41386024397 -9.00000298727 1.45175405308 0.00169175921641
60 4.26377639881 -8.52504832747 2.26504431512 0.0167250614607
59 4.15889648799 -7.79698225373 2.87426768928 0.0115276416571
58 4.31449972185 -6.90905043972 3.19248512451 0.00116422154288
57 4.5274115944 -6.04505149877 3.54220757256 0.00657083087762
56 4.73802605484 -5.13226968913 3.73615852508 0.00192223722725
55 5.08661250811 -4.29863304666 4.05095667055 0.00208009456529
54 5.5715970845 -3.54103411016 4.37769346754 0.00488016324072
53 5.62492060504 -2.61161047697 4.60127468269 0.00389635264579
52 5.77710938377 -1.76600193555 5.0246737384 0.00417909482908
51 6.02093437097 -0.943679801811 5.45187555611 0.00481529202957
50 6.49921780738 -0.17053068237 5.75568420971 0.00205544244148
49 6.82896349823 0.692439736822 6.01191476196 0.00429985404198
48 7.74007439004 0.817234885341 5.73971214085 0.00544007034021
47 8.58236450465 1.16513502301 5.43943420342 0.00305124501679
46 9.42590231309 1.4116223687 5.05357764141 0.00338799012805
45 10.3201533949 1.39291060432 4.70481197782 0.00569493789205
44 11.2459847762 1.17260215803 4.5756470588 0.0043858569125
43 12.0723636831 0.787335459028 4.27267615372 0.00390412838968
42 12.7311320643 0.525066095485 3.62356012777 0.00348183075075
41 13.3791206419 0.472893926645 2.91496984033 0.00511490519346
40 13.938143784 0.3442143499 2.14264670641 0.00352387493599
39 14.5819147715 0.197853715076 1.44261903588 0.00327762435535
38 14.9691917132 0.0589750088995 0.572323393219 0.0036922108446
37 15.1506123422 0.226752031647 -0.358405651712 0.00488569384494
36 15.3181590884 0.328403805405 -1.30158794222 0.00379226655933
35 15.6893405104 0.610100486824 -2.14488384067 0.0016928002379
34 15.9412243507 0.797165214423 -3.05603944831 0.00332382687531
33 15.9129437133 0.790532222941 -4.01954793562 0.00536483772778
32 15.6904309575 0.897636976836 -4.95165361871 0.00476820322749
31 15.4942579086 0.723249414492 -5.87982380036 0.00280858499115
30 15.3441461098 0.246972422124 -6.70514544646 0.00421626260022
29 15.0995848498 -0.173756375089 -7.53835716428 0.00996660787353
28 14.6791235848 -0.705754003691 -8.22552625627 0.00110185222944
27 14.1059921035 -1.26414704493 -8.7655724769 0.00337414212705
26 13.4422143748 -1.83559069508 -9.1718219518 0.00468391147979
25 12.788898577 -2.48207715782 -9.46827463895 0.00817017233962
24 12.2004782054 -3.2462516247 -9.52571500163 0.00314381644265
23 11.3871634029 -3.53820150653 -9.09287505122 0.0105246962512
22 10.5886232575 -3.53915888858 -8.54726066868 0.00714584940072
21 9.69158504392 -3.63327133471 -8.1973857998 0.00396591054767
20 8.75209987468 -3.74434178894 -7.99412354897 0.00354912811476
19 7.9071753855 -3.91088847736 -7.55231699455 0.00575299811733
18 6.95626420162 -3.88190423996 -7.37291780241 0.00167240971147
17 6.14112380927 -3.64655311258 -6.90624418589 0.00202841477901
16 5.18360186465 -3.5093770925 -6.95031421206 0.0155203102574
15 4.26569583539 -3.20271905524 -6.89945716366 0.00527451425086
14 3.40155940497 -2.80148532575 -6.72055609301 0.00324627734268
13 2.67142382518 -2.1958881928 -6.52004724165 0.00588550010755
12 2.18415526122 -1.3857439107 -6.3035827568 0.00541700945016
11 1.72253350661 -0.540682313865 -6.18578416937 0.00206341548398
10 1.42334980333 0.363289403679 -5.99966947959 0.00301953919883
9 1.02602382538 1.04008697614 -5.42873703818 0.00495384303382
8 0.423069462373 1.6090490097 -4.9237632424 0.0032758233856
7 0.501112212818 1.93802113296 -4.01336707962 0.00415717658103
6 0.391933261956 2.20236934215 -3.08506913058 0.00611342120683
5 0.554884280261 2.38395085576 -2.14455248282 0.008722840927
4 1.09804796178 2.59864054394 -1.36772567294 0.00295812615981
3 1.45494022492 2.71453942681 -0.470943644382 0.00370294996784
2 1.70993644987 2.32024560374 0.380389827606 0.00506005470548
1 1.15990779261 1.52743367424 0.262368996285 0.00244157664757
0 0.601885318897 0.762631003354 0.0411534327881 0.00435314865669
0 -0.73705045909 0.496850568681 -0.426609589208 0.00437279161173
1 -1.51190158879 0.993371840847 -0.780192492053 0.00482651796513
2 -2.42016124993 1.37649510924 -0.774605221381 0.00437745371448
3 -3.28347061301 1.83133775473 -0.635145859611 0.00310708445527
4 -4.15732518442 2.27824993914 -0.5446689673 0.00312247075163
5 -5.01535653302 2.74341452809 -0.4073485303 0.00335238021009
6 -5.93397940967 3.07423781332 -0.541670307596 0.0217298547419
7 -6.91219090589 3.17379258933 -0.479302286386 0.00354359555851
8 -7.84304090692 3.49449941287 -0.514724180597 0.00524110433692
9 -8.73616687389 3.90415019183 -0.585026973525 0.0111634089696
10 -9.61812794784 4.33204914062 -0.489465285296 0.010012548925
11 -10.5286296046 4.66266950668 -0.312106438757 0.00352617165469
12 -11.4744732041 4.80656230821 -0.078969136257 0.00473040671532
13 -12.3894293544 4.83844929164 0.28352865783 0.00892203100201
14 -13.3017461083 4.65664869253 0.605844609065 0.00294745279472
15 -14.162502875 4.83015245579 1.05105047606 0.00383205122693
16 -15.1098675539 4.90153262591 1.3087749758 0.00523918948473
17 -16.0618079049 4.85801017237 1.55525863289 0.0039537110027
18 -16.9801507022 4.50401616283 1.55249260658 0.00512940175856
19 -17.8830680302 4.11360217122 1.52392182964 0.00256461910207
20 -18.6803879411 3.5456951501 1.62481303574 0.00412718119321
21 -19.5154297062 3.2110465504 2.02365073281 0.0037138363193
22 -20.3539471932 2.72729625649 2.19980811292 0.00241276376745
23 -21.2382854439 2.36689645841 2.4367575701 0.00262642202633
24 -22.1522164293 2.02827708465 2.57107606236 0.00686434730074
25 -22.9055013705 1.51991434141 2.94781260592 0.00269362291637
26 -23.5641037847 0.833797710043 3.19910643737 0.0345037716242
27 -24.2944602978 0.221504353819 3.44007892166 0.00362898837939
28 -24.801830837 -0.544777346775 3.78890289949 0.00153825293747
29 -25.2804091734 -1.39828162378 3.88195798972 0.00427058764754
30 -25.6993702083 -2.2642599757 4.08338743024 0.00517325151627
31 -26.1359188715 -3.14465645964 4.07226361413 0.00443512646012
32 -26.7595633665 -3.88281239077 3.89383937155 0.00393643427259
33 -27.2495050011 -4.7309532526 3.97185067978 0.00487569915859
34 -27.8281917724 -5.50416733608 4.15228157303 0.00206428623516
35 -28.0411084051 -6.44746250413 4.32568996676 0.00635966797678
36 -28.2397106714 -7.40932212833 4.34354620572 0.00444105892672
37 -28.3372751069 -7.8194683601 4.32008067385 0.00242362761078
38 -28.4466320406 -8.77289155696 4.1196569705 0.00402889210578
39 -28.4694020685 -9.71333721103 3.84394227085 0.00963491327
40 -28.4917454533 -10.6802845943 3.68587573939 0.00614499203734
41 -28.3719990964 -11.5595167454 3.27008627252 0.00379163805937
42 -28.2638572591 -12.4554375668 2.88838914317 0.0068756464486
43 -28.1598748275 -13.3515896353 2.50653300852 0.00351476374333
44 -28.2604650172 -14.2416811764 2.11009568886 0.00668053525971
45 -28.2983648749 -15.1034357396 1.64621668704 0.00819099407279
46 -28.3126487006 -15.2041725974 1.60058467908 0.00058558047845
47 -28.3763975435 -16.0949976907 1.19942354106 0.00576066140843
48 -28.0866762214 -16.9930166323 0.939016412981 0.00230260801285
49 -27.6836479512 -17.8695868129 0.774008680831 0.00380609212842
50 -26.9107372704 -18.4319227378 0.563705442201 0.00268069905025
51 -26.16690378 -18.9828531983 0.246022957755 0.00465579448156
52 -25.3224724386 -19.3252135525 -0.110659990011 0.00341787593091
53 -24.416985856 -19.537819723 -0.414262683756 0.00521483526037
54 -23.5811648854 -19.5400618975 -0.922702849622 0.00297669419985
55 -23.0946788038 -19.7769161639 -1.73785896946 0.00428570687129
56 -22.3275919919 -19.9218763252 -2.3272082849 0.0219893488549
57 -21.6203027558 -20.5061424652 -2.66437128307 0.00351227917359
58 -20.8718319641 -21.0390799489 -2.33141608615 0.00521569067986
59 -20.1667875255 -21.6599982415 -2.06287318187 0.00499785970673
60 -19.5227538596 -22.3893522662 -1.97542355015 0.00560263707823
61 -19.0109851322 -23.1353972234 -1.60712218955 0.00886458496335
62 -18.5972990547 -23.9009783099 -1.16398124703 0.00255744156954
63 -18.324094507 -24.7337761112 -0.733563971068 0.00132034194323
64 -17.9435434426 -25.5848479142 -0.443489421723 0.00444190281259
65 -17.5174385533 -26.4435214299 -0.258904435148 0.00230062793467
66 -17.1289107597 -27.2322897261 0.165142988274 0.00539840442479
67 -16.8485345793 -28.0590930622 0.601451021352 0.00521090671929
68 -16.3307320771 -28.6454456244 1.18491289318 0.00540328962997
69 -15.9558716332 -29.3784125501 1.70853267846 0.00436815071635
70 -15.5310605388 -30.0435140141 2.2819983699 0.00677237507939
71 -15.2016703374 -30.6549823183 2.96679637364 0.00755465445345
72 -14.8808604455 -31.5137052952 3.29873335167 0.00355520822287
73 -14.4739256679 -32.3974667729 3.35816154023 0.00450389096922
74 -13.8784952227 -33.1688723205 3.34295398926 0.00562725885065
75 -13.0960945322 -33.7493773356 3.32596084269 0.00409672155862
76 -12.21754665 -34.1511116336 3.45205963694 0.00246447228541
77 -11.2843264997 -34.3471331302 3.6511865035 0.00839435990007
78 -10.3340464691 -34.4570361946 3.83347405043 0.00419197743438
79 -9.40412769436 -34.4360148155 4.1213515697 0.00082679961799
80 -8.51780873177 -34.1641300319 4.41888028133 0.00787495895944
81 -7.91287053671 -34.295030702 5.17037340725 0.00560529962319
82 -7.55440088246 -34.3703656422 6.07228274313 0.00476957599674
83 -7.08457817572 -34.2722300975 6.91891598373 0.00593615554465
84 -6.477769425 -34.0553418314 7.64778356412 0.00277033535654
85 -5.77566410863 -33.9161580379 8.30646875168 0.00704032402128
86 -5.00974420148 -33.826176484 8.89875550705 0.0029197011535
87 -4.38354556972 -33.8048972193 9.64233043224 0.00471329522878
88 -3.77280264708 -33.7403303255 10.3959381677 0.00301943839283
89 -2.95281030076 -33.7319597256 10.917574893 0.00401740071719
90 -2.13279198303 -33.3226382045 11.240192568 0.0045302783249
91 -1.71370810283 -32.5786817996 11.7035141866 0.00435518948654
92 -1.67857086554 -31.7096016427 12.1357467709 0.00417601913079
93 -1.78664610421 -30.7842711556 12.4095402178 0.00471954825319
94 -1.84823471078 -29.8654810628 12.7169584242 0.00517032196048
95 -1.88276558466 -28.9737978558 13.0987477566 0.00347491543972
96 -2.28593688118 -28.2056026045 13.53361204 0.0039841588146
97 -2.69370855742 -27.4520428024 13.988910008 0.0043632423033
98 -3.32996248359 -26.8929840591 14.4618452813 0.00614004319639
99 -3.90105344063 -26.2632538934 14.9284698939 0.00194381870837
100 -4.1431940345 -26.0816016237 15.8500307351 0.0239690266997
101 -4.59463766006 -26.1617130087 16.7033743192 0.00619404492996
102 -5.00406988361 -26.341210894 17.5624052767 0.00338513761285
103 -4.99751515511 -26.852571924 18.3844976816 0.00256831551013
104 -5.12257624671 -27.4092962622 19.1664485105 0.00427623176706
105 -5.20677842582 -27.8615810206 20.0179459817 0.004596578498
106 -5.32781662371 -28.085602232 20.951504635 0.00418683620791
107 -5.57213175728 -28.2545727189 21.8721819014 0.00687316831526
108 -6.02525178345 -28.2032030522 22.7248480287 0.00391317028161
109 -6.22565663997 -28.5884267674 23.5885725322 0.0111395003357
110 -6.30599756719 -29.1412666696 24.3766562319 0.00919731548843
111 -5.5460862994 -29.6244692335 24.0294601384 0.00371955761622
112 -4.80035165545 -29.9874235112 23.5361728314 0.00240720065573
113 -4.08548265041 -29.9670724434 22.8883686299 0.00348964258593
114 -3.27126180214 -29.9809636518 22.3713141544 0.00345912538601
115 -2.40561394583 -29.9855530828 21.946350994 0.00326531922552
116 -1.54107367521 -30.3058747839 21.6645819298 0.00730071544912
117 -0.781092012146 -30.1104050874 21.1051188422 0.00619883261432
118 -0.111554591403 -29.8581633402 20.4599877397 0.00251479392722
119 0.418269686007 -29.5497666101 19.7169435621 0.00609835159472
120 0.751498978719 -29.0590308079 18.9584633499 0.00459506179189
121 1.2619742054 -28.6200155953 18.2706492227 0.00337138729625
122 1.35690552162 -28.0204170026 17.5239751577 0.00635672297745
123 1.4293683343 -27.5041190484 16.7155948903 0.00362576773734
124 1.41774866405 -26.9728590106 15.914098279 0.00524741034061
125 1.10921300434 -26.6423322855 15.0657595741 0.00413904928241
126 0.803876330326 -26.1984730883 14.2700406678 0.00317840755456
127 0.291597217216 -25.6596088484 13.6619324067 0.00732673250066
128 -0.238124461627 -25.2585162321 12.9689882692 0.00293152814509
129 -0.681755427062 -24.9808626521 12.1642953938 0.00335083962196
130 -1.12514474172 -24.6797987526 11.3682634996 0.00579342538069
131 -1.55170589042 -24.2575630219 10.6201559552 0.00482707748868
132 -2.2535859771 -23.8529070467 10.10795248 0.00454761640269
133 -3.00641593789 -24.1847843022 9.61695566131 0.000642346357081
134 -3.72337213766 -24.4587870954 9.04346949777 0.0103560219998
135 -4.29905460785 -25.0684230042 8.58189418637 0.00323087572699
136 -4.71381166435 -25.7971785659 8.1209572344 0.00422963750253
137 -5.09491940922 -26.5604106996 7.68847090792 0.0045208844945
138 -5.84401175755 -27.1370242647 7.54647334066 0.0148076532274
139 -6.10693559951 -28.0092740166 7.26140640382 0.00506514809279
140 -5.79133122332 -27.9174854891 6.36512851449 0.00319168001167
141 -5.29027483738 -27.7098606394 5.58007809741 0.00216091276622
142 -4.86703601994 -27.6737189501 4.72579762996 0.00642225482575
143 -4.38507788335 -27.8003194664 3.91303263818 0.00450866186926
144 -3.76502189243 -28.0490127043 3.23377244014 0.00391601753014
145 -3.18705476632 -28.0896730748 2.47785919932 0.00432964165502
146 -2.55066660386 -27.9213720902 1.79028129608 0.00353321932493
147 -1.96377641559 -27.8826105457 1.04225073019 0.030841926616
148 -1.77418567848 -27.9824088643 0.118471373186 0.00495786007057
149 -1.59835008026 -27.9995886448 -0.812621967114 0.00660814330881
150 -1.76968472266 -27.7397428232 -1.70682259032 0.0033973331251
151 -2.08194174181 -27.7523210523 -2.60012255944 0.00383832383717
152 -2.34143453807 -27.9931139972 -3.47724328181 0.00612299112385
153 -2.39635865309 -28.2581822324 -4.38274917315 0.00459886726102
154 -2.13301733026 -28.4013776554 -5.27838425107 0.00439523946228
155 -1.47625665786 -28.834066787 -5.79931966751 0.00774664766829
156 -0.784492721241 -29.4370536826 -6.01219028543 0.00473082064564
157 0.0313791608051 -29.9040996939 -6.05998392767 0.00603625075994
158 0.918701644019 -29.8087793606 -5.76317488503 0.00407550232969
159 1.85757407842 -29.8210335819 -5.72368791687 0.00520527363571
160 2.44658161766 -29.6771081594 -6.44131768032 0.00325527330879
161 3.03464089193 -29.3637694011 -7.10277864992 0.00505840911744
162 3.38343045129 -28.9132171381 -7.84814808328 0.0017484850413
163 3.44430919961 -27.9846882202 -7.96116196322 0.00683493699391
164 3.05068846025 -27.1378524815 -8.02763260346 0.00463215038381
165 2.35061627872 -26.6258067866 -7.67700190622 0.00468791098313
166 1.64076894278 -26.0350227241 -7.82048256631 0.00804874172134
167 0.871043525409 -25.5272218192 -7.96347417069 0.00337540531782
168 -0.0308507298941 -25.6366952214 -8.17388237514 0.00333073653582
169 -0.904005888511 -25.9289953483 -8.31746037804 0.00675944810715
170 -1.73156170873 -26.288035225 -8.54624070677 0.00335416633418
171 -2.28531190227 -27.0236219961 -8.41559483843 0.00493045824793
172 -2.38626800314 -27.9368927376 -8.27883824437 0.00378677868993
173 -2.2982146642 -28.8404683594 -8.08556762922 0.00386974114049
174 -2.0840023286 -29.6194489676 -7.62979516392 0.00176312278532
175 -1.72036040268 -30.1869047192 -6.99267173255 0.00185919092384
176 -0.91260105755 -30.2129070544 -6.53896969027 0.00284781466087
177 -0.209257967299 -29.6627083145 -6.29375986176 0.00563634823836
178 0.589222813577 -29.2145113412 -6.16457859978 0.0168471448062
179 1.50290107536 -29.1826824261 -6.05483517301 0.00646936007114
180 2.37589551841 -29.2725148592 -5.78121002343 0.0041406184979
181 2.96110484951 -29.1036295307 -5.09340504943 0.00373423113851
182 3.10149620154 -29.946603664 -4.76007528715 0.0049079703078
183 3.5951747499 -30.7101702551 -4.65037017643 0.00705067209424
184 3.89785881508 -31.5154894373 -4.95905112191 0.00645376685436
185 4.06248805824 -32.3630734273 -5.25325202509 0.005985805826
186 3.82396499073 -32.9139752975 -5.938395696 0.0159679739897
187 3.79181612886 -33.4816877971 -6.64372708172 0.00403966933434
188 3.71827241846 -33.7393775334 -7.50817150489 0.00403554018563
189 4.0152824069 -34.2657295825 -8.179409296 0.00537870881405
190 4.08431741278 -34.8944118937 -8.82154943686 0.00276224164435
191 3.87914028057 -35.3464378764 -9.57293313258 0.00424828806524
192 4.01021367933 -35.8734260672 -10.2893110928 0.00288778732399
193 4.23420467998 -36.5817893594 -10.7927976533 0.00380019470037
194 4.47079703357 -36.8934347036 -11.5995782063 0.00514217444727
195 4.36056796667 -37.1894354135 -12.4367199414 0.0243807736533
196 4.30996241744 -37.927170838 -12.9203622053 0.00661341196483
197 4.57435739479 -38.689121095 -13.2730652936 0.00329492054411
198 4.57957596627 -38.6444181436 -12.3944114982 0.00651822416338
199 4.56012346246 -38.694752198 -11.5195553407 0.00465943353032
200 4.64437919251 -38.9867584299 -10.7001921272 0.0120003170573
201 5.44496534824 -39.0234462802 -10.3715862794 0.0033438582051
202 6.29438054499 -38.9058413963 -10.2657819912 0.0127285634675
203 6.26182400583 -39.3681348722 -10.986752924 0.0129481254355
204 5.74119060219 -39.874653954 -11.4233473547 0.00298109995716
205 5.28597993817 -40.5342812299 -11.6912734558 0.00760473759507
206 5.00109030045 -41.2913336138 -11.4678217734 0.00533185506723
207 4.55664032807 -41.8148383355 -10.9923457804 0.00585975957503
208 4.24908531528 -42.4972217133 -10.6334144343 0.00696173888289
209 3.97209983728 -43.1320447135 -10.1869197186 0.00588651196813
210 4.18261892731 -43.9189893726 -10.2619839473 0.00842984806699
211 4.47511331894 -44.6664915936 -10.3677870377 0.0212029568706
212 4.21001833989 -45.3507578839 -10.6387048528 0.00703666631883
213 4.31315543197 -46.1153284529 -10.6781980987 0.00662866238674
214 4.85442646516 -46.4404280775 -10.2491044108 0.0121889122107
215 5.43583116012 -46.7135639915 -9.8736785604 0.00305172248361
216 5.13531191971 -46.2384543136 -9.39380886433 0.00197821576311
217 4.77290870796 -46.2282371198 -8.75301975335 0.00894123807848
218 4.24513048809 -46.1582601059 -9.23684862584 0.00769287040341
219 3.76497548451 -46.3458891319 -8.75736047809 0.0131208026239
220 3.57856128799 -46.9785691958 -8.61968802688 0.00937072099205
221 3.83499892111 -47.5453366135 -8.43203053206 0.00505178354628
222 4.11322600776 -47.6772762323 -7.8748671943 0.0192373965815
223 4.55991196322 -47.4980443815 -8.18667876422 0.0105620587576
224 4.28245086434 -47.0497342036 -8.25955659866 0.0120885199735
225 4.68572214387 -47.0642316019 -8.00211346725 0.010240502075
226 4.89165670704 -46.6897205291 -8.01283930018 0.0146868631233
227 4.88292543669 -46.420422269 -7.80929685182 0.0104233279814
228 5.13699386307 -46.334269709 -7.85802122836 0.0132895132602
229 5.15408243047 -46.5321845755 -7.8419307451 0.00585342088262
230 5.17058820017 -46.6895823564 -7.90219996397 0.00750761294949
231 5.30076785538 -46.6782697741 -7.92796929503 0.00855597465271
232 5.2921306109 -46.7288397522 -7.84653752059 0.00796336287764
233 5.33462769004 -46.7232132518 -7.79639301328 0.0141433423587
234 5.33697524018 -46.7418973695 -7.78385928774 0.0114383897889
235 5.33591536936 -46.7399965783 -7.7843186473 0.00292034142944
