29 4.77944794975 1.92427923045 -1.45756278471 2.68885652109e-05
28 4.77945337143 1.92427202775 -1.45756469973 0.0146534462543
27 4.7602129134 1.9221687231 -1.44439727839 0.00871139645187
26 4.80750197857 1.91413608117 -1.43990029127 0.0111805427407
25 4.82181495895 2.00104383698 -1.45165728191 0.00837437335027
24 4.77220972532 2.10843407934 -1.48733005923 0.00965661998943
23 4.91084481957 2.10929418412 -1.38940278683 0.00808563288122
22 4.90459069674 1.9308724039 -1.27595281681 0.0102605657683
21 4.96131133543 1.8094969915 -1.04316895447 0.00802320700121
20 4.9193342674 1.57720015513 -1.25581918896 0.016461329997
19 4.87736426049 1.20268510171 -1.44279567513 0.0172739393576
18 5.22934976201 0.899501900122 -1.24513915826 0.0123955394529
17 5.16228001969 0.714469299557 -0.724019580278 0.00844284974871
16 5.10227758019 1.16225809825 -1.09940281856 0.00691332005618
15 5.01726667329 1.13412059856 -0.494814667674 0.010714930795
14 4.73323814495 0.6944389883 -0.122348836533 0.0087348013921
13 4.28469928437 0.387672292803 0.262216252844 0.0123737967313
12 3.77893090418 -0.0816690328743 0.340489278291 0.00760610828947
11 3.24702031582 -0.548357027141 0.402801772673 0.00478952693963
10 2.95599904919 -0.712337678043 -0.236082983669 0.00415053873533
9 3.40295784458 -0.366814552704 -0.695342785977 0.00493732433365
8 3.97956980104 -0.183005489455 -0.275210978976 0.00586697954192
7 4.10938450669 -0.735009110971 0.210760513335 0.00480967736019
6 4.34695806567 -1.11274284182 0.81969359433 0.00760419107954
5 3.72742666059 -1.56229885916 0.825610970234 0.00393158279809
4 3.05186123107 -1.9071348557 0.686121005985 0.0229812940552
3 2.58556334624 -1.36222426739 0.324310022884 0.00582757523564
2 1.78929721411 -1.35129933792 0.180321619291 0.012961979887
1 1.2561099688 -0.761972537226 -0.0300088975749 0.00409555341995
0 0.442121789399 -0.690856475983 -0.149451247423 0.00914945597685
0 -0.275367018922 0.0227483067747 0.953019806255 0.0153260605239
1 -0.639692075819 0.0407912741772 1.87570429763 0.00525818287402
2 -0.960198489809 0.0793761910365 2.8138620801 0.00344813322206
3 -1.23630939506 0.081500930716 3.76679426037 0.00582627782201
4 -1.59802707369 0.202219416566 4.68266747137 0.00614875509154
5 -1.90705280088 0.292421393638 5.62104030929 0.00433951262472
6 -2.07132103452 0.574473538912 6.55783719975 0.00826293458771
7 -2.37959076535 0.684477102999 7.4942657304 0.00241842820066
8 -2.61794273369 0.884996625833 8.43606404386 0.00545043172843
9 -2.92960085834 1.17617065415 9.33161036023 0.00537012189758
10 -3.32552548282 1.48452522391 10.1871770954 0.0105828956701
11 -3.867405904 1.65116594112 11.0009851052 0.0177874373798
12 -4.34805652332 1.72524579053 11.8652656342 0.00799802795677
13 -4.76184209725 1.72215421363 12.7664787652 0.00477287418444
14 -5.22473921853 1.67872179674 13.6423673407 0.00471495514181
15 -5.66662075302 1.51674285945 14.5151696121 0.00617495792987
16 -6.23607167513 1.29255348121 15.2953126638 0.00664309769817
17 -6.75199271671 0.986355824093 16.0847088767 0.00223077607187
18 -6.51992478849 0.195483105556 16.635727764 0.00143887221116
19 -6.15370687134 -0.469742850598 17.2731655946 0.0207629128688
20 -5.78058258091 -1.13471746227 17.9066341651 0.0035692483023
21 -5.2508912818 -1.79239033158 18.4257706947 0.00140739235896
22 -4.66007991476 -2.42929989293 18.9031241255 0.00516952828952
23 -3.85483096247 -2.98021925804 19.0778020837 0.00733110074551
24 -2.95911236434 -3.38539543098 19.2037673288 0.00545329863354
25 -2.12367975921 -3.91725320574 19.1657186737 0.00769407623314
26 -1.31122372526 -4.480915623 19.2317709045 0.00490546195766
27 -0.46564011309 -4.99767878501 19.2379255532 0.00282813347643
28 0.407800225374 -5.46533100716 19.2593214604 0.00383778174589
29 1.25034152368 -5.95540015158 19.4381137997 0.00472223571887
30 2.20871975538 -6.05157699997 19.2052793043 0.00328289595138
31 3.17688485006 -6.00604773978 18.9991623225 0.00386720552937
32 4.15658886073 -6.04273193375 18.8553793852 0.00316553489312
33 5.1450321656 -6.07859577818 18.7963674046 0.00700455569374
34 6.11683663863 -5.92382936762 18.6808910995 0.0010354328905
35 7.06911219942 -5.69839220328 18.5258779265 0.00486559238197
36 8.05172235349 -5.60972114536 18.4352183489 0.0150981310999
37 9.004232963 -5.38406921995 18.282926906 0.00552729280981
38 9.96014448265 -5.17528347704 18.1281760032 0.00525047755954
39 10.8733010763 -4.84120435872 17.9390525868 0.0150778662601
40 11.6808907543 -4.53625101774 17.4533878467 0.00445405373858
41 12.4106582093 -4.17170828114 16.8916283555 0.00403286146721
42 13.1175003505 -3.78707717708 16.3142179602 0.00568841369977
43 13.7600720294 -3.37004128425 15.6864564777 0.00505062211444
44 14.4192651782 -2.93367311256 15.0899179852 0.00326640781489
45 14.9853958311 -2.54013955467 14.378977363 0.0034797640359
46 15.5688992072 -2.04929145717 13.7470661472 0.0176667521056
47 16.2551523862 -1.54529194392 13.2416628642 0.00489743031553
48 16.8702425024 -1.02960584152 12.661946175 0.00472900073729
49 17.483044353 -0.46285071219 12.129491912 0.0052959709083
50 17.9709669162 0.166902328834 11.5416805672 0.00603680456149
51 18.4619026007 0.882925165919 11.0659357827 0.00102280010622
52 18.9285028764 1.64939864555 10.6478356206 0.00318763263286
53 19.2651609826 2.46237268695 10.1942970029 0.00521880802336
54 19.5144351747 3.31820089447 9.76384485043 0.00398265488425
55 19.7367245913 4.1066375457 9.20814774094 0.0078961761593
56 19.972338787 4.84925314856 8.59762259091 0.00362780950066
57 20.1979971511 5.65361554924 8.06685052339 0.00554887907457
58 20.3318923267 6.4225027586 7.45819626628 0.00392417068802
59 20.4936349168 7.17463717637 6.83558317857 0.00340799280727
60 20.6806997825 7.90878024556 6.19879285971 0.00375834583109
61 20.8960452846 8.62571562967 5.55146709543 0.00494798547675
62 20.9782186232 9.46302198271 5.03048008688 0.00164452732147
63 20.9399624829 10.2816438833 4.47582666722 0.00269665127069
64 20.9285517986 11.0107844795 3.80689336841 0.00562049540816
65 20.8867834388 11.7212807079 3.1194284496 0.00604164785435
66 20.8049323383 12.3858154636 2.39089247692 0.00321128242457
67 20.7035866654 13.0744706196 1.68769748355 0.00444349931509
68 20.425285099 13.7648544057 1.03592052784 0.00521151400113
69 20.1196079266 14.4637858943 0.405963294873 0.00392372172792
70 19.6389559376 14.9564052285 -0.304710664717 0.00265785754419
71 19.1025348147 15.3545902736 -1.03438178586 0.00891910992889
72 18.5229499801 15.7828788054 -1.71200811945 0.00481763980135
73 17.9760049532 16.1275457714 -2.46069397346 0.0052921597333
74 17.361726834 16.5479143799 -3.1120596475 0.0041966995355
75 16.8405528251 16.8158886307 -3.90886031526 0.0045803489131
76 16.3295207247 17.0184648702 -4.73108985059 0.00416017809632
77 15.6952756288 17.1359682431 -5.48079386756 0.00187550571489
78 14.9586222202 17.3017504596 -6.1194595152 0.00406561228056
79 14.2286122926 17.3855877504 -6.78129439236 0.00394760976971
80 13.433138464 17.2862092163 -7.36025731587 0.00286925456573
81 12.4502965853 17.2115298286 -7.2820522797 0.00568849002464
82 11.4870245726 16.999668266 -7.35118817419 0.00766115394158
83 10.5743139739 16.6662472075 -7.53341244295 0.0112482930708
84 9.62756283572 16.4199180999 -7.67542436064 0.00478758547584
85 8.72294424759 16.0866183352 -7.893764307 0.00521082489397
86 7.85282550584 15.7185203625 -8.1842813308 0.00276343413186
87 6.92916294466 15.409729565 -8.35286143628 0.00199265863544
88 6.02455920132 15.0436472371 -8.5095660477 0.00340963136674
89 5.20619923578 14.496686612 -8.59858146573 0.0042841690071
90 4.48209272802 13.8592528002 -8.81323412155 0.00590368022929
91 3.62860912783 13.3890543371 -8.64869078981 0.00156170582641
92 2.78622074135 12.881938851 -8.54984301588 0.00724665966288
93 1.99646343058 12.3017011002 -8.42331224295 0.00859840913229
94 1.22473093714 11.6995152936 -8.28908018196 0.00490028264313
95 0.43657819501 11.1088427073 -8.21145237857 0.00288739607228
96 -0.426147046501 10.7762638883 -8.5595688697 0.00758841209578
97 -1.30674345692 10.4336003018 -8.84772948242 0.00266515417093
98 -2.04040809302 9.79634991155 -9.02513363292 0.00328783841279
99 -2.56089798828 8.98601485254 -9.24468921043 0.00281922467409
100 -2.91893678866 8.08158975782 -9.41647239827 0.00294618202849
101 -3.22587864911 7.14408830268 -9.46632975357 0.00415855529795
102 -3.5665928036 6.2179392441 -9.42540495493 0.00340842952392
103 -3.84465538773 5.2761020312 -9.32022484829 0.00441091336736
104 -3.9719195175 4.2982171352 -9.26656875212 0.00165170481689
105 -4.05847374535 3.31467212423 -9.28760100461 0.00461471864561
106 -4.13457850463 2.33013273417 -9.27878854594 0.00334610244901
107 -4.07037699181 1.34479270699 -9.2884009935 0.00408684475426
108 -4.07545106446 0.357909258754 -9.25601471784 0.00503726209125
109 -3.95236189468 -0.621644421937 -9.24126214963 0.00523907579976
110 -3.93661452619 -1.60865689188 -9.25935917746 0.00332374909957
111 -3.75194939572 -2.57306527485 -9.3618725701 0.0141693464677
112 -3.34744406944 -3.30667998605 -9.88403095995 0.00171821998678
113 -2.88114039476 -4.03864279431 -10.3543404731 0.00466704936421
114 -2.31301514492 -4.60976148076 -10.9247683662 0.00446584120507
115 -1.4974782722 -5.04499530943 -11.2706004157 0.00367929411659
116 -0.636049627919 -5.46669280548 -11.5032360078 0.00221678305301
117 0.19817097709 -5.97476147695 -11.6442272123 0.00376305463549
118 1.05220103042 -6.4667216341 -11.6936355071 0.00303554459865
119 1.94742487307 -6.88076103218 -11.6636178366 0.00241682331195
120 2.84325233873 -7.25755604155 -11.4926641988 0.00112723397676
121 3.78514561738 -7.33089729778 -11.2077796496 0.00716148806263
122 4.76053558848 -7.18253556006 -11.198666849 0.00391000897413
123 5.71696906851 -6.94986092184 -11.2655824982 0.00424907279232
124 6.63269091912 -6.63476550358 -11.4538684745 0.00570785463491
125 7.48142144688 -6.20536709434 -11.7154435733 0.00241479577819
126 8.31318203023 -5.73293584115 -11.9564047181 0.00872735493058
127 9.04185570485 -5.12197739707 -12.218349733 0.00891341311771
128 9.74752071 -4.5430749961 -12.591915484 0.00333130503126
129 10.3474069741 -3.80042795929 -12.8391524619 0.00454473445494
130 10.9312039072 -3.10051575208 -13.2156247278 0.0129514783336
131 11.4356872627 -2.30187423572 -13.497944221 0.00517121594062
132 11.9846285596 -1.53913488087 -13.7959139479 0.00528311831397
133 12.2140873283 -0.802158412525 -14.4091814346 0.00259070652014
134 12.2855226463 -0.0118202090941 -14.9940356137 0.00580191842211
135 12.2789739779 0.829095911623 -15.5082375854 0.00706038147569
136 11.9695527569 1.65601725018 -15.9461921093 0.00453602247299
137 11.484513041 2.38711570806 -16.3950206758 0.00579325761605
138 11.0128963217 3.124806845 -16.8471646998 0.00552097963305
139 10.4303697613 3.84716938458 -17.1783542973 0.00428545260222
140 9.89476603406 4.6415471319 -17.4080614169 0.00338281679245
141 9.191678939 5.33090261459 -17.4396956703 0.00751032440889
142 8.39063293272 5.89835316572 -17.5211792732 0.000782999104294
143 7.60543218861 6.4134341788 -17.8186407042 0.00115431173047
144 6.92122193609 7.05498425073 -18.1195842397 0.00383755287146
145 6.32839812862 7.78584698267 -18.4104003419 0.00341152667986
146 5.86176170074 8.50953631741 -18.8885905867 0.00418336304376
147 5.2028157342 9.05976167199 -19.3713477475 0.00277184955551
148 4.50697638243 9.50496853888 -19.9075857145 0.00405434688492
149 3.6919511623 9.79991363185 -20.3750564184 0.00376842950729
150 2.74651537743 9.9082059478 -20.6280575265 0.0100935213127
151 1.78258222372 9.92856285711 -20.8272120762 0.00296249592639
152 0.823716210166 9.86310975859 -21.0403820057 0.0031781039396
153 -0.069175164916 9.56823626574 -21.331689393 0.00309438338209
154 -0.841952694532 9.0962681667 -21.7177694804 0.00636601547059
155 -1.19659867563 8.81834194289 -22.5930406489 0.00742863193369
156 -1.38315509289 8.41755888395 -23.472495541 0.00405478381599
157 -1.81284724993 7.93379988402 -24.2140842154 0.00413343879812
158 -2.1835033398 7.4942738008 -25.012801633 0.00123908492006
159 -2.36374264361 6.92877528252 -25.7977789121 0.00276585724106
160 -2.45410606718 6.48156068586 -26.6697202553 0.00409900203318
161 -2.51386780919 5.82359165021 -27.3988876075 0.00686414902526
162 -2.55729891232 5.48249600852 -28.3207791317 0.0017518947082
163 -2.66007365088 5.1633854076 -29.2458001646 0.00203187229904
164 -2.63330752813 4.94154175025 -30.2039705185 0.00302602079142
165 -2.93821839926 4.64803271784 -31.0920715679 0.0162877900264
166 -3.14352343506 4.08274689984 -31.8701787945 0.00369653973161
167 -3.3373460155 3.56142089356 -32.6811627042 0.00670237645692
168 -3.53484300452 3.13290773405 -33.5438418887 0.00972612186536
169 -3.88797698956 2.46672162931 -34.1745297402 0.00410070173023
170 -4.21890762446 1.81518285001 -34.8318878752 0.00208888856415
171 -4.52482113564 1.17011448237 -35.5074432512 0.00427159792572
172 -4.65028633986 0.47777621225 -36.1936214373 0.00450590847677
173 -4.54768143041 -0.107287632935 -36.9765617241 0.00399099270224
174 -4.39037506002 -0.709840045743 -37.7367133011 0.00781940046603
175 -4.1866339714 -1.47373809864 -38.3199286015 0.0105349452599
176 -3.89369037243 -2.14728822044 -38.9721015185 0.0245934762015
177 -3.63673282537 -2.83890642154 -39.619726622 0.00303529298089
178 -3.32953291781 -3.66572727104 -40.0504217595 0.00449942530781
179 -3.03105748762 -4.41580391524 -40.6087090832 0.0104114744709
180 -2.60350992063 -5.16211316459 -41.0810410691 0.00144896460936
181 -2.10123991687 -5.81938005401 -41.6088366114 0.00328596963153
182 -1.41041788868 -6.49747983791 -41.7684542692 0.00217200878214
183 -0.658760752842 -7.09837184314 -41.959193474 0.00214812795748
184 0.28273741589 -7.31208666744 -42.1331095463 0.00466252624762
185 1.23791176707 -7.40039942289 -42.3379927152 0.00382428416517
186 2.20118246044 -7.33970083621 -42.5122792521 0.00573705599432
187 3.16793145939 -7.19587982539 -42.5921528441 0.00261123978418
188 4.13227712868 -7.16499199731 -42.767209741 0.00238003335691
189 5.08634413804 -6.97100598366 -42.6507468236 0.00342177119797
190 5.39047744801 -6.9395410735 -42.7368039552 0.00132365265047
191 6.28527823739 -7.12231841361 -43.0721412258 0.00200378617442
192 7.22232932314 -7.22000735672 -43.314439138 0.00191802276263
193 8.15704243446 -7.24673485699 -43.5823382547 0.00446243513007
194 9.0524947409 -7.00975679832 -43.8786999473 0.004630344222
195 9.8718927694 -6.74088324863 -44.3279687381 0.0284461899083
196 10.6281483851 -6.24029240521 -44.6751190514 0.00357908494308
197 11.4503142884 -5.89712534923 -45.0611428923 0.00722552919115
198 12.1545834104 -5.46466220852 -45.5702299007 0.00272395477781
199 12.6503416916 -4.79938414269 -46.0737796736 0.00479873350683
200 13.281557211 -4.2775626553 -46.5941408463 0.0017158886093
201 13.9952059042 -3.79218974375 -47.0372998728 0.00578150535775
202 14.5599858372 -3.0947654552 -47.4051127167 0.0255502432058
203 15.2002760606 -2.41368066906 -47.6585356667 0.00358748959743
204 15.7568598089 -1.83586481059 -48.201022177 0.00374082475909
205 16.3513779288 -1.35173253458 -48.7924491815 0.00316606883472
206 17.1751203684 -1.28986400348 -49.2972371626 0.00165492262287
207 17.9787571379 -0.897734850248 -49.667767323 0.00374854540393
208 18.8977406599 -0.619034052032 -49.7867407783 0.00366763468426
209 19.8057556622 -0.294893258299 -49.8667380636 0.00541888767244
210 20.662125353 0.102872381837 -50.0760814219 0.00437400323435
211 21.4219545363 0.61472142704 -50.3853676032 0.00705207774998
212 22.2417693798 1.09498360746 -50.5625130103 0.00256421108647
213 23.0419752034 1.63665211814 -50.5542135637 0.00251310103714
214 23.803084093 2.18084974313 -50.3130827417 0.00353742583664
215 24.2972018633 2.85500020262 -49.8285782317 0.0067215058657
216 24.423700973 3.67660265072 -49.3370815096 0.0160060796494
217 24.3712877638 4.35823728342 -48.6562242894 0.004685941858
218 24.2518547265 5.1053719604 -48.0580931829 0.00481836245921
219 24.1005990409 5.76705566062 -47.3732129204 0.0170547050017
220 23.8874658222 6.45283669101 -46.7315218811 0.00120395307923
221 23.6949211736 7.09243837521 -46.0377994736 0.00142261732015
222 23.4333212097 7.81348412955 -45.4558143307 0.00313528470223
223 23.3271866036 8.58058898709 -44.8840651552 0.0066289688445
224 23.3441061487 9.48414497748 -45.2138095391 0.00399066453975
225 23.2851604703 10.3886743294 -45.5350884116 0.00777977953242
226 23.0746544913 11.2752686155 -45.8406852255 0.00469351141219
227 22.9008993266 12.1903442478 -46.0762043015 0.00622576175536
228 22.8341548937 12.3890769416 -46.168021454 0.000435531044293
229 22.4143763182 13.2195062315 -46.4014486742 0.00237362267206
230 21.951285609 14.0441898578 -46.5606725993 0.0198494236391
231 21.7371201661 14.4524778322 -46.8097570826 0.000914651571888
232 21.3760896397 15.0965343521 -47.3975308203 0.00492824667205
233 21.0271050349 15.5847515183 -48.1252085024 0.00335972046894
234 20.4092773963 16.1051960765 -48.6106548531 0.0136006603392
235 19.5442357558 16.4718901779 -48.5752112272 0.0058918303119
236 18.7620913123 16.9901178447 -48.5304770498 0.00322767097347
237 17.9445997425 17.2851895232 -48.1751840329 0.00397132817979
238 17.0802729781 17.1676361937 -47.8294796596 0.012734978898
239 16.4691007581 16.9179173979 -47.1652642504 0.00480813923878
240 15.740546864 17.0172712565 -46.5867674342 0.00412907334345
241 15.0113688225 17.3753215141 -46.1243532009 0.00612325049638
242 14.4401265129 17.5092146507 -45.3976703205 0.00366794607997
243 14.1765807331 17.6265946393 -44.5097736586 0.00578264257962
244 14.4140177016 18.2570322162 -43.8655785579 0.00816681267762
245 14.4487402022 18.621384105 -43.0096639997 0.00428274560234
246 14.6284499736 18.6149481567 -42.0970597815 0.0214389633789
247 14.5340353196 18.5444535703 -41.178936871 0.00583700199119
248 15.1334014344 18.0894048769 -40.6433669243 0.00688254008162
249 16.0127907344 17.9126581628 -40.4311207841 0.00426506093497
250 16.7735297188 18.302893506 -40.0892536811 0.0117952510544
251 17.3602401395 18.9411860462 -39.7880755975 0.00223453468345
252 17.6407236196 19.776701344 -40.0419703992 0.00572871481984
253 17.4532072314 20.2628230852 -40.7957353613 0.00385904584337
254 16.8466259164 20.657948983 -41.3552176156 0.00792488823419
255 16.3814173365 20.9249710833 -42.0940405513 0.00353519736567
256 16.2112132097 21.1530365736 -42.9607818064 0.00780616434224
257 15.4187166717 20.9633968624 -43.3638267729 0.00395295385863
258 14.7070937101 20.7858238259 -43.8991850138 0.00622595605502
259 13.804112745 20.8480940063 -43.9297689127 0.00519363439078
260 13.1077104809 20.4961317114 -44.3866919856 0.00772722257228
261 12.3881331883 20.0183756154 -44.6444257997 0.00197081017211
262 12.0566078548 19.2468729103 -44.3185412003 0.00427458234619
263 11.8351725184 18.3832614672 -44.2025564868 0.00224762790815
264 12.3466271799 17.7158976073 -43.886150202 0.00586333394556
265 13.1656071189 18.0683522258 -43.9751532244 0.003891341855
266 14.0509856224 18.0189792104 -44.0929194174 0.0038820154147
267 14.841084142 17.7547393584 -43.7709894435 0.00580960642189
268 15.4156520141 17.6022291283 -43.1068380315 0.00473930092299
269 16.1183569203 17.5064999195 -42.5706127147 0.00396028232714
270 16.8887841384 17.6333432306 -42.9919009327 0.00732506031904
271 17.7148479758 17.3310696291 -43.075827414 0.00595480358343
272 18.5460504013 17.2450755949 -43.3547258308 0.00267819211823
273 19.1953718408 17.6763953573 -43.7626697087 0.00716067680373
274 19.6292555501 18.3473842423 -44.122108204 0.00645295676202
275 19.3786083151 19.1508831886 -44.3525187216 0.00438293858122
276 18.8134863978 19.8075165173 -44.4342803477 0.00446785005441
277 18.1185349801 19.407388626 -44.1024183898 0.0058696575424
278 17.6400041453 19.0990182848 -43.4510867027 0.00801773576455
279 17.2716057354 18.914180486 -42.6957832725 0.00462976113392
280 16.6640397755 18.6979983399 -42.1313881003 0.00447945445047
281 15.8228034761 18.5583245311 -42.1635516321 0.00757706739081
282 14.9827762393 18.674663866 -42.1565405586 0.00756080373174
283 14.1481999173 18.6829576389 -42.2715759202 0.00494584298879
284 13.5748567895 18.9414226562 -42.8273723062 0.00248277783812
285 12.8055314051 19.2094782164 -43.0181283811 0.00142434844114
286 12.0669210925 18.8195593894 -43.0393088011 0.00570085947901
287 11.3416345017 18.4504858035 -42.8722491749 0.00970423418151
288 11.3385421624 17.8532691123 -43.4381668202 0.00635938347162
289 11.679651327 17.2264817337 -43.8345599334 0.00349339672237
290 12.029083693 16.77442189 -43.2558511169 0.0199763716952
291 12.4652025477 16.1934085502 -42.9522105496 0.00902887208878
292 12.8380118559 15.6108414642 -42.6012521957 0.00567164951826
293 13.5504584588 15.432947276 -42.3784702138 0.00545344691261
294 13.2877387401 15.9462058288 -42.8732527441 0.0199509314996
295 13.2533938613 16.5697374085 -43.2436152224 0.00574560858061
296 12.6328891576 16.8484990216 -43.4634174251 0.00988479664707
297 12.0509785295 16.6902986446 -43.8081653998 0.00858937120884
298 11.8492718202 16.1650972787 -43.4354028356 0.0135765217854
299 11.9239901703 15.5789045616 -43.6785137612 0.00942225343112
300 12.0240286371 15.2032232706 -43.206877399 0.00497140756472
301 12.1889458866 14.7848702414 -42.8177822304 0.00232384676656
302 12.3844513422 14.2324123882 -42.8063288332 0.00670201370668
303 12.2907780807 13.7480945157 -43.0758627407 0.00497632528973
304 12.6675157699 13.6510595597 -43.4547808233 0.0123787100196
305 12.2778451604 13.9063198065 -43.6038891389 0.00827313980127
306 12.4065087398 13.5156009388 -43.4237927614 0.0194471389161
307 12.139281326 13.3195744364 -43.46571461 0.0107579358512
308 12.025844951 13.3627189581 -43.2271077345 0.0044282968002
309 11.9983073225 13.4885546604 -43.0216835359 0.00696660267146
310 11.8653213046 13.6437833966 -43.0114150407 0.0115532162139
311 11.8190601537 13.6815131194 -43.1452853424 0.0155427762172
312 11.8934951953 13.6675756235 -43.1191135542 0.00698584352526
313 11.8495194132 13.6976376451 -43.1067552884 0.00961233137261
314 11.8374195481 13.6868134787 -43.1270332741 0.0110760209648
315 11.839149419 13.6892905046 -43.1298862888 0.00463141495935
