119 11.2119599808 -15.4312818412 9.25656622434 0.0103859465753
118 11.2193750187 -15.442206111 9.25349529549 0.00850965191134
117 11.2081264479 -15.4692065107 9.27135063062 0.008562098944
116 11.1470867806 -15.4634128716 9.28179846313 0.0063742190628
115 11.2152595074 -15.5157268481 9.28494516524 0.0161260734403
114 11.1793404655 -15.6173567512 9.39869981546 0.00685109021629
113 11.1790935133 -15.4349251115 9.45565031711 0.0101510134912
112 11.3620030697 -15.3040619705 9.35680958096 0.00636460843106
111 11.2295932325 -15.0626582479 9.42023741835 0.00910082551844
110 10.9780569983 -15.1584261419 9.21279165536 0.0100054145431
109 10.6073268578 -15.3188739953 9.18687091262 0.0167757016159
108 10.218911169 -15.3996962529 8.90096729443 0.00968108987305
107 10.2655842182 -15.1857714065 8.41593952217 0.00719175716519
106 10.8082369576 -15.2526214953 8.53625334653 0.00754769061249
105 10.2573953708 -15.4541042799 8.56360136035 0.00671796890328
104 10.5190654145 -14.9100060323 8.64757937938 0.00853468568667
103 10.4684696054 -14.3490931375 8.3526528114 0.00589706461362
102 10.4134261648 -13.8025683231 8.0008987791 0.0135724851245
101 10.5236660654 -13.1625000872 8.22086101584 0.00787676601869
100 10.6019751824 -12.7404939106 7.6630724438 0.0110275562665
99 10.8178508684 -12.0992613239 7.92282237518 0.00948093579831
98 11.2908889372 -12.2794245676 7.38008020378 0.000737985825133
97 11.4075992828 -12.274403356 7.27310918151 0.00554831629858
96 12.0514892505 -12.6266542992 7.63695310013 0.00585103821635
95 11.8475703003 -13.3002675335 7.2069463504 0.00479416606545
94 11.1659248538 -13.5090700561 6.78379236852 0.0074216911842
93 11.1196904089 -13.3844445782 5.95797614805 0.00291620043685
92 11.6055827806 -13.163174222 5.3117811257 0.00705600378536
91 11.7344414674 -12.6657717439 4.64248479643 0.0075451099821
90 11.8004419132 -12.6520159123 3.79527651954 0.0119601938479
89 11.6568854354 -13.4473267155 3.5109419711 0.00802338737131
88 11.2536168175 -14.1219023536 3.15714613773 0.00790987553911
87 10.5325164661 -14.5999600417 3.11162445581 0.00454536567301
86 10.1300786285 -15.3533419063 2.95151046162 0.00369442931192
85 9.40261866877 -15.2558227085 2.48176286513 0.00906360200265
84 8.8344815435 -15.090188438 1.83511227411 0.00592306759017
83 8.09699560894 -15.0101762051 1.36321756764 0.00512263921486
82 7.50276401307 -14.7257268812 0.776974274661 0.00543302415481
81 6.75718156367 -14.3684659127 1.08986296139 0.00859972695726
80 6.39628126358 -13.6213051646 1.40565975385 0.00641206689142
79 6.25695332494 -12.9343718301 1.95553990029 0.0129038061512
78 5.44429266185 -12.8395241346 2.32017050108 0.00123612435773
77 4.95318190575 -12.4393052938 2.10769478354 0.00403810656301
76 4.1872232038 -11.9521358919 1.85953643989 0.00768055785216
75 3.29928400711 -11.671032393 1.71741668071 0.00197237829161
74 2.57367933915 -11.3429338607 1.21297761299 0.00668832062921
73 1.82014484081 -11.0116679784 0.751720703542 0.00432934269388
72 0.995649301901 -10.6808725286 0.432315669311 0.00885845037626
71 0.524029203362 -10.2650449049 -0.273964687175 0.00426313032957
70 -0.0874082592675 -10.1537480848 -0.987401445769 0.00840187953564
69 -0.313870974008 -9.67568590483 -1.77327890271 0.0036478142501
68 -0.763347068317 -9.00435292233 -2.2681971513 0.00221372542197
67 -1.16544219589 -8.60802430005 -3.02975990474 0.00455028095023
66 -1.38341714341 -7.94498738784 -3.67191742229 0.0033452179237
65 -1.00923480008 -7.07700448248 -3.75051900953 0.00264349718635
64 -0.310603193725 -6.43670643518 -3.70464899329 0.00335920039512
63 0.536240515509 -6.03479902712 -3.55539569555 0.00319011594122
62 1.28099240964 -5.91797850193 -4.13319355846 0.00369461755923
61 2.09380328927 -5.91333814204 -4.62524970305 0.00554223760367
60 2.96011710701 -5.89376494832 -5.01634387869 0.00170978230589
59 3.42734154265 -6.12050315886 -5.81336906541 0.00357945065717
58 3.85152039463 -6.44135013797 -6.60254998606 0.00505406361535
57 4.29236289442 -6.8022483466 -7.36547261425 0.00432022445072
56 4.78604322453 -7.50294770682 -7.78040961292 0.00562451201855
55 3.9886972534 -7.64972586019 -8.28120864627 0.00660633018759
54 3.28432823902 -7.79996201782 -8.90641658936 0.00458352453838
53 2.59887248168 -7.920336287 -9.55923470705 0.00385571950864
52 1.81962563176 -8.11640595936 -10.0743287252 0.00507264676858
51 1.02753537673 -8.12821101122 -10.6076253738 0.00355364740649
50 0.192301408168 -7.90433040398 -11.0134361953 0.002094319285
49 -0.620774656266 -7.64266014678 -11.4415251797 0.00253828652373
48 -1.33846747341 -7.41258195832 -12.0293112862 0.00308452361857
47 -2.07994102932 -6.9529769447 -12.4201538442 0.0038495684263
46 -2.68968088694 -6.43722083261 -12.9463099878 0.0049512121523
45 -2.97017012704 -5.54924779043 -13.1653619133 0.00465317502995
44 -2.4571912044 -4.94611946677 -13.703294402 0.00452341267249
43 -1.90136450041 -4.38244592327 -14.2421506701 0.00931879521523
42 -1.12981710176 -4.37612054453 -14.8107229047 0.00522633079065
41 -0.246746063404 -4.30464910823 -15.1771265203 0.0188426908002
40 0.688958564086 -4.14167066705 -15.3178759899 0.0176206686294
39 1.64818465006 -4.09297496015 -15.3622043389 0.0154566720477
38 2.55688237614 -4.38120484434 -15.4956053588 0.00262449263514
37 3.36057630122 -4.90967765557 -15.4540253104 0.00452128295203
36 4.00930342106 -5.45149732046 -14.9920938282 0.00387985757108
35 4.59445063194 -6.05079408407 -14.5158945067 0.00200289891339
34 4.87157975543 -6.72058405148 -13.8807770601 0.000671245388058
33 5.27702695505 -7.35626201603 -13.2804823839 0.00243125604911
32 5.64630372264 -8.13057821571 -12.8411573316 0.00466704198492
31 5.37808685457 -8.74853522636 -12.1511873213 0.00317963817003
30 5.21423823018 -9.33716138595 -11.4048381992 0.00563673674012
29 5.0826133025 -9.88610276758 -10.6222378732 0.00116760008697
28 4.71077674994 -10.4203238464 -9.90985497968 0.0193259802796
27 4.3272877172 -10.9342130386 -9.18714548532 0.00886260307497
26 3.78142546053 -11.4539077131 -8.58196664249 0.00639859751812
25 3.21493197179 -11.6771305081 -7.83064618685 0.00175518799045
24 2.77417730461 -12.1146646789 -7.08922733819 0.00500255659021
23 2.25577423722 -12.5720156789 -6.41251744127 0.00255770953276
22 1.6854700094 -12.8589474057 -5.68545106821 0.00644090337147
21 1.0011258473 -13.1983074596 -5.09113862308 0.00205660461213
20 0.28315489413 -13.5729823334 -4.56106750535 0.0028542912553
19 -0.592232113601 -13.699028899 -4.16760431986 0.00458808671325
18 -1.54600685317 -13.7132791004 -4.00190327999 0.00315533969749
17 -2.3118643197 -13.3830604428 -3.50964392109 0.00438456688912
16 -3.06630192569 -12.9588237425 -3.07474180245 0.00500978158075
15 -3.9021439015 -12.4822096489 -2.96151395709 0.00804418037032
14 -4.57738977648 -11.798153148 -3.08611622132 0.00639420439563
13 -4.9417158464 -10.9016266585 -3.02666720699 0.00361361352392
12 -5.14501802051 -9.95345457368 -3.02355806491 0.0107564549232
11 -4.97162615447 -9.02467174633 -2.80279856903 0.00621523435323
10 -4.87580578038 -8.06380430661 -2.7052059743 0.00512111637557
9 -4.72518735551 -7.19425622625 -2.30049518864 0.00401085376871
8 -4.51403644179 -6.25706315498 -2.15944863958 0.00927051833894
7 -4.28941556506 -5.31211894751 -2.17484123219 0.00781866529729
6 -4.10962812762 -4.36108067597 -2.08825072084 0.00398547880647
5 -3.94336824242 -3.41577316453 -1.93527425147 0.00724849050833
4 -3.58399040865 -2.52079050893 -1.81236759809 0.00363849552051
3 -2.93348474633 -1.91439193836 -1.41891089593 0.00418874639792
2 -2.23478907599 -1.27714169222 -1.19160222568 0.000984316365918
1 -1.60673679784 -0.69106468689 -0.735288289607 0.00352470752536
0 -0.9048186294 -0.161232979736 -0.31935503834 0.00416638076246
0 -0.23578219475 -0.152398972605 -0.945129605691 0.00473006311156
1 -0.514142612721 -0.394722054599 -1.85930723994 0.00658156606572
2 -0.748140220611 -0.285156357142 -2.81062790947 0.00539573193021
3 -0.863456407234 -0.00386032628967 -3.74827168155 0.00503436674703
4 -0.459516545519 0.817626113911 -4.11306503895 0.00794503731734
5 0.130101695328 1.55808387467 -4.38671925817 0.00241707178098
6 0.471790802371 2.4696875639 -4.53818500855 0.00362239859897
7 0.746425463654 3.37885722755 -4.80012716951 0.00177405403686
8 0.586337937228 4.29229043186 -5.1327022539 0.00324026264187
9 0.155902430019 5.08825157697 -5.52217245836 0.00287829943418
10 -0.565918525525 5.71866720375 -5.7500472847 0.00156507568993
11 -1.27353926773 6.39492100791 -5.86077755895 0.00349463522351
12 -2.07153921303 6.97083428626 -5.9021692186 0.00481342387326
13 -2.94755805755 7.35556510298 -6.13592724907 0.00394174663099
14 -3.92218923476 7.46062594168 -6.2306787636 0.00332837997275
15 -4.8068448624 7.37572432573 -6.65503812523 0.00289423915615
16 -5.71614246323 7.28820244462 -7.02287909497 0.00312703635004
17 -6.36222770398 7.21209600708 -7.25303682984 0.00116649707165
18 -7.2006874181 7.01332215056 -7.7282858207 0.00377034680991
19 -8.07657648112 6.89838329584 -8.16169526796 0.00526740706901
20 -8.99067700802 6.60919573406 -8.38252761886 0.00406615063066
21 -9.94600656467 6.43007934195 -8.53445391868 0.00608970405289
22 -10.8870591495 6.22821756589 -8.73764008642 0.00497705020167
23 -11.8499555768 6.10035896109 -8.58302047725 0.00452087589904
24 -12.8146056181 5.90915348294 -8.59478596101 0.00251317352259
25 -13.797852551 5.8987423066 -8.61131851361 0.00646842213411
26 -14.7198848805 5.94699302094 -8.94971518491 0.00338611200631
27 -15.6415711758 5.73546366325 -9.21913054034 0.00299841688136
28 -16.5288746533 5.43368501584 -9.51637568418 0.00205394794726
29 -17.5096321296 5.3969365393 -9.45831409589 0.00167345730574
30 -18.4908293528 5.45631270749 -9.47470659291 0.00625924830309
31 -19.467079959 5.3974580239 -9.57361082022 0.00579306747548
32 -20.4340425716 5.42201961842 -9.74820168654 0.00588010635612
33 -21.3741421423 5.40302561749 -10.03413382 0.00290386860604
34 -22.2853158943 5.22778001788 -10.3579505768 0.00372055392474
35 -23.2075123822 4.9689387278 -10.5774537265 0.00371242811344
36 -24.0499299552 4.58013182509 -10.9009904723 0.00650547895184
37 -24.8786351018 4.23308905825 -11.2986044445 0.00192897676818
38 -25.7240301354 4.02552437686 -11.7540871029 0.00514890144925
39 -26.5622982549 3.91089647303 -12.253311917 0.00595182618476
40 -27.3837812768 3.59370931946 -12.6884418203 0.00362357247465
41 -28.0853812021 3.07474042997 -13.1390731884 0.00320144421461
42 -28.6316563857 2.34058904375 -13.495536446 0.00415823475628
43 -29.1628972212 1.57662039958 -13.8092324162 0.013414072664
44 -29.7601000796 0.908448193028 -14.210026288 0.00760972566882
45 -30.1619966171 0.0508765602682 -14.4677142254 0.00668076867492
46 -29.5938408823 -0.218350876124 -15.2214357972 0.00268714431272
47 -28.9784797219 -0.320484599402 -15.9791732274 0.00214279158634
48 -28.5285000211 -0.373017920627 -16.8498332764 0.00869554656974
49 -28.0153831823 -0.467084545901 -17.6809311254 0.00359108432773
50 -27.4161540427 -0.733244097636 -18.4107805718 0.00562763286698
51 -26.9942288136 -1.08882792691 -19.2219293028 0.00724016560767
52 -26.6721324372 -1.5520401457 -20.0242816921 0.00327091559664
53 -26.4598845135 -2.07880262865 -20.8239055531 0.0038921519116
54 -26.1800173385 -2.5776063114 -21.6205298389 0.00449660979681
55 -25.9178867163 -3.15433029064 -22.3689655002 0.00519598228799
56 -25.6165051183 -3.49428977724 -23.2378495922 0.00749139075113
57 -25.3624143063 -3.80068796886 -24.1337250849 0.0146144997664
58 -24.5248175737 -3.72460521205 -24.6362959206 0.00597119268245
59 -23.6045368994 -3.72474710957 -24.9718807973 0.002254996343
60 -22.7175932779 -3.66097406584 -25.3826381746 0.00458590679926
61 -21.9603461439 -3.48121455128 -25.9772936152 0.00321749483699
62 -21.2759980438 -3.18536703347 -26.6124017681 0.00656455054543
63 -20.5157579222 -2.76928417003 -27.0680852764 0.00379563285786
64 -19.6248917171 -2.39745985792 -26.9052656033 0.00364956254729
65 -18.73749641 -1.98704320787 -26.8575072037 0.000873829104144
66 -17.82135049 -1.65222055518 -26.7755333568 0.00505157168785
67 -16.9841900696 -1.17615585185 -26.6011269476 0.00523216310833
68 -16.1844231969 -0.612836258624 -26.5760573901 0.00591216021993
69 -15.5580595895 0.13169981553 -26.4731066956 0.00961403506129
70 -15.0149267574 0.890678732996 -26.1802988047 0.00527978236042
71 -14.5704560268 1.72252642117 -25.9215749715 0.00504942352185
72 -14.1367980417 2.5784949554 -25.7334109937 0.00420870398188
73 -13.8421876841 3.51026113005 -25.7632684255 0.00198672551264
74 -13.5307884201 4.39524031757 -25.4882094759 0.0149270189245
75 -13.3538215851 5.25705035073 -25.4360806727 0.0044046395047
76 -13.3531405196 6.22616588393 -25.5501032743 0.00845097028268
77 -13.4887289705 7.17334144036 -25.7401277431 0.00471348821819
78 -14.0985141346 7.93007779949 -25.6576681287 0.0100416076642
79 -14.7641704768 8.64115474036 -25.614608329 0.00994277133924
80 -15.5672202814 9.175851085 -25.4764096347 0.00267474103205
81 -16.4498842838 9.48388375874 -25.2011578765 0.00464459234717
82 -17.3915821045 9.49509914716 -24.9512133067 0.00568157038457
83 -18.3148079237 9.36726726902 -24.667837576 0.00578638308079
84 -19.1596917975 9.00957864486 -24.3410211361 0.00784481888119
85 -20.0693456841 8.89340026712 -24.0138901715 0.00490315264306
86 -21.0162938639 8.79613522968 -23.8104867368 0.00219023834181
87 -21.8974039039 9.20949854221 -23.8210696314 0.00433757543296
88 -22.2565436808 9.33103545471 -24.7177157507 0.004520291173
89 -22.5033617007 9.11933159661 -25.6351409993 0.00611865754647
90 -22.533611107 8.96224046455 -26.5950377481 0.00534436870065
91 -22.4981327093 8.89456363074 -27.5649571151 0.00109973524574
92 -22.4229640276 8.9588158148 -28.5327953513 0.00736481614309
93 -22.2100444985 9.04521336972 -29.4778062613 0.00239990244713
94 -21.7306978495 9.17902642136 -30.3131395214 0.00385373261647
95 -21.0887855199 9.34743246942 -31.0234502427 0.00375444712961
96 -20.3471895315 9.73265185034 -31.5194624283 0.00344474110401
97 -19.6091420664 10.2038396406 -31.9405227322 0.00420162549779
98 -19.0375194523 10.772871407 -32.4820212418 0.00222303261316
99 -18.4646606366 11.4036776872 -32.9483022402 0.00233703338996
100 -17.8293303939 12.023571714 -33.3424111869 0.00405948066979
101 -17.3231608677 12.8015679514 -33.6275692713 0.0113762130196
102 -16.7658775027 13.5533269522 -33.8845608622 0.00342598453975
103 -16.1541157796 14.1986017961 -34.2730019323 0.00351668957738
104 -15.5260680458 14.9305788672 -34.3769935689 0.00444375159595
105 -14.8578549022 15.5927025695 -34.6131232529 0.00482549082175
106 -14.3728795887 16.35277374 -34.9700210626 0.00286781095025
107 -14.3531779795 17.0843152797 -35.6062224577 0.00255686850017
108 -14.3065331784 17.764626312 -36.2955116567 0.0398976973921
109 -14.3344925527 18.4987063469 -36.9250272897 0.00580844882575
110 -14.5760456369 19.2075258034 -37.537002993 0.00356571400976
111 -14.9398945512 20.0237711815 -37.9057635699 0.00315984683359
112 -15.3232678065 20.7525826695 -38.4119910999 0.00673857825047
113 -15.8054892705 21.4023238411 -38.9401651228 0.00173373438549
114 -16.343991497 21.9290782158 -39.5452387962 0.00220415977419
115 -17.0143961582 22.357970247 -40.0928231778 0.00296753078709
116 -17.6361391633 22.7168389292 -40.73910366 0.00339418047149
117 -18.3740640306 23.2708661544 -41.0232953864 0.00315406156471
118 -19.1308746601 23.7490708437 -41.3845225388 0.00542948683694
119 -20.0890776191 23.847497013 -41.4418411813 0.00522941128754
120 -21.051544209 23.8945373719 -41.397906889 0.00325662157937
121 -22.0150581684 23.8660550787 -41.3677382185 0.00630727424629
122 -22.9267990414 23.6547307265 -41.136606119 0.00598498587076
123 -22.959646365 23.0848341188 -40.3598238256 0.000973375690596
124 -22.9452366914 22.5586081384 -39.5523185349 0.00300864091773
125 -22.9808637533 22.1534457446 -38.6785284962 0.00246170336094
126 -22.7653225681 22.0495000447 -37.7449946288 0.00113314305108
127 -22.4236864028 22.051311069 -36.8439900007 0.00310971527228
128 -21.9691936318 22.046551667 -35.9946235962 0.00330345649441
129 -21.3966340827 22.2139799363 -35.2386274173 0.0250850634561
130 -20.9296833088 22.460348229 -34.4353426342 0.00179946788862
131 -20.3631425694 22.8223855132 -33.7486967062 0.00400294159454
132 -19.7328740111 23.1427046818 -33.0982876582 0.00860646771183
133 -19.0167264992 23.2119589954 -32.4627530242 0.00323396485617
134 -18.4021155713 23.2085551975 -31.7255252739 0.00939206812122
135 -17.8137851662 23.3545802016 -30.9823108083 0.00549236321654
136 -16.9990821025 23.5668598288 -30.5244002874 0.00313119062821
137 -16.2047378694 24.1019225363 -30.5039564132 0.0135144685143
138 -15.6158006361 24.849817209 -30.60021252 0.00233548462537
139 -15.2069342587 25.340950286 -31.3125202873 0.00547606317549
140 -14.4555406898 24.7609038962 -31.1981807558 0.00252912603803
141 -13.7911322046 24.0770496442 -31.1305840142 0.00123442437153
142 -13.2457384573 23.3018117049 -31.2531152668 0.00121129205768
143 -12.5906879909 22.621622702 -31.399774738 0.00479329587965
144 -11.7623843495 22.2503244521 -31.6973465698 0.00391204409016
145 -10.818363124 22.2084071754 -31.5604008596 0.00237611053389
146 -10.1163679462 22.8518278382 -31.6270588719 0.0102665331743
147 -9.49008012119 23.4815441082 -31.9744820672 0.00582587008856
148 -8.92507697749 24.2326404295 -32.1320951669 0.00372307483408
149 -8.63273428867 25.1176128116 -32.329245532 0.00764095031121
150 -8.54013989428 26.0450571141 -32.1362338393 0.00108011974972
151 -8.88219430571 26.923813444 -32.0077232964 0.01113476531
152 -9.40605011799 27.6998859418 -31.8442527692 0.00849290459634
153 -9.95771224287 28.420890918 -31.5658389094 0.00654464451289
154 -10.7268152007 28.9175107852 -31.3166934076 0.00539816964612
155 -11.5236291939 29.2916486285 -30.9642489809 0.0043394735161
156 -12.3402766652 29.7338573382 -30.7758266888 0.0027011730232
157 -13.112484239 30.2445166233 -30.9764904275 0.00377059446564
158 -14.0077191367 30.1154931222 -31.2565371486 0.00579625584716
159 -14.8254569768 29.9564132553 -31.7052420266 0.00249039264085
160 -15.6646183539 29.99211684 -32.1402640654 0.00521125175209
161 -16.4973372047 29.8522519915 -32.5650286725 0.00563512080301
162 -17.3035097858 29.6472855645 -33.0123481744 0.00496278181205
163 -17.8611513698 29.353638723 -33.7152494823 0.00272871132175
164 -18.5895284295 28.9126162337 -34.1213672004 0.0635910291381
165 -19.0236393335 28.1722576851 -34.4877076733 0.00285652311625
166 -19.5379124213 27.6439477569 -35.059204392 0.00293014753369
167 -20.0295773272 27.1157762462 -35.6495603628 0.00913747610918
168 -20.417485511 26.5833148026 -36.3069294014 0.00397124381139
169 -20.3939966909 26.127333948 -37.1172781796 0.00768493344971
170 -20.2724583486 25.6377022195 -37.8967767839 0.00759410706731
171 -20.0612091449 25.2886111464 -38.7291556124 0.00569457503735
172 -20.0093562769 24.9564241743 -39.5917834458 0.00533009398145
173 -20.1495970526 24.5638166654 -40.4170159549 0.00251868612567
174 -20.1823090408 23.872604702 -41.0287468349 0.001845974228
175 -20.4771380651 23.1580442103 -41.5332023449 0.00302551115076
176 -20.6939891116 22.51947742 -42.1626605001 0.00572714688683
177 -20.4006934167 21.7617996956 -42.5961289548 0.00485156962676
178 -20.2228210399 20.9132154103 -42.9024461199 0.00241409137306
179 -19.6956825365 20.1608974931 -42.9215806752 0.0035724053337
180 -19.0366875901 19.5487059497 -42.7383714432 0.0333627650135
181 -18.3392400801 19.0350454683 -42.4642388363 0.0222223237307
182 -17.735216391 19.6900219737 -42.5989474495 0.00488218803736
183 -17.7268012701 20.1630338087 -42.3715833478 0.0108603399991
184 -18.1766691273 20.617982521 -41.9473910523 0.0064215037528
185 -18.6662556457 21.1914172146 -41.8741695884 0.00504295172682
186 -18.7120799634 21.5335372796 -41.9349925259 0.000805003036974
187 -19.3512234695 21.6320549666 -41.9644941762 0.0139499866105
188 -19.3106833765 22.1100614141 -42.3351700233 0.00618232012884
189 -19.8877408254 22.0819953397 -42.2434129632 0.0112316580558
190 -20.037758127 22.3222024496 -41.7792337444 0.0177854373729
191 -20.2504894376 22.2273536454 -41.3776297655 0.0246527972218
192 -19.9586994128 22.2033403631 -41.2489071209 0.0102292779549
193 -19.8126853453 22.3026447239 -41.0611137287 0.0148701660942
194 -19.9466032062 22.206788328 -41.1282735332 0.0257109522837
195 -19.9729272812 22.1814245517 -41.0733222775 0.00819657165061
196 -19.9882168876 22.1668991884 -41.1052228641 0.00923458660121
197 -19.994912945 22.1664765488 -41.0917595342 0.00714289418603
198 -19.9981031592 22.1660831019 -41.0923524393 0.0039356357976
