159 6.24031453763 -19.8903968319 -20.9884248433 0.00541595851855
158 6.24367040176 -19.8871930771 -20.9860343598 0.0121801556024
157 6.24907976599 -19.9115446395 -21.0042123395 0.00507925797205
156 6.27172523112 -19.8731765151 -21.014834759 0.00880086170719
155 6.24833728147 -19.8811100645 -20.9419176178 0.0114397424756
154 6.23079839896 -20.0014744976 -20.9210504354 0.00597100957376
153 6.27438139921 -20.0717186831 -21.0480625191 0.0106441773236
152 6.11234118147 -19.9484048909 -21.0746085421 0.00456093476157
151 6.094275692 -19.8542005542 -20.8656077189 0.0355710681504
150 5.75768290276 -19.5675156818 -20.8576849165 0.00646333874327
149 5.92672361464 -19.4126096702 -20.441958671 0.013554204155
148 5.6598088315 -19.8588255751 -20.3176059368 0.0189844561454
147 5.89851489635 -20.1939976127 -19.8743578694 0.00476755479343
146 6.3533849372 -19.8523997518 -19.6292108296 0.0335790472874
145 6.4936834423 -19.458030743 -19.0613269639 0.0319119316133
144 6.4349209733 -18.7119689115 -18.92400927 0.00440593943852
143 6.86743575845 -18.2484760251 -18.49074199 0.00199993551213
142 7.00222066568 -17.5330017179 -18.2388517659 0.00753077188806
141 7.58645696638 -17.3576197026 -17.7507997289 0.00346227194127
140 7.51968949354 -17.1064058754 -17.00847664 0.0070611088837
139 6.8941206725 -16.6321202254 -16.8906411934 0.00924556713014
138 6.48004546109 -16.0176376483 -16.5704931622 0.00268259006244
137 6.09724617826 -15.4000752173 -16.92865754 0.00621305173454
136 5.47503099165 -15.0269774945 -17.3029478153 0.00311788801694
135 5.42296732317 -15.2635478916 -18.0868805724 0.00346970691272
134 5.61042709438 -15.5776711379 -18.8247797955 0.0055042332937
133 5.4102700981 -16.3756168292 -18.9125998692 0.00684490357506
132 5.27351504308 -17.1929520563 -18.8256921624 0.00475988648541
131 5.35717589014 -17.9973922986 -19.0421325947 0.00664866620023
130 5.78623484576 -17.5987643741 -18.4355904569 0.00539593045684
129 6.19195238374 -17.0983655876 -17.8856441127 0.00848711728265
128 6.41221981642 -17.1906628797 -17.0659609784 0.00522115315367
127 6.34621525629 -17.8770281861 -16.5580362476 0.00419976885098
126 6.02311387678 -18.2409307648 -15.8494408673 0.00287699687034
125 5.63388410506 -18.0706944422 -15.099938228 0.00754823249065
124 5.33608746734 -17.7789675495 -14.3407541887 0.00523218828446
123 5.39747353481 -17.7079537873 -13.476391763 0.00767847742059
122 5.24408357733 -17.1224485384 -12.8472646875 0.00642599704831
121 5.03247664726 -16.7418729746 -12.0863438658 0.00244609587851
120 5.54057453623 -16.066740786 -12.321242098 0.00884674109676
119 5.92987558535 -15.2901419061 -12.469610587 0.00621620710669
118 6.38981265396 -14.6571989542 -12.882020812 0.00555545010613
117 6.25027394418 -13.9306245092 -13.3713799043 0.00614152568177
116 6.05261839729 -13.2912930542 -13.9579346799 0.00779176007344
115 6.35164862406 -12.8670778315 -14.6850707968 0.00372016549346
114 6.68652416083 -12.7121470035 -15.5005347798 0.00328869847967
113 7.06617588509 -12.7011976435 -16.3124049783 0.00719003587167
112 7.43458138026 -13.0052334468 -17.0738804586 0.0047584689231
111 6.70976123943 -13.1856762243 -17.5761562946 0.00777764355141
110 5.93421744472 -13.059546228 -18.0206744866 0.00828568870684
109 5.36777305467 -13.0243333841 -18.7268563712 0.00779851693023
108 4.84149603307 -12.8915731125 -19.4554170084 0.00553798826691
107 4.16779151523 -12.4736180379 -19.9015987489 0.00333236820306
106 3.85319637278 -12.0648238353 -20.652807818 0.00509878962381
105 3.85437664162 -11.2038916197 -20.9540232588 0.00739075336398
104 3.7636686325 -10.4951694746 -21.5248541509 0.00664371559476
103 3.65918633614 -9.81556340373 -22.1306667372 0.00523722333439
102 4.45891028612 -9.36672563368 -22.1516630492 0.00373990034495
101 5.30955367961 -9.03536081277 -22.2509741394 0.00407614830077
100 6.10060257684 -8.95642809036 -22.7132024018 0.00842159446729
99 6.95693975673 -9.11383361848 -23.0149916944 0.00269271443365
98 7.83417258437 -9.28684907238 -22.7896294502 0.00614174688373
97 8.74522621416 -9.39959718605 -22.8900549574 0.00555325075175
96 9.5370331896 -9.87718975268 -22.8816867755 0.00473793317293
95 10.0920028671 -10.4438537326 -22.4037041504 0.00405100389232
94 10.5404110574 -11.1353304339 -21.9795930513 0.0046093243791
93 10.2283851253 -11.2692179502 -21.1154002582 0.00707503208959
92 10.0340570989 -11.5915923458 -20.2650727127 0.00386704992042
91 9.70768550828 -12.1161696433 -19.5693931209 0.00374023750619
90 9.0911249754 -12.5131654626 -18.9958465718 0.00589731124482
89 8.58283349553 -13.103466272 -18.4841221268 0.0139134496263
88 7.80099588734 -13.553355269 -18.2404728272 0.00506212732648
87 7.20525251487 -12.9177911751 -17.8999394815 0.00535014977728
86 6.59184470416 -12.257711882 -17.6460460867 0.00766346949354
85 5.96199708608 -11.6490890407 -17.3116840527 0.00340740093259
84 5.1749085249 -11.2900607636 -16.9489195795 0.0100647466924
83 4.7784941731 -10.4543665298 -16.7837685818 0.0075874573806
82 4.7665190473 -9.5163479974 -16.8539001146 0.00222118805569
81 4.38808302498 -8.65553825723 -16.8906681262 0.00221195483209
80 3.91624421527 -7.84095756277 -16.8907257387 0.00696227596972
79 3.34077788726 -7.13712073785 -17.1390064799 0.00801893848047
78 2.82135326628 -6.3958970208 -17.4056944359 0.00371058290178
77 2.82730034503 -5.500443631 -17.704792378 0.00246611406038
76 2.71480997699 -4.56606216535 -17.7828601413 0.00446595753283
75 2.47993974435 -3.65099081403 -17.7624167298 0.00485360827057
74 2.29083670025 -2.74098513734 -17.9365570972 0.00280068893489
73 2.36371066841 -1.86933032078 -18.2970544491 0.00452446121615
72 2.89766016193 -1.1811114829 -18.6677388727 0.0025919323972
71 3.50369470453 -0.714359846606 -19.2262455379 0.0035097924094
70 4.28514678376 -0.657190334332 -19.759072712 0.00397874525671
69 5.1449039504 -0.956367999317 -20.023108669 0.00400199744066
68 6.08013117127 -1.10418460367 -20.0751556934 0.00407517315944
67 7.00649837128 -1.30881074586 -20.0654424443 0.00329521231576
66 7.82718595747 -1.77209907649 -20.1781855717 0.00212475230575
65 8.38070889317 -2.42796245101 -19.7719286636 0.00374713902587
64 8.55934459545 -3.29780694852 -19.4346153685 0.00950587429761
63 8.38455187258 -4.12944483555 -19.0076834545 0.0116006355559
62 8.08273254025 -4.71127760743 -18.3165661745 0.00414700785695
61 7.58649917588 -4.79175712502 -17.5068536258 0.00517564399448
60 6.95154848737 -4.90483529918 -16.804595324 0.00626376995684
59 6.36025415559 -5.03015304934 -16.0663184124 0.00445589026005
58 5.57225639258 -5.31794270885 -15.6113974548 0.00630456438126
57 4.69805445181 -5.59994077898 -15.3507783518 0.00626674105639
56 3.96471324849 -6.06671375201 -14.9542049533 0.00581650292443
55 3.15347240062 -6.49498106295 -14.6852827838 0.00449130213414
54 2.51793026618 -7.0025587249 -14.1819593059 0.00533551798967
53 2.08038169899 -7.37179952781 -13.4148348648 0.00602082934107
52 1.47563924258 -7.79174488059 -12.8025389852 0.00938094045118
51 1.18888224028 -8.6458409793 -12.4763079287 0.00583435087954
50 0.863336804153 -9.44487002083 -12.0582951616 0.00505847654307
49 0.840996279034 -10.0445606121 -11.3097320966 0.00238294007497
48 0.75670780102 -10.4976831097 -10.4679387523 0.00252405884373
47 0.529427653828 -10.7085613746 -9.55939280762 0.00318498318054
46 -0.129419190124 -11.1600106098 -9.02698497627 0.00561464653438
45 -0.871001661648 -11.0095338368 -8.43564256478 0.00359876793918
44 -1.66561135172 -10.9703439575 -7.89732376686 0.00537396492728
43 -2.44123044543 -10.6021700292 -7.46576751706 0.00455449538241
42 -3.12997115205 -10.1650605444 -6.95714411931 0.00802125400206
41 -3.41198837555 -9.534913877 -6.28715960065 0.00461764303967
40 -3.89270177511 -8.84359822661 -5.8214982345 0.00236580897406
39 -4.21864747391 -8.11793305254 -5.27980429184 0.00585640885191
38 -4.39810697426 -7.35781432076 -4.71669070732 0.00405098705168
37 -4.52803560269 -6.68589402565 -4.03887174666 0.00321463467517
36 -4.48032149642 -5.96233941762 -3.4045680998 0.0029596133727
35 -4.18269871428 -5.35759281909 -2.71585619793 0.00720944130153
34 -3.54010454444 -4.69702121304 -2.43338705185 0.00414304672503
33 -2.70729074655 -4.22723854447 -2.30991922425 0.0211081790929
32 -1.78618406695 -3.95612079436 -2.20916439207 0.0067647427822
31 -0.873216433832 -3.64389011649 -2.25253521515 0.00412056025607
30 -0.0838063431139 -3.14677504313 -2.5037983385 0.00476190224846
29 0.72849684228 -2.64214155922 -2.64318127415 0.056541917651
28 1.59885604279 -2.22261833847 -2.72266889636 0.00587171843308
27 2.41891018129 -1.75066633782 -2.93532311771 0.00376811652587
26 3.38747944863 -1.7650996876 -2.98461753815 0.00314412886227
25 4.3363502302 -1.61791199013 -3.12266944164 0.00421198779399
24 5.30142611083 -1.52184004365 -3.0934706608 0.00556624755222
23 6.26791361861 -1.60737766268 -3.11698120763 0.00865899992293
22 7.18601017092 -1.85368883855 -3.31502172759 0.00365750373495
21 8.09560679002 -2.11583718684 -3.53190093109 0.0040866374159
20 8.89042082185 -2.5768105018 -3.84703605402 0.00350575809846
19 9.08667466544 -3.5052590205 -3.63905540384 0.00429147256508
18 8.77962998219 -4.42219381845 -3.54375990569 0.00523159815497
17 8.16277655576 -5.16579696915 -3.43829339875 0.00268166812907
16 7.42964147227 -5.78579566834 -3.28686664146 0.00551364287044
15 6.88338869159 -6.58138628806 -3.40482035386 0.00208016762625
14 6.20216373056 -7.24333490092 -3.61273033319 0.00693214736345
13 5.29523214121 -7.55777999139 -3.7696432381 0.00645655344894
12 4.37429812452 -7.78902859373 -3.98169881027 0.00350530518919
11 3.40590031785 -7.87163015353 -3.93494009754 0.00850945499756
10 2.46690008843 -7.6772411748 -3.76764247047 0.00284034033928
9 1.56351912315 -7.36061223006 -3.59052817553 0.00456768335056
8 0.764744687719 -6.8659845697 -3.33478373555 0.00410973456333
7 0.104395153589 -6.25772623463 -2.957366514 0.00672274914764
6 -0.464413287941 -5.66116581296 -2.43806667635 0.00212812998182
5 -1.03458073841 -4.9426746878 -2.10974520454 0.0159070562523
4 -1.4035904503 -4.14321625335 -1.69138195053 0.00384268997751
3 -1.41556958894 -3.2625447096 -1.27319959138 0.00678626293209
2 -1.31103095735 -2.39543219423 -0.839290677021 0.00643562692587
1 -1.08237069609 -1.47775624448 -0.600525103512 0.00710441982449
0 -0.666855683294 -0.65659931223 -0.276494431878 0.00513395944436
0 -0.329277638547 -0.331808318941 -0.866700882081 0.00380908837785
1 -0.469819422545 -0.759490139375 -1.74243602529 0.00398785589947
2 -0.653942245449 -1.37438395479 -2.48898688706 0.00413584647866
3 -0.787745702075 -1.81930407726 -3.35699908959 0.00777725148561
4 -0.911622188067 -2.23864612616 -4.23896519262 0.0115971772467
5 -1.1912722359 -2.78863446947 -5.00569229777 0.00198021582022
6 -1.39650012983 -3.50650443544 -5.64673913768 0.0023505786106
7 -1.51616450784 -4.07460675133 -6.44133157994 0.00684124384698
8 -1.72097171718 -4.82684728065 -7.04152966224 0.00288257105188
9 -2.04198813817 -5.25167635764 -7.86893365897 0.00612686538716
10 -2.1207454331 -5.76947418339 -8.70176060169 0.00406992964261
11 -2.06712686097 -6.52720823869 -9.32671434134 0.00392713733039
12 -1.86809669792 -7.42133260075 -9.68482357801 0.00376271115695
13 -1.57540158387 -8.31772602174 -9.96403069369 0.00604184888692
14 -1.10253278868 -9.17057076578 -10.0902916537 0.00435065952918
15 -0.567716498857 -9.97980717369 -10.2510495011 0.00311842580957
16 -0.0929491579411 -10.752539442 -10.6307435948 0.0226833726822
17 0.596304620963 -11.3707270381 -10.9602485025 0.00307536442475
18 1.36635810595 -11.9479624891 -11.1588833671 0.00446410834009
19 2.29663273686 -12.2604727158 -11.207539127 0.00368333259956
20 3.26055048328 -12.4466356323 -11.1688091808 0.00447608238686
21 4.19353648795 -12.7438338334 -11.2483587848 0.00340850178396
22 5.14776344008 -12.8666800897 -11.4467524712 0.00182125604802
23 6.09014158825 -13.0802045594 -11.6235359655 0.00742441456209
24 7.03009700981 -13.1801867929 -11.8902382917 0.00547978989891
25 8.00495760219 -13.1746580639 -12.0085493448 0.00665690046865
26 8.97231346775 -13.1055328807 -12.1620193898 0.00531742392066
27 9.84284546505 -13.048919233 -12.6125353572 0.00226526292656
28 10.6991691009 -12.6590865497 -12.8928245148 0.00616225496565
29 11.5687643921 -12.3522037201 -13.2292856657 0.0037653359629
30 12.38404053 -12.0347134712 -13.6742514859 0.00388995776118
31 13.2548890474 -11.6836189717 -13.9598770541 0.00439759965788
32 14.0938161672 -11.1808531612 -14.0399573951 0.00363096815131
33 14.8019026945 -10.5362738195 -14.2543874698 0.00356587687446
34 15.4467013883 -9.84123621286 -14.5070908325 0.00409301525784
35 15.947098379 -9.02727774545 -14.7297627365 0.00234818906345
36 16.4109913351 -8.17536384991 -14.8761518687 0.00448975006143
37 16.8023887273 -7.3039425423 -15.0989308487 0.00435695816655
38 17.0537855811 -6.36307428627 -15.2152927612 0.00255971543071
39 17.3523983906 -5.50318135555 -15.5804618887 0.0013105888795
40 17.378452398 -4.5763344212 -15.900037421 0.00263453012775
41 17.7217052339 -3.65774467072 -15.894325305 0.00341981779321
42 17.9744302294 -2.71040047039 -15.8812540854 0.00274670712104
43 18.3965387742 -1.83247222069 -15.9928185696 0.00355998130325
44 18.7397540391 -0.946394761947 -16.2342970379 0.00452688246838
45 19.1978530441 -0.0897690408262 -16.3659604084 0.00187357520788
46 19.4442469967 0.851164830054 -16.4877760283 0.00698762090955
47 19.3687897716 1.82000155373 -16.6151664293 0.0030710079662
48 19.3224084944 2.78826681649 -16.7591458962 0.00793845643632
49 19.3235053073 3.7666525367 -16.8117999426 0.00329189096035
50 19.245539224 4.7357436666 -16.9327906962 0.00649207500271
51 19.3106857512 5.67309967444 -17.2097179664 0.00519832183886
52 19.3041546433 6.54386670074 -17.6581732121 0.00734556823885
53 19.5176295371 7.48160910754 -17.8424505492 0.00211374143965
54 19.4585101512 8.4551402146 -17.9290690743 0.00416669267363
55 19.2355320631 9.20834181673 -18.5136610372 0.00481068173227
56 18.9383064569 9.97168444061 -19.0498049645 0.00563594196324
57 18.3751808688 10.3551213203 -19.7527974849 0.00338565532745
58 17.9283322575 10.4666832994 -20.6166341443 0.00326708712404
59 17.3820164924 10.4889713826 -21.4285056176 0.00304614908051
60 16.8899395897 10.4841389045 -22.2745583927 0.00390901957954
61 16.2623027199 10.38229207 -23.0184218752 0.00494658351481
62 15.756373977 9.93135085489 -23.7241170686 0.00518038723228
63 15.3567103933 9.40634077671 -24.4463893949 0.00223752027096
64 14.8774729856 8.94853820276 -25.1658769654 0.00367727490112
65 14.3277962442 8.49375450972 -25.8349650298 0.00428200660169
66 13.8037177851 7.83369445746 -26.3308627193 0.00306086994337
67 13.3269264637 7.28051502855 -26.9811479894 0.00512747342982
68 13.005313769 6.75981614501 -27.743688089 0.0243924872675
69 12.8591548724 6.13728955468 -28.4823539798 0.00303913939925
70 12.9110485666 5.37233414867 -29.0876206824 0.00903996872665
71 12.9825061619 4.64688331452 -29.7374556846 0.00424510407577
72 13.321727751 4.06755238438 -30.4465169155 0.00308142567245
73 14.1966992927 3.81699197758 -30.0935275349 0.012100290428
74 15.0524834683 3.34930262996 -30.0626231983 0.00625825328609
75 15.9954483914 3.10925414608 -30.1321116284 0.0122132715796
76 16.9109497785 3.16266562392 -29.8006237517 0.00140107046105
77 17.811957004 3.40737589842 -29.5194506604 0.00260631290501
78 18.4830867731 3.85390648787 -28.9708559216 0.00834054998004
79 19.1699728705 4.41044381956 -28.5603590772 0.00501178448408
80 19.522803947 5.04469249762 -27.9098583122 0.00398371579778
81 20.0542648868 5.83208674883 -27.6934017895 0.00325399958612
82 20.3438387483 6.74466746124 -27.513445892 0.00582382816864
83 20.6138178121 7.67482766971 -27.4109788533 0.00195891131243
84 20.908574478 8.59077071741 -27.2605926682 0.00399581158206
85 21.0804290155 9.53950036524 -27.1245043015 0.0024945192828
86 21.1260982081 10.5067785418 -27.2256518126 0.00455967770418
87 20.9180749642 11.4571657452 -27.2584189679 0.00744577351511
88 20.7166281303 12.4091429963 -27.2458750168 0.00498358202228
89 20.3967835674 13.2134449418 -26.8013738667 0.00379852467885
90 19.8002745091 13.9739356955 -26.6911979792 0.00709379569449
91 19.0237841808 14.5404403318 -26.5432983743 0.00487607488898
92 18.2053614963 15.041303126 -26.3862657061 0.00569590268419
93 17.4715972049 15.630733829 -26.143252707 0.00458980827808
94 16.6194483068 15.871875892 -25.7428854939 0.00347648000728
95 15.9692858076 16.493513718 -25.3752785184 0.0038385499343
96 15.2724273507 17.1531314653 -25.2231826182 0.00115366451926
97 14.5773053176 17.7708724454 -24.9421214988 0.0053028125873
98 14.0301055119 18.2834158927 -24.3244689372 0.0021793485315
99 13.4188413028 19.0222097493 -24.1707753847 0.00308205840634
100 12.753173942 19.6729909355 -23.8946785361 0.0053152103112
101 12.0039085214 20.1328599929 -23.4828607657 0.00399540417915
102 11.1067022252 20.2765005775 -23.1416220942 0.00615899131113
103 10.5661763244 20.0065247221 -22.3820868356 0.00313374713989
104 9.99640003521 19.952081252 -21.5984499063 0.00553077026433
105 9.29418387649 20.2861092757 -21.0186112457 0.00551911682526
106 8.80551524234 20.5279736045 -20.2164968701 0.0077646246619
107 8.2750762238 20.92775171 -19.5103853181 0.00666381370381
108 8.11723998038 21.4300824761 -18.6967232869 0.00458605414573
109 8.04230113825 22.0777363644 -17.9800592267 0.00255162636642
110 8.05360964176 22.7343523441 -17.2679208455 0.00618107131229
111 7.78963136671 23.2257315257 -16.4762327499 0.00156522887944
112 7.58448962217 23.6078447271 -15.6103316936 0.00302932167907
113 7.28181413139 24.0012354826 -14.7789883077 0.00500685750877
114 6.85248454034 24.2899319038 -13.9608921736 0.00276734686414
115 6.58952011686 24.63727286 -13.0966320341 0.00465335519886
116 6.26171277101 24.7585441985 -12.1943281164 0.00557438817775
117 5.8968633823 24.8030505566 -11.2995653221 0.00222936576138
118 5.56513125337 24.9089127897 -10.3972274236 0.00517231700184
119 5.2713076245 24.905171847 -9.47604058327 0.0048824506555
120 4.96521623437 24.7154385112 -8.57902214992 0.00253617552968
121 4.53106281817 24.5108315522 -7.74022759619 0.0039167288694
122 3.80633076427 24.8527572335 -7.20091545123 0.00288875239023
123 3.05920535031 25.2769117766 -6.75994430438 0.00369950690302
124 2.26142936243 25.4749251926 -6.25344861589 0.00256485443401
125 1.96210108447 25.4043353387 -5.3380345992 0.0128328890873
126 2.49904416945 25.6515891961 -4.57562517719 0.00551277423593
127 2.61575400886 25.8418334939 -4.35648981519 0.000582986175597
128 3.19252788045 26.5235551679 -4.01054678935 0.0044199527598
129 3.9964166398 27.0389037022 -4.07667448284 0.00779936381425
130 4.74382973879 27.6357220656 -4.08347939377 0.00204915223436
131 5.55203097653 28.134688891 -4.19470833212 0.00353531942275
132 6.3046202234 28.7117279531 -4.07407543487 0.00334136619569
133 6.96990184576 29.300003563 -3.72077666005 0.00536472451656
134 7.27760829622 30.0189516538 -3.17194282099 0.00399532299337
135 7.7756743806 30.7691305456 -2.85424124301 0.00517768428485
136 8.38163707974 31.3783281905 -2.43877391672 0.00792529662432
137 8.78075314248 32.1728678531 -2.09414736276 0.00347553229815
138 9.13056844349 32.9405022382 -1.65010610312 0.00199803025455
139 9.01336705935 33.7310832671 -1.13070743806 0.00316901122622
140 8.78706091526 34.3837020326 -0.474177212953 0.00448818664582
141 8.61978500454 35.0477532833 0.187893940124 0.00629739813035
142 8.57900030602 35.2235458663 1.12284351195 0.00328398097752
143 8.56726666851 35.4729078366 2.04135473101 0.00817361416518
144 8.84349692376 35.7521620691 2.90729337859 0.00311996723401
145 9.04570970519 35.6671779335 3.832242657 0.00370856083242
146 9.10207520475 35.3056975687 4.70909092817 0.00567073654237
147 8.82382954403 34.8413594384 5.48894724994 0.00608067640985
148 8.64930103788 34.3275990805 6.26704165932 0.00377522431058
149 8.75910665365 33.8639017317 7.08680897971 0.00462737263227
150 9.14766781438 33.460816104 7.85127938619 0.010743784581
151 9.70209151122 33.1030274596 8.52928877321 0.00706644088122
152 10.2247383292 32.7151884718 9.21469814853 0.00441814227023
153 10.5762440379 32.4766594672 10.0586301835 0.00453051626175
154 11.0378057452 32.1858022107 10.8291261449 0.00384867835481
155 11.3745615569 31.9454760278 11.6772767412 0.00504906151235
156 11.9701868542 31.7235909449 12.3735195459 0.0025695621885
157 12.8178166172 31.6678590198 12.7808281806 0.00613812828358
158 13.5935148774 31.2489584556 13.1102139683 0.00515135129382
159 14.348556573 31.0428433121 13.6317071009 0.00759938344135
160 15.139188185 31.316377007 14.0585970794 0.00331263137988
161 15.7648940096 31.7796947812 14.5831696857 0.00786218519952
162 16.6478246559 32.013357103 14.7937647611 0.00454831660789
163 16.7978011467 32.3867154458 15.6402381638 0.00920929978252
164 17.3081964636 32.831188638 16.2858482942 0.00540421826584
165 17.4372459167 33.3806451418 17.0307029186 0.00407489486008
166 17.3993110993 33.5809674217 17.9422873243 0.0207307240221
167 17.74238316 33.6487554019 18.8041002152 0.000817676961556
168 17.8692621833 34.0863917574 19.6145961294 0.00497104747384
169 18.0766730153 34.7272166963 20.2536871252 0.00307234314687
170 18.3249581438 35.309870605 20.9318518936 0.00538866360854
171 18.7072204174 35.6823041173 21.6897028751 0.00835396605898
172 18.8606049301 36.2644212058 22.3919915708 0.0069863329965
173 19.0507661239 36.6515893611 23.2086843657 0.00540279545906
174 19.071850101 37.2559354088 23.9048216812 0.00536201829071
175 18.9452997963 37.3524387551 24.8122119696 0.0054259516265
176 18.9735768164 37.5984949793 25.6980873541 0.00713989134993
177 19.3310677456 37.6839306367 26.5391997223 0.00703629871577
178 19.9249503248 38.2960610229 26.8712690256 0.0121245344332
179 20.4660308522 38.8817846284 27.3137338637 0.0155392629749
180 20.9691353139 39.5700469802 27.6234328899 0.00532520907583
181 21.1644508248 40.4483721355 27.5245400974 0.00703220142133
182 21.3100221377 41.2899940708 27.2316116527 0.00649801184766
183 20.9910895758 42.110466148 27.0412955886 0.00319974764805
184 20.2194634904 42.2210911633 26.5920040812 0.0113159254879
185 19.5450917294 42.2718968139 26.0046528443 0.00541628186626
186 18.7343610802 42.1237573878 25.6601708444 0.00361861808698
187 17.8700970786 42.0950819176 25.8776787334 0.00330419491229
188 17.0014344002 42.2548240472 25.9893033713 0.00621456759423
189 16.7696643595 41.4760103091 26.3469691187 0.00356781924523
190 16.3123398868 41.737054571 27.0605998699 0.00417333660882
191 16.0715452529 42.1087458008 27.8269844479 0.0120164517642
192 16.4629746814 41.3856649533 28.1365971977 0.00154212171097
193 16.4377866408 40.8927713679 28.8634752352 0.00367962942293
194 16.5164882609 40.7626939634 29.7273318778 0.00550236179049
195 16.6166940011 41.3163475068 30.3957803296 0.00279317520145
196 17.2946341761 41.4207146274 29.8574700053 0.00437014438973
197 17.7991370152 42.1177153785 29.7356193092 0.00681397087271
198 17.0390830249 42.5293550796 29.7008645697 0.00575539746084
199 16.3901034431 43.0852917356 29.8110896147 0.00629631727906
200 15.780271846 43.5897912027 30.1419889154 0.0077582834915
201 14.9450991738 43.7544264056 30.0960033122 0.00635336063467
202 14.2892389266 43.8450679891 29.5651678881 0.00897384790966
203 14.1407329253 44.507416766 29.0671644905 0.00523681942375
204 14.128633442 45.2481294193 28.6763988533 0.011395102268
205 14.0491518439 45.9931286349 28.3241893557 0.0131954065956
206 13.8719540687 46.6001198404 27.8086021322 0.00417562469361
207 14.0476768392 47.2075814143 27.2997657723 0.00544877564805
208 14.0238124848 47.7508863921 26.704639029 0.00816891873742
209 13.7127417879 47.6247583278 25.9844331462 0.00628359457278
210 13.5913922578 47.9428070825 25.2750646408 0.00891298992464
211 13.2606439385 47.2437430601 25.2544513421 0.007446779993
212 13.7315296828 46.6777574831 25.454664371 0.0411394157251
213 13.9851525492 46.8888758234 26.059032016 0.00674660106403
214 14.3032782279 47.2601916262 26.5202614434 0.00380860155093
215 14.8136754186 47.3483452409 26.9332840912 0.00782443799158
216 14.7420027286 47.9419575014 27.1643954676 0.00906771833317
217 14.3351553225 47.6524624761 26.8065543492 0.0070018715497
218 13.9403260882 47.5514340586 26.377794766 0.0408163154496
219 13.7011050486 47.313937751 26.1396523511 0.0114739347195
220 13.9620545456 47.1380986422 26.2676004288 0.0135776018607
221 14.0101066183 46.8899596661 26.3097905099 0.0199203242798
222 13.8901962675 46.8638827556 26.2206241663 0.0136168572154
223 13.8960856613 46.7841200462 26.2655022945 0.00432640811876
224 13.8985000536 46.8205228933 26.1998479902 0.00445974311585
225 13.9224508845 46.8570651241 26.2392905546 0.00749974068001
226 13.9387376395 46.8622580158 26.2693705778 0.00828417809952
227 13.9249490972 46.8628470287 26.2730871058 0.00486766274924
228 13.9255356248 46.8678259291 26.2761127925 0.00586672351646
