58 8.00091080662 -9.65210291622 -9.1457955333 0.00906176807348
57 7.9999202543 -9.64344458495 -9.13899898661 0.00918760575418
56 8.01648793951 -9.66744578987 -9.12450109588 0.0107562075205
55 8.07391671778 -9.68654598542 -9.15506618721 0.00488752307587
54 8.14450880301 -9.65464426987 -9.1929414874 0.0103228162353
53 8.19272222512 -9.69951070875 -9.08149137562 0.00694070050894
52 8.10702847274 -9.61432024154 -8.97273177773 0.00585618298007
51 8.25285029615 -9.50056588891 -9.02493051251 0.0140783201434
50 8.06206038322 -9.6882178899 -8.99531721322 0.00817565085599
49 7.79233990942 -9.80337444507 -8.86859013176 0.0245883723379
48 8.14695579202 -10.0899003939 -8.78723186646 0.00834622772076
47 8.64333866525 -10.1563763514 -8.82770850697 0.00492703071582
46 8.17669449151 -9.94149810982 -8.72464818973 0.0134321573796
45 7.8900630423 -9.54462767213 -8.41987495425 0.00677600467033
44 8.48375497392 -9.51237593582 -8.34107118976 0.00931379684052
43 8.78123050561 -9.00445385364 -8.11905341811 0.00384945560527
42 9.45604586167 -9.09869386956 -7.94658658768 0.00487152365239
41 9.90165232522 -9.64559511377 -7.74896895564 0.00648524009308
40 10.5051115999 -9.87033822594 -7.37623721288 0.00826887430906
39 11.198764924 -9.70964168221 -7.63366677785 0.00453806207252
38 11.7141150356 -9.8757863764 -8.17355751987 0.00629207661003
37 12.4793800003 -9.85341446702 -8.27991258451 0.0147459887695
36 13.1218877991 -10.095670788 -8.67559116166 0.00643766794971
35 13.802601295 -10.0788568276 -9.10085243488 0.00688264463116
34 14.2017705841 -10.4411680488 -9.70625380475 0.00453575686549
33 13.7102604445 -10.9809260719 -10.0678565319 0.00507319887975
32 13.6224148768 -11.7793433163 -10.2296321119 0.00459757109569
31 13.1060667835 -12.320638489 -10.5748454038 0.00327649357523
30 12.5437042138 -12.681592994 -11.0622795311 0.00212345509318
29 11.7474237776 -12.878551409 -11.1786295336 0.00201210994708
28 11.0092631888 -12.7641793045 -10.8156155262 0.0103653611949
27 10.4766043637 -12.1245713827 -10.9193903495 0.00858233950457
26 10.4069717145 -11.5514292756 -10.2853559853 0.00490360159215
25 10.0133074349 -11.1307992636 -9.62825941073 0.00244527724652
24 9.43044213954 -11.2466258417 -8.98582976815 0.00624692819207
23 9.28826723046 -10.8612090663 -8.20911440103 0.00471651817549
22 8.83897133931 -10.1257898525 -8.03125393092 0.00884670375473
21 8.25709769658 -9.55757982863 -7.68408917821 0.00583925351471
20 7.58788288449 -9.37835787752 -7.71224845041 0.00503506006718
19 6.72462484395 -9.02287685224 -7.57036819522 0.0127204791053
18 5.91425011355 -8.53968008139 -7.6387200743 0.005315505831
17 5.08806136528 -8.22039300739 -7.97306791946 0.00532642463263
16 4.3211379078 -7.67052618314 -7.8901471908 0.00399288337031
15 3.90622377867 -7.10773720373 -7.24974727308 0.00746859368123
14 3.60634180464 -6.45584411763 -6.62865946502 0.00488961126981
13 3.13711715259 -5.889322472 -6.02818973151 0.00254410261766
12 2.62243488623 -5.43894869237 -5.36893127153 0.00279089588624
11 1.98136231502 -5.12226616073 -4.74313049629 0.00311035519467
10 1.9784658456 -4.33430532269 -4.21163526818 0.00398705367055
9 2.06778602668 -3.80751464215 -3.42470123452 0.00580760190514
8 1.92667568516 -3.47493076474 -2.54398008184 0.00320153271065
7 1.83171238422 -3.23363239957 -1.62762938459 0.00476744022254
6 1.49033304892 -3.02452392872 -0.763058015308 0.00402327636279
5 1.29293270711 -2.65122605402 0.0914570505031 0.00314900848673
4 1.31630579988 -2.0056772095 0.792515477102 0.0189467459611
3 1.45163090436 -1.12873923943 1.14528116466 0.00356546891147
2 1.61479721431 -0.31250891985 1.61401046184 0.00235369369946
1 0.87061027214 -0.599832842196 1.08798965315 0.00137343661498
0 0.198673852134 -0.309901976527 0.473254136805 0.00276429982006
0 -0.164845893657 0.948840342092 -0.222605185259 0.00549041340261
1 -0.401389991504 1.87347236114 -0.479549700491 0.00272378475977
2 -0.648702509676 2.74044942144 -0.884626646846 0.00441197208625
3 -1.01722968695 3.58976610988 -1.23051535944 0.00659406100849
4 -1.54144130058 4.36395287358 -1.55064224134 0.00498680650308
5 -2.20895262211 5.05750699013 -1.77408863874 0.0043291358332
6 -2.92197228919 5.65898601395 -2.1000837944 0.00465335575032
7 -3.65196603151 6.20456634713 -2.48193960539 0.00396858607273
8 -4.35597769282 6.61674776655 -3.03944996186 0.00239759186195
9 -4.98684976826 7.13687726372 -3.59420771295 0.00427132270747
10 -5.68888304094 7.59701515551 -4.11536491809 0.00571810885614
11 -6.48718116657 7.95760145721 -4.57223294836 0.00243624525658
12 -7.31893352939 8.22159015792 -5.03534973293 0.0051915468169
13 -8.08846115655 8.70091735073 -5.42766479409 0.00454779844066
14 -8.90867157421 8.24435304236 -5.12023111855 0.00276739303463
15 -9.76872048032 7.78752663537 -4.95516619405 0.00282231693735
16 -10.4571106559 7.08534623429 -4.86237271402 0.00744420680804
17 -11.0591407984 6.30380903105 -4.90857930597 0.00650517794187
18 -11.7357342834 5.62444720252 -5.14508886481 0.00887134008343
19 -12.2142420972 5.11007057083 -5.83911316202 0.00235813061605
20 -12.7068769446 4.61058748241 -6.53409207288 0.000813203469184
21 -13.2791750072 4.12893605972 -7.17876791811 0.00642749825279
22 -13.9494477052 3.76327827231 -7.80485653725 0.0102526368877
23 -14.413181398 3.55238592766 -8.6506279754 0.0277318237142
24 -14.7773992199 3.2658182184 -9.52207427172 0.00701817551787
25 -13.9448229205 2.882500027 -9.88761360049 0.008328181504
26 -13.0311513832 2.71606268367 -10.2208005373 0.00392875572247
27 -12.0971567392 2.55948334622 -10.497440508 0.00327626289246
28 -11.1317982837 2.35732741998 -10.5195366636 0.0030476795004
29 -10.1845790407 2.35728067867 -10.2438511584 0.0151980037718
30 -9.30543038003 2.44133992492 -9.80463815919 0.0017090900192
31 -8.47587818622 2.77266919482 -9.38644448676 0.00497815298026
32 -7.69683880735 3.18699189967 -8.94584224323 0.00192710885823
33 -6.88967454614 3.58268972268 -8.5402086411 0.0037853899987
34 -6.13465155219 3.62184485278 -7.90692749444 0.00296512020595
35 -5.29142993365 3.65755291765 -7.3968374052 0.00251362670949
36 -4.48860223839 3.72241748177 -6.82788152188 0.00190027454908
37 -3.62821139489 3.74559058159 -6.34669074732 0.00435733265572
38 -2.8721089999 4.01533890339 -5.77413181866 0.00391590311407
39 -2.43816380871 4.85100659602 -5.48189302299 0.00454666711632
40 -2.12683389154 5.76915452952 -5.30307481448 0.0227767827434
41 -1.87968524149 6.71263108464 -5.16164768163 0.00493671506919
42 -1.70096362193 7.67787593015 -5.07538934362 0.00822173458519
43 -1.4005310655 8.58669204284 -5.30916357749 0.00503956948637
44 -1.35008152322 9.56658757258 -5.3982719277 0.0031054174366
45 -1.36762534059 10.5499323649 -5.45579468811 0.013896792764
46 -1.34523539455 11.524126635 -5.59934521974 0.00869860295602
47 -1.38862170674 12.5003341981 -5.72190893533 0.00377014349839
48 -1.45596480613 13.4653929145 -5.90603320622 0.00441306655737
49 -1.65423581456 14.3767454348 -5.59013240182 0.00187037976519
50 -1.67955749296 15.3199256309 -5.30841070451 0.012751923389
51 -1.66140428148 16.188115751 -4.84454669638 0.00474023784382
52 -1.52652224974 17.1585888712 -4.74980796505 0.00236001562116
53 -1.37011779442 18.1176280966 -4.59265266682 0.00993248346328
54 -0.995317857035 19.0040237751 -4.38669402095 0.00256256316656
55 -0.932292724589 19.946420129 -4.1102172336 0.00429579784055
56 -0.872989834437 20.8987950152 -3.86973755447 0.00185352446982
57 -0.797554726922 21.8644347846 -3.69614134565 0.00478724632677
58 -0.847736421685 22.8470755267 -3.694471734 0.00275680874028
59 -0.809070548047 23.821714346 -3.82331617323 0.00916818154455
60 -0.873476744037 24.8028790954 -3.85251119748 0.00414793771935
61 -1.23840527393 25.6994778834 -4.02712834251 0.00210937685647
62 -1.6298648103 26.580347501 -4.22285841391 0.00870175106714
63 -2.17404059248 27.3457139609 -4.51488687636 0.0016866197074
64 -2.78258242917 28.0715857957 -4.77929250868 0.00167244842348
65 -3.47597621598 28.7656632608 -4.84627378092 0.00579729403428
66 -4.19026229652 29.4307899162 -4.96551498953 0.00448615423168
67 -4.67794582472 29.7321204674 -4.99329431967 0.00120360811123
68 -5.5919366317 30.0898827498 -5.049176346 0.0118096830678
69 -6.54450871173 30.3241351413 -4.98770434472 0.00712376330189
70 -7.50311131737 30.3621814093 -4.7745641734 0.00540969938607
71 -8.41549622363 30.3658794901 -4.40963178192 0.0044064768772
72 -9.32214812943 30.0346479754 -4.59312640948 0.00426724927394
73 -10.234998441 29.8073377722 -4.87648953562 0.00196480955405
74 -11.049796999 29.5484363358 -5.36058423433 0.00359966818226
75 -11.7852411874 29.3944946988 -5.99355672239 0.00314630925593
76 -12.5304909658 28.9224219718 -6.42567249171 0.00889942564208
77 -13.1192790269 28.4133395438 -7.02473791895 0.00336123265738
78 -13.4198827137 27.8340249967 -7.75871329873 0.00561091934907
79 -13.4589735098 27.0793932233 -8.38590390627 0.00528497388802
80 -13.2664749568 26.3300963677 -8.99057297388 0.00662328528552
81 -12.9152769232 25.5303810773 -9.43874345182 0.00366503642107
82 -12.3986387272 24.7210803148 -9.64270555097 0.00659796585507
83 -11.8561471617 23.9181252314 -9.79811103473 0.00647867310384
84 -11.2969088012 23.1343164921 -9.98732730688 0.00569254717384
85 -10.6131474104 22.5056776852 -10.3035194205 0.00265745858695
86 -9.73556291442 22.0794054688 -10.2003009378 0.00416989430877
87 -8.86173940675 21.6981967457 -9.96906963482 0.00688233054777
88 -7.92383461418 21.4823066391 -9.77997968289 0.00505240888907
89 -7.00724269204 21.6128909964 -9.45648719417 0.00336561910912
90 -6.09832130013 21.5585274694 -9.09233272978 0.00594263422199
91 -5.2228674 21.6181051886 -8.65473401576 0.004903671751
92 -4.36236134569 21.8707541209 -8.25862377897 0.00252446039191
93 -3.59236771615 22.3284701377 -7.86026258379 0.00852758495249
94 -2.88073362633 22.4451805512 -8.52420578546 0.00617420048484
95 -2.27519835775 22.6309913819 -9.27216690514 0.00266446066496
96 -1.62024893719 22.8049941954 -9.98014818928 0.00649055346703
97 -1.00084961635 23.0914880441 -10.6832921338 0.00419498669651
98 -0.55733174276 23.6277686391 -11.3729417605 0.00493928762771
99 -0.179771407566 24.2318041915 -12.0454323887 0.00943934049511
100 0.0686603709935 24.8926550671 -12.7242045409 0.00652282081975
101 0.248183267269 25.5115805307 -13.4614929989 0.00393965421333
102 0.0486087942873 26.202081782 -14.126314797 0.00356135653108
103 0.359957550517 27.0373218016 -14.5308572533 0.00399510328231
104 0.600583254899 27.9814556434 -14.6235953775 0.00495552744983
105 0.860087667223 28.849089275 -14.9945162416 0.012475978112
106 1.02274387055 29.7521251505 -15.3337381147 0.00263097360728
107 1.35719460351 30.6031677013 -15.6811961308 0.00304372259048
108 1.60491237442 31.5320122666 -15.8614800607 0.00364878331296
109 1.89222534619 32.4475381572 -16.0503590966 0.00236995495523
110 1.91062962321 33.2669354674 -16.5839433671 0.00343629625631
111 1.82419226316 34.0348518098 -17.1832376053 0.000979299631897
112 1.45859232163 34.7769091203 -17.7046635756 0.00361352565806
113 1.12970291076 35.6012221151 -18.1148429151 0.00647764695939
114 0.696655113865 36.296385316 -18.6485389048 0.00323185093156
115 0.00860221080932 36.8499487911 -19.0674506158 0.00471386310884
116 -0.627127344492 37.5214977814 -19.3834619484 0.00458093518232
117 -1.23420891692 38.2079398687 -19.7225414247 0.00255632298086
118 -1.69187152954 38.9203618174 -20.2100501422 0.00544089898246
119 -2.26905792824 39.5802916833 -20.6409045081 0.00420959769643
120 -2.92759731019 40.2301117088 -20.9539759071 0.00337647561074
121 -3.61367602688 40.8865635332 -21.1821660316 0.00598215645819
122 -4.25870838817 41.5296177638 -21.5340091251 0.00121966547547
123 -4.88823543291 42.2441955754 -21.7492120664 0.00848266502259
124 -5.42658131213 42.8859454868 -22.2504039136 0.0033994650974
125 -5.89265358682 43.5622027783 -22.7777591668 0.00488026577009
126 -6.43470628419 44.0074869041 -23.4562708822 0.00090283911204
127 -7.09284653252 44.4439651061 -24.0295478048 0.0334731884709
128 -7.92241971414 44.6710357762 -24.4879438755 0.00191149121876
129 -8.73543680712 44.6950060499 -25.0248214053 0.00423320769039
130 -9.58806110544 44.6053913024 -25.4878943468 0.00424865768931
131 -10.4408395136 44.2936175921 -25.8408947444 0.00592825796879
132 -11.1968329183 43.7387392586 -26.1038292903 0.00297252136915
133 -11.4957475931 42.8619541018 -25.8034258573 0.00345139782604
134 -11.6972938464 41.9164253682 -25.6878095087 0.00765357626725
135 -11.7635435338 40.9453668576 -25.6797507569 0.00539674951407
136 -12.1066474517 40.1938938489 -26.1943317068 0.00440099176566
137 -12.2917865244 39.3007394779 -26.5330621186 0.00469540895855
138 -12.4450102674 38.3828351177 -26.8164432808 0.00332067806813
139 -12.5770490695 37.4230686781 -26.9025130748 0.00611769650754
140 -12.8169471741 36.4810825543 -26.8781015913 0.00162455485264
141 -13.1185142116 35.557327722 -26.9110394182 0.00594171477064
142 -13.0716351944 34.5894405028 -26.8345266034 0.00551713111141
143 -12.8862522301 33.636328456 -26.874469421 0.00452048707267
144 -12.5858903968 32.7135176084 -26.827570745 0.0027486001616
145 -12.2341736828 31.8328839528 -26.6164344109 0.00614068771822
146 -11.6852129054 31.1050027985 -26.2815359808 0.00401651017094
147 -11.5813882112 30.1558072396 -26.1050756681 0.00303856837746
148 -11.602461237 29.2088818089 -25.8917220104 0.00460822321738
149 -11.5740307548 28.3035181836 -25.5427259041 0.00646498686728
150 -11.3618574502 27.3622049612 -25.6451826907 0.00536537049441
151 -11.2078592633 26.9028752257 -25.6331889602 0.00254914021917
152 -10.7141868826 26.1021280885 -25.4144957207 0.0065510596045
153 -10.3330501323 25.2157273105 -25.3838853933 0.00127450724686
154 -10.1240994644 24.2741653576 -25.3444150765 0.00539649683564
155 -9.86294898979 23.3696815118 -25.5562335606 0.0183645342731
156 -9.8004868044 23.214324614 -25.4967535267 0.000584049973709
157 -9.5040300162 22.3106926749 -25.3575389124 0.00389813096184
158 -9.30614136374 21.4598678965 -24.9570698261 0.00596148199761
159 -9.27259236365 20.6414709727 -24.4552852478 0.00615911019155
160 -9.22689980072 19.8333073948 -23.938976508 0.0032025624718
161 -9.19930976645 18.9868165002 -23.4874050306 0.00617994565775
162 -8.9789687983 18.2639586478 -22.8963047432 0.00859961990422
163 -8.5544645805 17.7572622214 -22.2017809734 0.0122538581065
164 -8.09093460614 17.1297434281 -21.6464007591 0.00439896379565
165 -7.36481392151 16.5285351447 -21.4813008001 0.0130512456846
166 -6.51488488166 16.1589463946 -21.7153530588 0.00803786262705
167 -5.57263016978 16.2508346771 -21.8417674222 0.00388273186215
168 -5.07314644852 16.9774088813 -21.4752404714 0.00201531355238
169 -4.61975511532 17.6681009018 -20.9968191963 0.00667209814958
170 -4.5797980003 18.5666589762 -20.6788997719 0.00686556157679
171 -5.0389406331 19.1924193228 -20.1251029314 0.00452597389864
172 -5.6118411587 19.8675254629 -19.7730515544 0.00372532776517
173 -6.22806159841 20.3999941779 -19.2789631838 0.00582347556293
174 -6.42878176138 20.6664739637 -18.3869064383 0.00542133138891
175 -6.36574194312 20.9528956132 -17.4813710687 0.0041059865989
176 -6.02795246297 21.2228644888 -16.6340139113 0.0067487612616
177 -5.61661562686 21.6275328095 -15.8787729097 0.00507221165143
178 -5.14333742118 21.7317583597 -15.0617336374 0.00492831624481
179 -4.59744393652 21.613459687 -14.2941356153 0.00568125585868
180 -4.16611365394 21.3009008871 -13.5091284137 0.00302458674523
181 -3.47656172076 21.1428820495 -12.8778802566 0.00363064530278
182 -2.79164599171 21.0904628191 -12.2249810712 0.00501718127263
183 -2.20396693078 20.9591025126 -11.49387307 0.00424222056961
184 -1.68389692263 20.4907886411 -10.8565971425 0.00409169019812
185 -1.10068340879 20.4087412286 -10.1161288184 0.00765139125727
186 -1.31810365228 20.4480325276 -11.035351707 0.00187885811402
187 -1.97790010631 20.2315245343 -11.6759338289 0.00726667885224
188 -2.84790813836 20.3801680793 -12.0093126985 0.00289652708447
189 -3.7133350498 20.151238965 -12.305915023 0.00604035224908
190 -4.65136665614 20.0729435214 -12.3450747322 0.001920909395
191 -5.49665830297 20.1634393585 -12.7508227332 0.00510333084504
192 -6.0884820488 20.8530417048 -12.5060182348 0.00413993808408
193 -6.87191396076 21.2878005524 -12.2199619423 0.00840478605123
194 -7.4547603324 20.7001604592 -12.6642195412 0.0131927081046
195 -8.21670193217 20.1552352178 -12.6412052696 0.00396565610978
196 -9.1285669267 19.9837502361 -12.5150775601 0.00191707618182
197 -9.94498504377 19.5339784126 -12.4293242349 0.0017947303218
198 -10.5777433242 18.8478848673 -12.3622515836 0.00522405286818
199 -10.7995158848 17.9406879426 -12.3208779165 0.0048794312267
200 -10.7393216201 17.0254077666 -12.4968794676 0.00411220306293
201 -10.5790866056 16.1102848433 -12.4087231967 0.00412759892464
202 -9.96285200152 15.4120952801 -12.4561234314 0.0035327444684
203 -9.67087181514 14.7554604343 -11.8623871646 0.0187185731828
204 -10.1244359126 14.0158439602 -11.5325584243 0.00796367013449
205 -10.5876437566 13.545159522 -10.8821702419 0.00623423646409
206 -11.1209436173 12.9654518978 -10.396671337 0.00878277578254
207 -11.7893534072 12.3536549337 -10.2206964362 0.00703610528924
208 -12.0616477088 11.502620821 -9.9957378342 0.00367113744589
209 -12.6271392563 10.9480568078 -9.52622841019 0.00541700293456
210 -13.2387840014 10.3361481266 -9.21566216204 0.00921452905827
211 -14.0950746179 10.0177029433 -9.13978208828 0.0082469095529
212 -14.8988075509 9.58147092983 -9.14088539919 0.00479350107515
213 -15.1660070364 8.71585770004 -9.25566375933 0.00391882170368
214 -15.1543743287 7.80490543406 -9.21324636908 0.00362143201491
215 -14.8106209362 7.00602346246 -9.48459737889 0.00493809092594
216 -14.5568741148 6.17491519626 -9.75325275188 0.00705170566276
217 -13.7378000456 5.79155126582 -9.6804585472 0.00560027593826
218 -12.8551530326 5.60647837662 -9.76148582243 0.00538431199448
219 -12.0223861958 5.77825277571 -9.455095833 0.036107289031
220 -11.3699740983 6.36340816757 -9.61115067676 0.00541521574051
221 -10.5823772562 6.60742396615 -9.94085638412 0.00563434243606
222 -9.74420004302 6.89253364294 -9.93882980799 0.00321199396964
223 -9.2751758724 7.13588723396 -10.6484606013 0.00797450581314
224 -8.87362334944 7.88746276457 -10.8690654255 0.0021479371283
225 -8.35447097111 8.59659550534 -10.8889870796 0.00127140177831
226 -8.40878182646 9.47221944777 -10.9339465261 0.0049092330169
227 -8.98642750192 10.0859405589 -10.6947906328 0.00486696283426
228 -8.25654375833 10.5652076106 -10.6728727425 0.0131507660933
229 -7.93852820626 11.3458514105 -10.8723557537 0.00678567808301
230 -7.56228240707 12.1202756133 -10.9161573755 0.0104733012729
231 -7.19326409331 12.8453645542 -10.6514252528 0.00125756037812
232 -7.08645948234 13.6902457799 -10.723027803 0.00530227847254
233 -6.90681173499 14.5219728985 -10.7113289036 0.00725453644825
234 -6.57676271941 15.1876243195 -11.1162201752 0.00368341981381
235 -6.64192428902 15.8037786683 -11.6889515955 0.00398179862077
236 -6.97655931455 16.5645979825 -11.8105804998 0.00681802260733
237 -7.59439338876 17.1163151725 -11.9120956999 0.00206593510557
238 -8.07310123373 17.7797556646 -11.7562775237 0.00408172733792
239 -8.86213285844 18.0169240041 -11.8506648593 0.0112546522094
240 -9.67899293204 18.0345789844 -11.7941739804 0.00454460092205
241 -10.2856846276 17.5155657421 -11.9558901525 0.0109309696793
242 -10.5349249464 17.0490835361 -12.5614859572 0.00677821589524
243 -10.3397126375 16.4823376827 -13.0809944984 0.00604713692516
244 -9.71513515478 16.6160335524 -13.5383286409 0.00535847260376
245 -10.2339163263 16.1656578508 -13.9041821587 0.00673171640347
246 -10.2343427752 15.4650466654 -14.2208928883 0.00366794854971
247 -9.66948712937 15.1280060828 -14.6088067642 0.0100437240759
248 -9.14119441393 14.986703062 -14.0980779784 0.0053848253941
249 -9.63224014859 14.5969160037 -13.7069340786 0.00431163954116
250 -9.43754935292 14.0432550312 -14.1436083329 0.00587789619657
251 -8.72329229606 13.9803785637 -14.0765499834 0.00535345754971
252 -8.11591920532 14.2726151494 -14.2991257977 0.00790613897216
253 -8.70299380258 14.5986891436 -14.470542791 0.00553001691219
254 -8.80700760739 15.2709314802 -14.4843277037 0.00541992553022
255 -8.79721189826 15.9005916789 -14.2633825438 0.012214729777
256 -9.24596586051 15.4964815799 -14.4578071521 0.00542020853182
257 -9.74368728845 15.8080030494 -14.651200719 0.0149813537611
258 -9.64696148885 16.3605236432 -14.7360498382 0.0145471513833
259 -9.6479826426 16.3814277871 -14.7405635585 0.000282358464448
260 -9.64715288182 16.8584029635 -14.8278983656 0.0119114297283
261 -9.89509764449 17.1134621693 -14.593212451 0.0133457133704
262 -10.1495547481 16.9373223692 -14.744121136 0.00605524088263
263 -10.0233296081 17.0218542132 -15.0095627275 0.0043621344115
264 -9.86957788528 16.8831001688 -15.1964573274 0.00739113474607
265 -9.79033035212 17.1031369056 -15.2320055908 0.0213611172665
266 -9.84291039739 17.219556913 -15.2432178686 0.00832478318506
267 -9.90110855835 17.1850332476 -15.3070202838 0.00831648236778
268 -9.95669944786 17.2055973346 -15.3241640486 0.00599351676734
269 -9.98020279836 17.2026992213 -15.3581022474 0.0133675643132
270 -9.98330362953 17.1966574054 -15.3520400136 0.00795794649592
