177 -16.7143091046 -17.1818760919 -2.43792433663 0.00782250286444
176 -16.7066444925 -17.1783019675 -2.4405840498 0.0234691772454
175 -16.7133900736 -17.2100146488 -2.50964078168 0.0170031747196
174 -16.776645303 -17.3390986784 -2.54755327659 0.0113606197308
173 -16.7719557239 -17.2242239035 -2.71859523588 0.0124512503982
172 -16.8262151225 -17.0181253646 -2.89291944578 0.0171778739209
171 -16.6832676351 -16.6815639919 -2.77288601961 0.0134569877647
170 -16.63606967 -16.2294499027 -2.82550873776 0.0138732804
169 -16.2949752057 -16.2578075443 -2.43094433393 0.00763619881949
168 -16.0846786841 -16.7468969657 -2.28190038287 0.0121057046358
167 -16.2913402556 -17.2963837482 -2.38767421814 0.0119232796689
166 -16.5704099373 -17.4327927966 -1.83411353936 0.00952519360666
165 -16.3989931007 -17.4249730658 -1.19557073388 0.00331206873801
164 -16.6894647041 -17.5995193077 -0.697264363648 0.00510864527148
163 -17.24483587 -17.9152749438 -0.185082193419 0.00870587809504
162 -16.5612620127 -17.6380915115 0.187994037107 0.00601222687098
161 -15.7665073148 -17.5406055904 0.41275737899 0.00901215802692
160 -15.2198229046 -17.2116138366 0.958485420219 0.00475046769202
159 -14.5498454685 -17.6422843621 1.23408492143 0.00652875002605
158 -14.3866757595 -18.2899894063 1.75661525746 0.0054861436547
157 -13.9186668645 -18.9889710354 1.88798585062 0.0122941408706
156 -13.7311503389 -19.7823982298 2.16051029433 0.00361331697715
155 -13.0242168794 -20.2575986676 2.29113760955 0.00634662220548
154 -12.3806974393 -20.8054579932 2.10404792646 0.00468262476944
153 -11.8445855061 -21.1250616787 2.70858835086 0.00523556834311
152 -11.0301651203 -21.3654854962 2.90336758397 0.010250821679
151 -10.4241050078 -21.9698053443 3.09295455995 0.00671819152639
150 -9.69045958681 -22.2761943158 3.47049422391 0.00622486787457
149 -8.85173911141 -22.4495431712 3.68511130452 0.00489017534198
148 -8.0565255855 -22.6890773116 3.99158131095 0.00504835095172
147 -7.26865428894 -23.0061054526 4.24906387971 0.0090305366354
146 -6.45000712477 -23.3440351356 4.34805305339 0.00626217418891
145 -5.67060384822 -23.7802227287 4.31749969876 0.00952518168733
144 -5.00923101339 -24.0928181604 3.79707129143 0.0127146624636
143 -4.3910373932 -24.6219691283 3.4075817955 0.00456934362031
142 -3.77640013339 -24.7569049049 3.05919310476 0.00238075862687
141 -2.92366786375 -25.0241811469 3.31734347844 0.00631064125742
140 -2.70617671625 -25.7451504161 3.86589178887 0.00293359616464
139 -3.24686632337 -26.3473788603 4.32831839788 0.00670469898227
138 -3.58832577444 -26.8757928715 5.01817748295 0.00214456810312
137 -4.20801515087 -27.1906105012 5.64199446397 0.00683554691384
136 -4.42065949799 -27.2383043467 6.55190157819 0.00175799618042
135 -4.9205795356 -27.2480058595 7.34283625337 0.00577439748144
134 -5.36916192017 -27.5055450027 8.12377058427 0.00269403011115
133 -5.81518485625 -26.9615528541 8.74260158562 0.0069050582423
132 -5.8409196554 -26.3692243815 9.46973054883 0.0052664479769
131 -5.52092232366 -25.8210276724 10.161686789 0.00546345617207
130 -5.54377108664 -25.2412368813 10.9011313574 0.00209236154353
129 -5.62703053701 -25.7915477293 11.6589842544 0.00475434883832
128 -5.84589883163 -26.2510606596 12.4505102205 0.00849895282238
127 -6.66170191234 -26.1925737951 12.9176599127 0.00360854611507
126 -7.37045828935 -25.710810599 13.3096024027 0.00183985036395
125 -8.24801018764 -25.3685880844 13.2770752895 0.000893563678593
124 -8.90974557719 -24.7444812932 13.0296547763 0.00455640319794
123 -9.22291784401 -23.9477141237 12.633313664 0.00610329446782
122 -9.5768231869 -23.0987289281 12.4203230885 0.00561101258543
121 -9.56243619218 -22.1790374407 12.2040375233 0.00492128001385
120 -9.64611713463 -21.2433800179 12.0966753365 0.0125492924845
119 -9.81110086045 -20.3115927825 12.0573754118 0.00689227189415
118 -9.88471324844 -19.5331853207 12.5937799519 0.00832428392229
117 -9.80658128998 -18.5987255853 12.7393285411 0.00321171305962
116 -9.69561545964 -17.7373628981 13.1229410176 0.00388986220919
115 -9.24199366974 -17.0169429499 13.5442906676 0.00181348053449
114 -8.81103050175 -16.4396871257 14.16403335 0.00553706683122
113 -8.14481973821 -16.1881897616 14.7942240746 0.00405676311844
112 -7.60926294893 -16.3854206457 15.5555638767 0.00257657182558
111 -6.96714736672 -16.6634302345 16.2005677915 0.00968285410795
110 -6.58256669478 -17.4133992539 16.6442873415 0.0047714738729
109 -6.2063236929 -18.2326657608 16.9529462079 0.00374870644903
108 -5.69592825272 -19.0278549602 17.0786630805 0.00838725809501
107 -5.33401766869 -19.9002543034 17.2134721904 0.004304472498
106 -5.2546372401 -20.8512893837 17.2289363145 0.00275433043681
105 -5.73236822986 -21.6636077232 17.075766778 0.00587932852749
104 -6.28538204028 -22.4425524237 17.0768160806 0.00265324117355
103 -6.944674961 -23.1048192852 16.8771980055 0.000886063776239
102 -7.57759067376 -23.7547480895 16.5766112824 0.00697802629253
101 -8.31471291873 -24.2068458033 16.1680389309 0.00364951549497
100 -8.9473994961 -24.4546139999 15.4942251562 0.00699318834265
99 -9.80355509204 -24.5683901218 15.0812625779 0.00452883295098
98 -10.6448487287 -24.3730177924 14.6673889147 0.00442240571547
97 -11.4501355928 -23.929281549 14.3982534105 0.00334420708591
96 -12.2444538864 -23.5487439461 14.0204858573 0.00488285825547
95 -12.9319477377 -23.5645435673 13.3520917739 0.00356269766233
94 -13.5760751846 -23.8657865408 12.7082641826 0.0056782795493
93 -14.339750197 -24.2124154061 12.2419783944 0.0120627964891
92 -15.0641372411 -24.5237363794 11.693308918 0.00242144039524
91 -15.8578592016 -24.8003701208 11.2280993143 0.00479843156076
90 -16.5735667785 -24.7624692957 10.5876199182 0.0034646595723
89 -17.328054237 -24.7988579702 9.99286350851 0.0045823367594
88 -18.2188085983 -24.8010768467 9.63061070405 0.00648370810596
87 -18.8208921205 -24.822873124 8.88018215648 0.00354666465992
86 -19.2982704442 -24.5973037195 8.07523445978 0.00911612620201
85 -19.8426284084 -24.2906534704 7.34213513544 0.00511330494786
84 -20.1076458795 -23.9309808414 6.48826174545 0.0103750319519
83 -20.2628051019 -23.5859337309 5.6011539684 0.00682491115102
82 -20.4052415185 -23.0300906345 4.82560841474 0.00565576015744
81 -21.0820254505 -22.374435627 4.618638013 0.00580661261045
80 -21.5924961918 -21.6218910724 4.29517201626 0.0052704619536
79 -21.8115741642 -20.754897074 3.93113663031 0.00759903630823
78 -21.8228046154 -19.8369720624 3.6305946329 0.00830429623877
77 -22.1479927058 -18.9317212248 3.53747205195 0.00162640013805
76 -22.8828413647 -18.3129680774 3.43151384886 0.00190459929573
75 -23.7561123941 -17.9098655889 3.3355790193 0.00365905663125
74 -24.473681099 -17.4304687061 2.89948130705 0.00583417129879
73 -25.1605341211 -16.7771871953 2.70755325908 0.00304726349092
72 -25.9093515391 -16.1776671268 2.58290649782 0.00359936162995
71 -26.4870056566 -15.405303164 2.50651154546 0.00269562956745
70 -26.7342540952 -14.4754368186 2.40366719603 0.00451448524405
69 -27.1918583191 -13.6682362287 2.12810510214 0.00457193589729
68 -27.7377612631 -12.8872947489 1.95647320861 0.00724852843671
67 -28.1665322269 -12.0299358085 1.81804053326 0.0215284367188
66 -28.7197743163 -11.2345268602 1.85592677395 0.00414043420715
65 -29.0280402933 -10.3169292681 1.7961512347 0.0128471016022
64 -29.3494252431 -9.46162356103 2.12334693783 0.00266752687575
63 -29.6096106691 -8.53689952324 2.26205359133 0.00404340077705
62 -29.9359054488 -7.62560714612 2.33610004335 0.00213806487007
61 -29.9568427001 -6.66018410187 2.43671110514 0.00630672729123
60 -29.9748222266 -5.70647020915 2.61918065635 0.00544166276439
59 -29.9731218604 -4.75011928971 2.78963080682 0.00314809453746
58 -29.9443089176 -3.84780872551 3.14885053401 0.0059611839407
57 -29.6389152986 -3.0141289376 3.54417838672 0.00293374057923
56 -29.3700444749 -2.12679416612 3.83589464124 0.00355935423689
55 -29.079879991 -1.22702844475 4.06227322705 0.0106117017995
54 -28.8085177391 -0.328371520916 4.31661836434 0.00415429401123
53 -28.6313222574 0.627323499854 4.35458675628 0.00242170511751
52 -28.5183392827 1.59189834467 4.41133490654 0.00347968545598
51 -28.435943248 2.56021443474 4.36397212507 0.0034138097128
50 -28.2860915031 3.51445830746 4.24601582726 0.00547871096668
49 -27.8630498937 4.39104205971 4.243603073 0.00305579075984
48 -27.3805026148 5.21305987858 4.04592372285 0.00270758924137
47 -26.7748112118 5.94376756222 3.82898372427 0.00426517093501
46 -26.0244730447 6.53497535748 3.64019426837 0.0220559464886
45 -25.280605552 7.10677287544 3.37646653473 0.00557391959611
44 -24.4979305436 7.60451266466 3.07657226131 0.00379197698628
43 -23.761045643 8.13357346928 2.71927883372 0.00335403296381
42 -23.0531677088 8.47591361196 2.14248978702 0.0136641632722
41 -22.4919353044 8.73500582549 1.38750564805 0.00216618722903
40 -21.6661802069 8.90281373912 0.895617410882 0.0159927597718
39 -20.9738781865 9.00850307292 0.215343567893 0.0120445709335
38 -20.3705030388 9.23180832514 -0.519592287382 0.00579916272843
37 -19.751127998 9.44930383886 -1.24311002144 0.0048676559953
36 -19.456330618 9.61543331073 -2.15987302735 0.00436541181548
35 -19.0946575672 9.64299282899 -3.06742192245 0.0024717284978
34 -18.7991614803 9.73123674861 -3.99493754561 0.00305644702655
33 -18.53269258 9.83153502178 -4.93009507235 0.00369959785575
32 -18.1507874408 9.8916291491 -5.82803168063 0.00733540249251
31 -17.5867716966 10.3856906482 -6.45545438972 0.00390807269672
30 -16.850110084 10.8040428588 -6.94360594789 0.00562751681548
29 -16.1166587313 10.946713152 -7.57457672392 0.00339996460186
28 -15.3428452448 10.6633249407 -8.10130095378 0.00381413271811
27 -14.6333385218 10.1787488396 -8.56873538592 0.00358506551919
26 -13.7089554999 10.0881096694 -8.87552569708 0.00333964087244
25 -12.7798664688 10.1419928117 -9.17701594592 0.00411057023348
24 -11.8775102923 9.99625106382 -9.52597486397 0.00330522312868
23 -10.9757824681 9.67632498042 -9.73071623312 0.00327336233852
22 -10.1367128443 9.29354447624 -10.0579086958 0.00494418651021
21 -9.24546647951 8.93163865695 -10.2382816756 0.00343379255259
20 -8.35477103361 8.59819978658 -10.4696092008 0.000184187115467
19 -8.27200947826 8.56385134914 -10.4909991349 0.00365050047247
18 -7.32801146158 8.33819277714 -10.6181140295 0.00437371868224
17 -6.38621027308 8.09887671504 -10.7372077309 0.00871324859918
16 -5.4938649009 7.70000711559 -10.7965404796 0.00413757078631
15 -4.78606029265 7.04610627274 -10.6217300198 0.00309996241804
14 -4.23737465274 6.29471329382 -10.3156422047 0.0025822432868
13 -3.62887992198 5.62961803905 -9.93238057733 0.00297732385895
12 -2.96869306295 5.3150554171 -9.28041676303 0.00542993719303
11 -2.37198203369 4.86522608174 -8.6466187908 0.00471716086493
10 -1.63239570239 4.98023309582 -8.01406057749 0.00671861959791
9 -1.02540065883 4.94025107021 -7.24544861214 0.00502904398155
8 -0.581644053947 4.77214146136 -6.38756288612 0.00338929876928
7 -0.0963001031188 4.65174640284 -5.54421184664 0.00511081274866
6 0.329833212106 4.33402143143 -4.72021082598 0.00392790058776
5 0.824881573453 3.85919386308 -4.01946684565 0.00162436848663
4 1.17468297888 3.3112607344 -3.28523723277 0.00633910653603
3 1.24832355844 2.61454431449 -2.59887052358 0.00530964696906
2 1.04143252164 1.99992571178 -1.8628895393 0.00264300933675
1 0.760085150982 1.34528335135 -1.18866484157 0.00262826782482
0 0.468039168084 0.606590215747 -0.613014846982 0.00972203422639
0 -0.79738666516 0.200678433592 0.534831919458 0.00528337892466
1 -1.50540855051 0.509345965124 1.13929870884 0.00490712414868
2 -2.13698337944 0.790866470614 1.83475542277 0.00531288906436
3 -2.74018857466 0.929147117845 2.5954369724 0.00800608804708
4 -3.14208522789 0.859141869616 3.48704135702 0.00247275955099
5 -3.44775647318 0.690709938705 4.40327694017 0.00344325294754
6 -3.58208834188 0.503417969016 5.35619328793 0.00467785397229
7 -3.64697049133 0.371071761401 6.32533849051 0.00240394509823
8 -3.8015529008 0.588002635601 7.26866332967 0.017827722054
9 -4.2565961336 0.943318718451 8.06013622334 0.00343883411647
10 -4.79752188057 1.4024356557 8.73545695532 0.00137742654675
11 -5.48570838486 1.84943203436 9.2701057926 0.00854174469342
12 -5.55546475351 1.80706635826 9.49156840718 0.000390538501094
13 -5.78472965236 1.66467937053 10.4329459678 0.00528917513417
14 -5.97085568146 1.55804433651 11.3883274497 0.00281372390931
15 -5.77681204714 1.08633197958 12.2239689055 0.0028834126889
16 -5.58444632985 0.808387001227 13.1427480971 0.00389379624656
17 -5.60301533038 0.69550452228 14.1149565983 0.00272284203487
18 -5.63258021984 0.540485037178 15.0809870032 0.00438099056102
19 -5.51220785186 0.352097783495 16.0338154087 0.00448167050339
20 -5.2443031944 0.303130556611 16.9737220616 0.00335195796315
21 -4.91468878728 0.530481595683 17.8664759863 0.00234945052085
22 -4.45556740396 0.670741950489 18.7189392457 0.0043870127008
23 -4.1413733436 0.819736632814 19.6333108119 0.00245497607149
24 -3.76036290482 1.07992891095 20.4958154097 0.00889575871208
25 -3.70806785778 1.58008679639 21.3344723217 0.0033090316879
26 -3.51472680658 2.03186838415 22.1797920583 0.00348892250442
27 -3.58279859468 2.73522739856 22.8552919653 0.00163736313103
28 -3.75466455165 3.47562549214 23.4699156431 0.00459633860667
29 -3.97994676135 4.32794941878 23.8916379738 0.00346904343973
30 -4.24318669806 5.20963766593 24.2204585163 0.00196746193652
31 -4.36350115484 6.07057584494 24.666611985 0.0077608342199
32 -4.10421342963 7.0024110297 24.8028962814 0.00509787646018
33 -4.00933637722 7.95001240199 25.0193960731 0.00278542112172
34 -4.29787472795 8.85120610855 25.2607466662 0.00489198251651
35 -4.71532388054 9.64235673631 25.652199105 0.00183143398635
36 -5.2779168322 10.3843893189 25.9456662089 0.00282816185025
37 -5.93671773971 11.1040238417 25.9124753558 0.00220012276212
38 -6.74426901424 11.6428736691 25.8106914763 0.00712282557279
39 -7.51516454157 12.2293438816 25.6916759314 0.00536176592571
40 -8.40275419621 12.6268041847 25.7706504325 0.0213012954918
41 -9.20603864507 13.1778797894 25.8107124291 0.00503788237176
42 -10.1661806889 13.2260947268 25.6494027833 0.00567410897016
43 -11.1310875844 13.2605343578 25.5168451486 0.00397247617871
44 -12.1003280499 13.3396258624 25.4550429664 0.00332268186621
45 -13.053426573 13.1439618251 25.4042891219 0.0022738200889
46 -13.9549555691 12.8938120968 25.1325867449 0.00349933056009
47 -14.8252049128 12.5136213262 24.9158170483 0.00620499272118
48 -15.6814715136 12.2946603771 24.5067057552 0.0106954871461
49 -16.5047029913 11.8536630893 24.2320823926 0.00428579476528
50 -17.2988062103 11.4026465294 23.8954957827 0.00283412385634
51 -18.1435776845 10.9312150998 24.0008705682 0.00205407556737
52 -18.9341964883 10.3937662079 24.1823034934 0.00192253030082
53 -19.6653663782 9.79086684151 23.961823376 0.00414177325878
54 -20.346057451 9.11086577224 23.818266306 0.00350523364432
55 -20.876776785 8.33286403292 23.5750536506 0.00237984152389
56 -21.1518681804 7.51939878595 23.1182758227 0.00532167344152
57 -21.7758727364 7.02078782863 22.5635613984 0.00411518790694
58 -22.1505827082 6.25057991684 22.1035147463 0.00140183668645
59 -22.3435652775 5.51379461153 21.4991939824 0.00205215998121
60 -22.374041947 4.69168368186 20.9812756657 0.0107096687002
61 -22.187057373 3.79228409811 20.664927256 0.00576597894479
62 -21.8524711147 2.93030903717 20.367445535 0.00565577808723
63 -21.2623841981 2.16585221947 20.2661059241 0.00223557538542
64 -20.5388925604 1.52638530537 20.3676346079 0.00484487667891
65 -19.6342423522 1.18068427556 20.3019018759 0.006012489937
66 -18.6873252735 1.05391088468 20.1316914206 0.00296257034426
67 -17.7610231557 0.939039688622 19.8666808754 0.00385234720899
68 -16.8216501523 0.803306817434 19.6661167542 0.00341321947057
69 -15.9148986893 0.697387961487 19.3383978358 0.0153429324511
70 -15.0179156003 0.788871408092 18.9828636207 0.00473181566265
71 -14.1199188681 1.05029509544 18.7297293191 0.00221959051175
72 -13.2783087546 1.39161462859 18.3923268762 0.00678953149716
73 -12.7001237236 2.12243241005 18.1286630736 0.00768286848309
74 -12.1662002568 2.74612230473 17.6155740356 0.00475954676731
75 -12.2024535471 3.4397598659 16.9413458293 0.00559308765118
76 -12.0517974681 4.25602049742 16.4441210964 0.00320853784429
77 -11.8589401595 5.11626032441 16.0459233077 0.00414269634728
78 -11.8794093144 5.57144765871 15.1925003266 0.00296341930291
79 -11.5468069827 6.09547176327 14.4507465243 0.00357440996177
80 -11.4760904542 6.65782257955 13.667253543 0.00606417738388
81 -11.655417029 7.24952428805 12.924230138 0.00967339245332
82 -11.6931029712 8.02529325665 12.3499887072 0.00310275671494
83 -11.7063742787 8.93465807506 12.0255673346 0.00577631246348
84 -11.8311610816 9.87434331187 11.8438562982 0.00493208542586
85 -11.6057168343 10.8116272469 11.8843494127 0.00279312028859
86 -11.5797138292 11.6768109791 11.4581840297 0.0030425779789
87 -11.508740044 12.4666309619 10.9088655301 0.00441433973622
88 -11.6215890835 13.0829817866 10.1755760467 0.00619152191699
89 -11.7725679543 13.8190064775 9.57156937389 0.00566569453446
90 -11.8959070924 14.5551578485 8.96206014151 0.00180273871126
91 -11.946357781 15.2880067978 8.33851585471 0.00343183988898
92 -11.9759150463 16.0945108955 7.81267166261 0.0044780835682
93 -12.1224845177 16.754783443 7.12707828859 0.00375128301811
94 -11.6814684676 16.7762003877 6.27130289564 0.0040222045695
95 -10.9964205687 16.8492857113 5.5991565266 0.00434299409873
96 -10.6778667875 17.1101146629 4.72927494275 0.00672739528718
97 -10.2576511025 17.2100539553 3.86981147993 0.00533141575077
98 -9.82095477182 17.4771466421 3.05596081536 0.00258366515754
99 -9.74685322308 18.1441129657 2.36788678502 0.00173625423171
100 -9.69617203287 18.8314656677 1.69820382276 0.00782642497306
101 -9.90491510941 19.4636986805 1.00603581182 0.0033371697848
102 -9.95540539051 20.4219742496 1.02644197326 0.00586345515954
103 -10.1286729793 21.3621977846 1.1059952757 0.00730525657131
104 -10.9136494957 21.8531402824 1.35518393582 0.00461699146266
105 -10.709361386 22.5456889623 1.98579901015 0.00514582757943
106 -10.4494615988 22.8111554949 2.86937937362 0.0194798581036
107 -10.48535578 23.2009312316 3.74245489517 0.00369474683317
108 -10.3577054864 23.7850048252 4.48885016707 0.00195656209578
109 -9.80512104035 23.8643724782 5.26513455634 0.00368911091098
110 -9.29650958813 23.9872924923 6.06505656397 0.00315383590288
111 -8.87910840848 24.0738649779 6.9203479786 0.00610274217752
112 -8.65323818349 24.3197761487 7.81519510197 0.00469520557967
113 -8.63399788027 24.6405498109 8.71415145408 0.0053961531465
114 -8.95904639099 24.9981572535 9.53673357781 0.00477325375309
115 -9.29515456798 25.4020787273 10.3323985289 0.00312395154844
116 -10.1246827552 25.7654637767 10.6283730169 0.0042611037682
117 -11.059481822 25.8271792275 10.7991831611 0.00891115468349
118 -11.75016349 26.4383071388 10.5656230189 0.0147542669067
119 -12.5223485394 26.9884455647 10.6199023705 0.00281875665482
120 -12.6094271498 27.6864301442 11.2579793291 0.0070616813595
121 -12.7627473028 28.3858290002 11.8805937677 0.00640373242993
122 -12.9242972841 29.2648780129 12.1961225827 0.00415571058601
123 -13.115152878 30.1415169909 12.5002369163 0.00417012798247
124 -13.5999777747 30.9456399741 12.6211628927 0.00414453429488
125 -14.3727156507 31.448500393 12.4081894026 0.00591638665017
126 -15.1937346629 31.6303810212 11.9757599466 0.00561735504428
127 -16.1162999826 31.499201678 11.8204286639 0.00334513562927
128 -16.9220834382 31.0102045812 11.8767272702 0.0052896414082
129 -17.5095195084 30.3148755362 12.1252142012 0.00580454691751
130 -17.8122758905 29.4433566356 12.3189270113 0.00545434103243
131 -17.6833701081 28.5341969145 12.5288790723 0.00666764790036
132 -17.1361101144 27.7687958102 12.531469024 0.00571028911882
133 -16.7622034779 26.9089854902 12.5996162795 0.00396047279667
134 -16.3522306309 26.0956302543 12.8299245143 0.00655068241455
135 -16.1673196234 25.1843133978 12.7035720872 0.00559708753059
136 -16.2280169894 24.2574516327 12.5763015233 0.00395614860809
137 -16.2607436716 23.4784385004 12.0564078632 0.0126158989557
138 -16.2716049151 22.8150734177 11.3973638654 0.00793494621307
139 -16.2261127974 22.414285455 10.5549154213 0.00962629103958
140 -16.7628757268 22.0750979163 9.87269776625 0.00467266809041
141 -17.405986681 22.0062645939 9.20296274108 0.00177454553877
142 -17.2515204762 21.3427334257 8.56892930105 0.00619283779676
143 -17.0243569944 20.8475892652 7.81565576078 0.00420993938054
144 -16.6038423812 20.2618262796 7.2307086683 0.0031988263521
145 -16.2092657083 19.4297058855 7.12094572038 0.00681509101413
146 -15.8780944917 18.6960232079 6.66276303826 0.012654809124
147 -15.2126073433 18.1965254369 6.26255164204 0.00264749097518
148 -14.5189903039 17.6152281789 6.08339072016 0.00450950524295
149 -13.7653143349 17.0852729747 6.0699698558 0.00691587753056
150 -13.1605989522 17.4484864369 5.47907636187 0.00823241714383
151 -12.6513688512 17.384958901 4.71741891238 0.00606564472165
152 -11.9252174745 17.1202370158 4.22512131159 0.0037727345148
153 -11.2530502467 16.7326949887 3.73948318584 0.00757987079484
154 -10.6679356444 16.7609022917 3.03844837266 0.00466416213342
155 -9.92106102389 16.9296445241 2.54323446616 0.00562926823697
156 -9.24035722046 16.979352815 1.94077611972 0.0210078080582
157 -8.34839199127 16.9705187871 1.7993379489 0.00432810730853
158 -7.53442269423 16.7778576851 1.4623148204 0.00731272381802
159 -6.77139293176 16.8160366132 0.987759923197 0.012467350305
160 -6.14015528083 17.0897353539 0.836051220853 0.00388477925917
161 -5.30030898789 17.2435090871 1.00966217841 0.00446872554951
162 -4.6379328083 17.0702138699 1.54527979045 0.00424308168193
163 -3.85349273931 17.1661243868 1.18977387094 0.00447611467815
164 -3.07467649921 17.2774418931 0.832811563313 0.0058390271012
165 -2.66072368583 17.1747791229 0.0846282364958 0.00749382186462
166 -1.84156950523 17.0740347626 -0.140112209577 0.0274250686427
167 -1.09334019985 16.7196924562 -0.0310859984621 0.00514863902245
168 -0.266597104256 16.7985651957 -0.0487573825816 0.00586603620644
169 0.409110684055 16.4278968804 0.247622665358 0.0101692728073
170 0.984821942836 16.1548776794 -0.263048937865 0.00546104948201
171 1.51564927534 15.5603989829 -0.115735881791 0.0049428911844
172 2.04496838523 14.9536162642 -0.117348543599 0.00713874432174
173 2.41076988081 15.023450286 -0.820464971502 0.0136468593642
174 2.36573555679 14.8141375501 -1.56900781596 0.0108120636574
175 2.78802058536 14.9597050251 -2.18715130467 0.00833916006707
176 2.31323437181 14.8590990624 -1.61607287146 0.00734673723037
177 1.94147815604 14.8525483526 -0.979312363126 0.0066950325032
178 1.43783727872 14.9552238506 -0.468088355508 0.00269400126491
179 0.845421761546 15.2597977729 -0.196632504353 0.00546271377594
180 0.967847533201 15.9550272646 -0.138137461766 0.00846874120891
181 0.950256215504 16.6353654377 -0.253759902805 0.0143285121264
182 1.37871259645 17.1157563565 -0.37712327629 0.0134483154985
183 1.88121566002 16.7682387064 -0.292364307658 0.0231271291329
184 1.88268094807 17.0630370051 -0.738370987212 0.00546463769946
185 1.640872538 17.5087851499 -0.677940088054 0.0179364607114
186 1.84621440118 17.1429802939 -0.615459112565 0.0103526902028
187 2.16604097952 17.2250883005 -0.762657697926 0.00712715722424
188 2.42832990121 17.1939088794 -0.935295315872 0.00901353840949
189 2.35414105822 17.0920087502 -1.1637203393 0.00978156005839
190 2.43360044254 17.2789242622 -1.12372103827 0.0264737649906
191 2.45776016348 17.3170585316 -1.05262563673 0.0152277113086
192 2.44113917423 17.3151177301 -1.08024186958 0.00780501286385
193 2.42829895793 17.3113290622 -1.0788958843 0.00923314940706
194 2.42878827428 17.3111560285 -1.07928335306 0.00110415125175
