143 33.0166445097 -6.22972149292 2.64884849886 0.0069890859601
142 33.0235277979 -6.23167294546 2.64667032174 0.0105343450212
141 33.0031801369 -6.21477029253 2.63113705768 0.0153472084013
140 33.0110668763 -6.26719997359 2.69407427376 0.00424552869718
139 32.9303490323 -6.27640008114 2.63786896833 0.0123267014771
138 32.9834075203 -6.29001238377 2.78205199763 0.0513218193694
137 32.8385528122 -6.54594933784 3.12024035214 0.0084586754646
136 32.6897793242 -6.86803212411 3.45707909882 0.00988314659015
135 33.1507062456 -7.02118123107 3.67505656784 0.0122249266409
134 33.4241030783 -7.32599117655 4.08542166769 0.0134794239092
133 33.7074576192 -7.32283936564 4.64192676596 0.00622982927616
132 33.4165331537 -7.51597169089 5.18134081112 0.00586239769725
131 33.788724102 -6.98594503554 5.06777891418 0.00221350860286
130 33.1928377023 -6.70036574412 5.01090922779 0.00495828743124
129 33.1405777187 -6.16250988167 4.60466527578 0.00753095895615
128 33.3793578325 -5.64843167018 4.20525949718 0.0074164700937
127 33.6315720475 -5.6549362175 3.54164203557 0.00623203800765
126 33.8157242103 -5.60600711683 2.84496462687 0.00577973300942
125 34.172163598 -5.50365523852 2.21317007271 0.00741081651321
124 34.8804487166 -5.53396123001 1.98641313476 0.0077297810986
123 35.4766914026 -5.59812634658 1.52411013635 0.00911204741277
122 35.4645738333 -5.20352302115 0.861436147951 0.00694882374766
121 35.6174841665 -5.10214665572 0.102008000466 0.00772046443918
120 35.4943594306 -4.34658425305 0.296051182355 0.00657956930231
119 35.1557622169 -3.62240758547 0.259419420474 0.00179876396268
118 34.512127678 -3.40752733366 -0.169456397914 0.00448315938531
117 33.9981417899 -3.00698497671 -0.646685534861 0.00500569890336
116 33.7138399061 -2.41229233384 -1.12237446236 0.00851332817354
115 33.5113444053 -2.25215845974 -1.90287982963 0.00615370270236
114 33.1575096726 -2.18557717331 -2.64805173042 0.00449591664478
113 32.3758984672 -1.90847408435 -2.60739946332 0.00702139960392
112 31.6077233024 -1.68315310603 -2.84927877945 0.0059775344169
111 31.9411037721 -1.0039136754 -3.21683570327 0.00473353317329
110 32.2604213766 -0.241286401664 -3.38924853562 0.00502034441984
109 32.8819550425 0.30891249104 -3.56385076504 0.00416896663515
108 32.9127407391 0.286843930065 -4.41562229056 0.00836581359375
107 32.8280236196 0.48826809978 -5.24545828586 0.00680664063898
106 32.9534507847 0.710092728604 -6.06934408873 0.00610397456367
105 33.1945530362 0.397145894868 -6.83987463747 0.00833898044307
104 33.142072685 0.101546622614 -7.65728448051 0.0153624644352
103 32.9865943655 -0.221624483815 -8.45959510099 0.00648030761867
102 33.4242615339 -0.91163938956 -8.78905185452 0.00460085062291
101 32.7326093506 -1.45986389639 -8.76115398722 0.00547674180501
100 32.4917954215 -2.29867431299 -8.91148785445 0.00621428274706
99 32.5353027039 -3.13075418771 -9.2197007187 0.0278792350248
98 32.5484267843 -3.80260020536 -9.81809053011 0.00427045214926
97 32.2680058874 -4.52567362983 -10.2768792033 0.00472354498528
96 31.8017513288 -5.29827573787 -10.2699654749 0.00407638994558
95 31.1249034067 -5.79076486889 -9.92864001369 0.00468602526485
94 30.3613054892 -6.12952454821 -9.57912869661 0.0013372573767
93 29.5408493057 -6.17291091869 -9.19726574962 0.0121620402652
92 28.9128738016 -6.3669501735 -9.82688439244 0.00484244936165
91 28.2177191337 -6.58143284388 -10.3760433863 0.00654694234379
90 27.3158548366 -6.69594036793 -10.291921483 0.00487398291875
89 26.4248056994 -6.65173279811 -10.0913792656 0.00807544858607
88 25.7847429763 -6.54932044712 -9.44260121246 0.0060167710658
87 24.9640633559 -6.42028663291 -9.05124608424 0.00520803904016
86 24.1138387774 -6.60755405665 -8.75519104592 0.00405891952835
85 24.0192853727 -6.47327048557 -7.84844490815 0.00442295690805
84 24.1348841989 -5.76466970029 -8.42682015696 0.0103984696564
83 24.3494960609 -4.94403156141 -8.79357448071 0.01320703441
82 24.2679003596 -4.20479157771 -9.34731878839 0.00649832446386
81 23.8054955512 -3.51300465208 -9.7591498338 0.00767417021447
80 23.5128241341 -2.72743645882 -10.161752438 0.0058259554913
79 23.3467971507 -1.8524237259 -10.4330297425 0.00312658852343
78 23.5451815601 -1.01863283469 -10.798383714 0.0177632356649
77 23.7098203792 -0.126705196884 -11.024905423 0.00824887118548
76 23.8725297442 0.602648503495 -10.4603595204 0.00977688807684
75 24.1354493699 1.4090252623 -10.0597352778 0.00544977281148
74 24.4180231194 2.26254341112 -9.78954615004 0.00417127263878
73 24.6747830011 3.15113061836 -9.62530481833 0.00637824974103
72 24.9685794192 4.03136435594 -9.47300004104 0.00567067726025
71 25.4842034842 4.81394339097 -9.38583987035 0.00504732649893
70 26.2481060787 5.36442668035 -9.3594484195 0.00512697219425
69 27.0399584345 5.84723750278 -9.52849186883 0.00514987462187
68 27.9414683512 5.93517321989 -9.26449119543 0.00656604874434
67 28.6628155047 5.78243469552 -8.6740117823 0.00344786703372
66 29.3105952287 5.24016525948 -8.25064670744 0.00953723751302
65 29.7891707842 4.91201248945 -7.5028511568 0.0037179199331
64 29.9195921365 4.70916889015 -6.58681262881 0.00337799259669
63 29.9862701293 4.30860575351 -5.73065784597 0.00830318183079
62 29.7444221626 3.88622161921 -4.91653483012 0.00729424499115
61 29.7219400332 3.43678448862 -4.08053897193 0.00524488961308
60 29.2381709812 3.10343780075 -3.33411147247 0.00397967288173
59 28.9902486526 3.06712427302 -2.41714081119 0.0049370215813
58 28.815803714 2.86209153349 -1.50490254007 0.00469265367926
57 28.3543184549 3.08648093807 -2.30615360571 0.00721292898077
56 27.5517372013 3.07722255347 -2.81799263665 0.00448384367647
55 26.6155114204 3.22377967542 -2.91133805826 0.0015711092635
54 25.6800391588 3.37797375481 -3.001554489 0.00514278297072
53 24.8564863698 3.85720891683 -2.99069493894 0.00635823352896
52 24.1616123832 4.49088212549 -3.14848004542 0.00405246099801
51 23.4750717487 5.1133533641 -3.37494501073 0.00221294223117
50 23.0005612482 5.90904125286 -3.60348699597 0.00361721099127
49 22.6648320862 6.79317907852 -3.73277608228 0.00309286887878
48 22.4926265699 7.73216451395 -3.71476326252 0.00479843875797
47 22.4364665196 8.66467892829 -3.91441828063 0.003217337435
46 21.7206586988 9.29711265337 -3.88677999363 0.00549437300423
45 20.9660417828 9.85666470787 -4.06449698933 0.00554611847544
44 20.3811468392 10.4890543886 -4.48075239041 0.00312287835349
43 20.0015641276 11.2435585369 -4.93075204962 0.0115193803867
42 19.5263149419 11.9596953871 -5.35386382714 0.00608011452698
41 19.3044545061 12.6525828191 -5.97811537586 0.00770887390859
40 19.1973288658 13.3525249658 -6.62531017876 0.0072367509447
39 19.1308808662 13.9597288542 -7.36586840636 0.00385502003813
38 19.0332495525 14.3804415365 -8.22367643824 0.0036123087493
37 18.5256314049 14.2988938663 -9.03514024927 0.00573567145665
36 18.2650654199 13.5898235558 -9.62891307086 0.00412207053473
35 18.3692775402 12.8731074989 -10.2608595146 0.00669011701008
34 18.140236813 12.1230951435 -10.8174181209 0.0092488768259
33 17.7494649569 11.4794117714 -11.4166275434 0.00310438382645
32 17.2173854389 11.1112861688 -12.1294155485 0.00499419588563
31 16.8559708953 10.5923012223 -12.8556528408 0.00547664089409
30 16.3444494883 10.1493093966 -13.5413233738 0.00370051396146
29 15.4040324784 10.0184526147 -13.70403379 0.00214018365774
28 15.4035459481 9.11240145735 -14.0317995102 0.00548790800274
27 15.305037209 8.21397929156 -14.3667688006 0.00642170721538
26 15.1021199868 7.27439302264 -14.290889148 0.00410454693334
25 14.7956595725 6.36310208148 -14.3676872975 0.00402519249445
24 14.1938114484 5.61333519377 -14.2877384611 0.00344621554109
23 13.6037242286 4.85064792701 -14.2519279847 0.000652097148613
22 13.1062703544 4.02425646725 -14.2814656191 0.00370670922238
21 12.6984943048 3.1629484447 -14.1278581571 0.016163775426
20 12.221825386 2.32502785996 -14.0624968824 0.00311679892168
19 11.6599528773 1.54320015043 -13.9788385263 0.00403008820623
18 10.9812289586 0.896622556783 -13.7427587705 0.00181944073781
17 10.4934716748 0.402012354718 -13.0700324809 0.0197985127545
16 9.71988612535 0.124017217929 -12.5588410915 0.0196350565799
15 8.89353044391 -0.0752359356702 -12.0936213818 0.00278537250417
14 8.2056766002 -0.17784073583 -11.4184545472 0.00554223357624
13 7.80446133804 -0.357210614398 -10.554037473 0.00549224275775
12 7.41701447064 -0.632875632814 -9.70860750138 0.00410084281661
11 7.00660260635 -0.585732764175 -8.830744452 0.00432639737392
10 6.34698689217 -0.259772970791 -8.19829516045 0.00454747446468
9 5.95079011276 -0.0200927447852 -7.34526004171 0.00570278462657
8 5.53693672864 0.0928109573651 -6.47427326632 0.00457530727852
7 4.86288416067 -0.022377826007 -5.78495678015 0.00189731334908
6 4.21384760448 -0.0793180633052 -5.06489071573 0.00362402844342
5 3.53635746546 -0.16153764822 -4.37386545983 0.00514330092043
4 2.77729969636 -0.026081389833 -3.78303485047 0.00250447961096
3 2.03521501107 -0.0766210569655 -3.15804400327 0.00348548452627
2 1.52380788676 -0.0401405157069 -2.33246991238 0.00395844487715
1 1.31515248998 -0.188802790077 -1.39474310751 0.00453573574103
0 0.591813338136 -0.00675784394861 -0.771425223961 0.00361867729774
0 0.959579111324 -0.226866095137 0.000998776800306 0.0012144068855
1 1.93550378217 -0.364949099779 -0.026055140081 0.00920897157325
2 2.89910243856 -0.56735065967 0.0237549039894 0.00131862197296
3 3.87329278722 -0.457718593934 -0.0805065467061 0.00285960260561
4 4.80379126929 -0.176758266585 -0.245117853851 0.00304811829565
5 5.65791254434 0.275077282289 -0.440317173624 0.00912407266576
6 6.54638206376 0.697706777337 -0.381093906033 0.00337011757865
7 7.4823305992 0.998797667344 -0.450000683836 0.00399329808444
8 8.42895593045 1.25877694973 -0.537173332708 0.00458204561937
9 9.30760407687 1.70497130851 -0.543236461351 0.00601565924062
10 10.2076966216 2.105782202 -0.555629279876 0.00297514942868
11 11.0864386553 2.54836988349 -0.502618444613 0.00243498543503
12 11.9146946085 3.0632362749 -0.362185826519 0.00198148452183
13 12.8565861254 3.28302402822 -0.174307523235 0.00452669122066
14 13.7497011207 3.65345181033 0.0147850251489 0.00807158054899
15 14.5476872374 4.20210057912 0.195284813875 0.00180507262875
16 15.3021465289 4.80716557427 0.382395295208 0.00373120753375
17 15.8674310344 5.61057025872 0.454407093699 0.00331383856148
18 16.3758646971 6.45367643347 0.426976218858 0.00276094737923
19 16.7396113387 7.36857212023 0.401431436424 0.00605874134148
20 17.0059500553 8.31475738325 0.341391975252 0.0060741465009
21 17.1395081591 9.28993017248 0.369882882239 0.00331877020344
22 16.9756963694 10.2567913457 0.458500695499 0.00789748825879
23 16.6794768934 11.1863339798 0.590636954192 0.0135374282005
24 16.4746321955 12.1425020135 0.702818047133 0.0177085197083
25 16.1764915147 13.0546088285 0.920513618999 0.00577177011358
26 15.8054242552 13.9180700485 1.21168645951 0.0110785914592
27 15.3204337853 14.7345023664 1.46831589444 0.0036549823145
28 14.9374231667 15.5343854547 1.8938272724 0.00472454284156
29 14.6682485426 16.2707831288 2.48776363679 0.00246970928588
30 14.2936313621 17.1043386116 2.85126087763 0.00399179722636
31 13.8837685055 17.9127518119 3.23287031874 0.00495098823891
32 13.5413530329 18.783257606 3.53602710499 0.00441855868217
33 13.3509084341 19.6474989017 3.96455884704 0.0046594713396
34 12.8563114499 20.3832601536 4.38961797749 0.00320024637202
35 12.2870888554 21.1515017924 4.61818269769 0.0052061705942
36 11.6520356301 21.8616630265 4.86033138971 0.00274024172841
37 10.7705834334 22.2960156361 4.88266274993 0.00234029678761
38 9.85097794295 22.5377653286 5.13155579755 0.00286906789819
39 9.23386141595 23.146456236 5.59492027931 0.00310198703546
40 8.6608364438 23.8201280851 6.02353946703 0.00393453686022
41 7.96508720355 24.3295981296 6.49486586497 0.00484390301253
42 7.95695207636 24.6435003468 7.42619237918 0.0203564279949
43 8.04775476338 24.928454209 8.36199291561 0.00293134779463
44 8.10557955891 25.1975495612 9.30501986526 0.00503733897287
45 8.34676072094 25.4521010216 10.2225469343 0.00317178295589
46 8.65468655518 25.7742859721 11.0977735374 0.00617939113708
47 9.08216325185 25.9969986507 11.9533594707 0.00581708654518
48 9.42292755465 25.9238313015 12.6202273616 0.00399758511763
49 9.98315475848 25.6975520277 13.3918737893 0.00491635346615
50 10.6570297026 25.6017718687 14.0967860289 0.00472168677673
51 11.2896284961 25.3180143983 14.7890529367 0.00260807568136
52 12.0212597029 25.0877023251 15.39847695 0.0172352790994
53 12.0415548745 24.4733459157 16.1608007342 0.0211660409042
54 12.0948729337 24.0149798517 17.0239492145 0.00361493730443
55 12.1006223332 23.7723898335 17.9721051614 0.00721045877634
56 12.2869504074 23.5412739069 18.9044829219 0.00384591649162
57 12.370124945 23.2374899929 19.830784246 0.00238023819261
58 12.311069888 22.7251137158 20.662024233 0.00615813055874
59 12.24502039 22.1281036374 21.433885091 0.00830735285562
60 12.1162828335 21.6468076082 22.2752745884 0.0096969761384
61 11.8626245138 21.147246392 23.0762903255 0.00463373013746
62 11.3620826972 20.5566207495 23.6726521081 0.0181421824676
63 11.3688431706 19.7511531501 24.2249552422 0.0119288862153
64 11.6978084829 19.2690140903 25.0076880259 0.00414632747426
65 11.9436005658 18.7648332851 25.8067414566 0.00310619856333
66 12.155091719 18.221913867 26.5899300187 0.00520302497554
67 12.1691485475 18.2042161492 26.6098337205 0.000314844314345
68 12.7090453356 17.5338856757 27.0623764126 0.00240239058565
69 13.6706012066 17.5199742659 26.9193001197 0.0105136646881
70 14.6176142422 17.4031484241 26.7351896432 0.00171568935492
71 15.5740006801 17.2365453707 26.6931283364 0.00350187008804
72 16.4456445387 17.6360047966 26.5363183288 0.00639108932591
73 17.1952921837 18.186804828 26.2569241128 0.00161074232543
74 17.7791928148 18.733767723 25.7061226734 0.00699320162606
75 18.249257275 19.1552574136 24.968225656 0.00673682383031
76 18.9321207645 19.5588887634 24.4087183841 0.00379924528001
77 19.7074198369 20.0799937877 24.1459676962 0.00593829184715
78 20.5067811131 20.3957118994 23.695854622 0.00756041680496
79 21.3799171744 20.5057409377 23.2883841812 0.00456908025617
80 22.2706209616 20.6815185609 22.9481449373 0.00709351492828
81 23.0086580627 21.0092257106 22.412041008 0.00325965270576
82 23.5578201461 21.5386796489 21.8142548022 0.0102820815631
83 23.9122321336 22.2907971839 21.317456411 0.00472439778839
84 24.2104700759 22.9853108784 20.7121100752 0.00460984061415
85 24.2578506027 23.6997244265 20.0604266725 0.00597824394106
86 24.5837196987 24.5036298407 19.6315013566 0.00630625100751
87 24.4472702553 25.0196339488 18.8244155608 0.00299351379118
88 24.052523548 25.3228882371 17.9948404107 0.00476746576401
89 23.7458751831 25.4195838753 17.0825690529 0.00435140936904
90 23.1454745877 25.6980017123 16.3777504988 0.0042286653452
91 22.621252365 26.1331670185 15.6921240064 0.00425450702344
92 21.9193254102 26.581414113 15.2023388193 0.00273117711806
93 21.8120251175 27.1854747708 14.4559070172 0.00198414710523
94 21.7421367726 27.6900716478 13.634953261 0.00281047827066
95 21.4137788735 28.2294359761 12.9040305229 0.00608816175506
96 20.9922913137 28.5495811391 12.2220355902 0.00573262261484
97 20.5701822899 28.871646953 11.4175803631 0.0087430168391
98 20.0482097169 29.0709055671 10.6329054163 0.00477018822097
99 19.4762029765 29.0621418064 9.85833957672 0.012688976211
100 19.0234087411 28.7807908696 9.05748969058 0.00682757797457
101 18.6183841761 28.3179916347 8.31841459629 0.00388036271178
102 18.5071262909 27.846059212 7.48835992437 0.00351886208521
103 18.4788665995 27.3020033626 6.69671302802 0.00115821839528
104 18.425208489 26.7216720286 5.9327681537 0.00377860903575
105 18.7646857898 26.7746010736 5.03557000981 0.0020904488837
106 18.9899039107 26.9881351566 4.12649886962 0.00316306960184
107 19.0664997074 26.8695083631 3.17654052165 0.0072802814509
108 19.2165163484 26.7245847862 2.23967409116 0.00239798691801
109 19.2853581993 26.7055660159 1.28269515662 0.0021134054994
110 19.4722747012 26.8596649318 0.354349458254 0.00247726899222
111 19.568454749 27.3768896537 -0.447557671123 0.00785236196059
112 19.6878358544 27.9959023611 -1.16934852046 0.00672121832244
113 19.9282859024 28.6412235862 -1.83489344282 0.00374976274381
114 20.5065859505 29.1639677365 -2.39050327425 0.00402295704389
115 21.0616172207 29.4089157888 -3.13077031647 0.003372601259
116 21.4853177167 29.7304670383 -3.92618479496 0.00102993198568
117 21.7145794793 30.0962850866 -4.78010455014 0.00290753924703
118 21.8390461616 30.5207820602 -5.6282550086 0.0149673693968
119 21.881030194 30.652224586 -6.573566211 0.000622584753006
120 21.7510615041 30.801698265 -7.50805853216 0.00596265384069
121 21.3201144836 30.7367870726 -8.35732902417 0.00678046206696
122 20.9112875541 30.5514724862 -9.19900214364 0.0054696320506
123 20.3498044385 30.1722794085 -9.86937373855 0.0039592548282
124 20.0267770533 29.6983249795 -10.6302230698 0.0057274098098
125 19.5012638176 29.1748351186 -11.2270305934 0.00541703115595
126 18.8886387887 28.7502168518 -11.8183518988 0.00172612249209
127 18.610917281 28.2212733333 -12.5588361345 0.00631405440039
128 18.8125283342 28.0773451537 -13.4769952049 0.00830205037936
129 19.1633403672 28.0040639353 -14.3567990296 0.010013582248
130 19.4172742736 28.2504338994 -15.2371973163 0.0055881588423
131 20.023327357 28.4409216215 -15.9407285121 0.00264843778932
132 20.441631954 28.4926950594 -16.789637739 0.00500558446042
133 20.4541068206 28.3672631257 -17.7285280159 0.00584699794281
134 20.3245692129 28.1690658699 -18.644973369 0.00233291251908
135 21.0566015185 27.6310083848 -18.3829404385 0.00519659748182
136 21.8475784506 27.8549801551 -17.9169001053 0.0212321560434
137 22.5547179999 28.4396413201 -17.7041830617 0.00479778742771
138 23.172631652 29.1355045784 -17.563803846 0.00247724701769
139 23.806024344 29.8192840323 -17.6915010992 0.00549376188866
140 24.7417361731 29.8666852329 -17.6162983712 0.00214472026086
141 25.2913913726 30.4678883907 -17.1476062973 0.00601588475633
142 25.4563532293 30.9668984972 -16.3691596001 0.00488277370899
143 25.8040230602 31.3445640079 -15.5835022665 0.00554884627942
144 25.2782802009 31.8809546725 -15.0228268367 0.00309801966577
145 24.5180711043 32.1153797695 -14.5283586038 0.0108417106712
146 23.6783449143 32.4869839155 -14.3545309182 0.00667078660793
147 22.960299089 32.469778393 -13.7578900135 0.00475713446202
148 23.0870053175 31.5815098107 -13.5038008664 0.00513964658584
149 23.2281804697 30.7781859694 -13.0534058745 0.00335426790071
150 23.0958929229 29.9759646909 -13.5071260136 0.00471702555571
151 23.0501363225 29.1156747332 -13.8576027803 0.0230786761527
152 22.6622362939 28.6037278743 -14.5240929016 0.00377934607377
153 22.2713906284 28.2073644979 -15.2627200258 0.00423581164349
154 22.1679775916 27.2900300572 -15.2477470912 0.00498086223966
155 22.4480384148 26.6364470733 -15.8355014213 0.00350199058045
156 22.0163842432 26.0186751711 -15.3050239384 0.00567935059263
157 21.7801369238 25.2229621411 -14.9080877233 0.00231088721082
158 21.4749515718 24.4669120202 -14.4829127474 0.00706381356632
159 21.2184701411 23.8103720978 -13.8948904644 0.00741815207592
160 21.1392156049 23.2239863952 -13.1954575709 0.00220544731386
161 21.1676929815 22.8733523626 -12.3498602263 0.00538055408942
162 21.0553216081 23.3394239099 -11.5714359505 0.0045002066399
163 20.887802521 24.0733509076 -11.0557906857 0.00367921132295
164 20.5902070616 24.8005542437 -10.5941434042 0.00391492071945
165 19.7601332344 25.1365404898 -10.4329330364 0.00374209053524
166 18.8974964343 25.406945873 -10.340681685 0.00784884518339
167 18.2754897007 25.6253598765 -10.9633125554 0.00341313371498
168 17.6571260035 25.4427528106 -11.5993827631 0.00447478034532
169 18.0768407321 24.9249814373 -12.2103555207 0.00314147476634
170 18.075914538 25.346573089 -11.411239655 0.00342603986976
171 18.348430839 25.4807206378 -10.5614371073 0.00450381058438
172 18.4095159518 26.0620429387 -9.87644995289 0.00723765336754
173 18.5348642893 26.1295159269 -9.54058639916 0.00198212617969
174 18.6126420433 26.311160452 -8.6904651943 0.00738779963379
175 19.0832753553 25.6669921455 -8.34962100448 0.00469181948505
176 19.6878667778 25.4036734503 -7.78955011949 0.00777432456771
177 20.4491203349 25.4769017706 -7.39587953735 0.00631924553679
178 20.5399753635 25.5077330461 -7.28397843938 0.000643091760015
179 21.1718182127 25.1563464827 -6.89758886056 0.00565429921625
180 21.8530012205 25.1070398 -6.45406239104 0.00675105885069
181 22.5569169528 24.7132638616 -6.43100695154 0.00736013398213
182 23.0416116733 24.4187932935 -6.99066668523 0.00507592824344
183 23.7133225313 24.1721829024 -6.65542624781 0.00656563820667
184 24.4632491338 24.3430692271 -6.51644900102 0.0078797241953
185 25.1516910536 24.6794944177 -6.43274873877 0.00482528540508
186 25.6421402327 25.244442177 -6.27866543797 0.00588170884076
187 25.6090669906 24.8814455441 -5.61631844855 0.0172097153725
188 25.6416944168 24.2479601897 -5.2633248471 0.00684513650228
189 25.6744530709 23.7440182126 -4.75963200555 0.00843605253558
190 25.5896826493 23.432255914 -4.1430277966 0.00913359879533
191 25.3564284051 23.2457617667 -3.53762500899 0.0123071863098
192 25.6706447423 23.5948076305 -3.09938335156 0.00957037334421
193 25.994345468 23.3404893148 -2.64387252767 0.00532509281122
194 26.3511335645 23.3043006722 -2.16694882857 0.00564746858808
195 26.0005608456 23.49399408 -1.74992302844 0.0109646305615
196 25.5573455604 23.7614540131 -1.88176108417 0.0110459614615
197 25.6052850944 24.1033780171 -1.5397659455 0.00958957865977
198 25.2127988248 24.2940041301 -1.5838033702 0.0129395129978
199 25.1392475784 24.2102232259 -1.92968503002 0.0113790780503
200 24.9269469116 24.3678724753 -1.80953429376 0.0126442307308
201 24.7516571806 24.3598183631 -1.93960698778 0.00782359671735
202 24.744294804 24.2130943377 -1.83994348173 0.0129413361052
203 24.8361178275 24.2753171216 -1.87298887239 0.00405427540422
204 24.9232512136 24.2671534794 -1.91915236978 0.0081072023709
205 24.9594159225 24.2522037441 -1.86358241646 0.00748490095796
206 24.9232689296 24.2736655771 -1.86666816977 0.00824676391078
207 24.9179074195 24.2772479296 -1.88572366679 0.00354821379635
208 24.9180046015 24.2895365715 -1.88465152076 0.00976938862512
