173 21.2261188336 27.345905759 -34.1695111934 0.00722896291589
172 21.2281374081 27.3534555404 -34.1687022769 0.00645105849152
171 21.2453827536 27.3642302936 -34.1738615538 0.00873090562166
170 21.2567819967 27.3207918587 -34.1751348515 0.00497661384385
169 21.2290646789 27.2860445976 -34.2182880924 0.00789839879018
168 21.2289772537 27.3694006618 -34.2563555703 0.00300916540721
167 21.1732452958 27.4418904262 -34.2079234371 0.0131681746404
166 21.0725974508 27.3220853389 -34.2572321497 0.0120238741696
165 20.8633545919 27.2354155081 -34.2622168725 0.014830013015
164 20.8084889493 27.4332588854 -34.0251600738 0.00774896340874
163 21.0800348086 27.5486052675 -34.2376442179 0.02011805308
162 21.3786084149 27.66312366 -33.8866073083 0.00901740956032
161 21.8864439903 27.7228367686 -33.9536151845 0.0107645056947
160 22.3698791816 27.6918778189 -34.2338413992 0.00894050250179
159 22.8631681941 27.6062363236 -34.5496042693 0.00687511291783
158 23.3680511454 27.2601635328 -34.5001892885 0.0102743487498
157 23.0566469331 27.6090781989 -34.9445180511 0.00913575298054
156 23.1363901985 28.1280876165 -35.3590716956 0.00632018734785
155 22.8747656044 28.3760488511 -35.9412468025 0.0112134376409
154 22.5044503331 28.7161983535 -36.4407636621 0.00139456519861
153 22.2372672756 28.7380156169 -36.4934442707 0.00339624750364
152 21.4079756301 28.7834670931 -36.2136486306 0.00341965325137
151 20.5540571133 28.8798342489 -36.3939081192 0.00189758749102
150 20.3372285818 28.9222014741 -35.5418769372 0.00603710228027
149 19.8251885568 29.1081364207 -34.8473596753 0.00625828136004
148 19.6226484753 29.5542916318 -34.109584353 0.00491759075711
147 19.8953723586 29.4550793192 -33.2702342637 0.0047605387161
146 20.2920854953 30.0801322557 -32.777360596 0.00745724866264
145 20.5139154723 30.4642768692 -32.0022744907 0.00539397238444
144 20.76763954 30.3934636659 -31.1465061783 0.00345536029345
143 20.7454884102 30.1980900266 -30.2715517465 0.00352763607519
142 20.8830685588 29.7842238408 -29.4867212208 0.00818407266346
141 20.6800544112 29.7036258885 -28.6125164989 0.00581832652906
140 20.0769575166 29.9329350658 -27.9813966976 0.00985260109143
139 19.3832094101 30.3664346911 -27.5931454206 0.00640664520034
138 18.5327371934 30.5968891449 -27.3763455738 0.0109898137937
137 17.6224430973 30.6089638004 -27.3508426162 0.00338404471834
136 16.8583813191 30.7196693378 -27.8364320877 0.00429707768064
135 16.0266655239 30.6786687238 -28.2111782647 0.00283176549853
134 15.2706940092 31.1912484014 -28.2386625598 0.00506692681225
133 14.7296152081 31.5649155052 -27.6013601116 0.00438984257551
132 14.9906824858 31.3125202221 -26.7589907282 0.00389957595944
131 14.8303497684 31.3425729473 -25.8551273163 0.00450011819287
130 14.4883909559 31.3221466745 -25.0018208991 0.00465105852247
129 14.1056108974 30.9082161662 -24.2742909481 0.0110585219344
128 13.6836960564 30.8720513176 -23.4538808437 0.00791423289765
127 13.2961244015 30.8768553621 -22.6138947247 0.00601128796786
126 12.7899309336 31.0350597793 -21.8544720037 0.00574884776001
125 12.4094188708 30.5506666569 -21.1611926431 0.00511153750024
124 12.4487346126 29.9590302735 -20.4466758259 0.00512038642026
123 12.6890172776 29.8670065576 -19.5531059477 0.00590029918602
122 13.1483728157 29.496471831 -18.8334170449 0.00626177882559
121 13.3822028261 28.8488647482 -18.2055784641 0.00531607556436
120 13.676084738 28.1895646116 -17.6148293044 0.00435909032141
119 13.9755675622 27.3084829687 -17.6843490157 0.0149196967864
118 14.4196108613 26.4854201253 -17.6502937266 0.00330791234065
117 14.9604875509 25.7228942739 -17.7035006865 0.00845698960088
116 15.3174844126 24.8557147739 -17.7044385876 0.00332087388664
115 15.3719713392 23.9371647385 -17.8883313759 0.00250302470427
114 15.4359397971 23.0056403064 -17.7914136112 0.006086612143
113 15.0565853655 22.1469703497 -17.7492732472 0.00476816448145
112 14.3734397376 21.5158095774 -17.6101592894 0.00665180229946
111 13.7138021682 20.851209807 -17.7073276996 0.002836338401
110 13.3251928337 20.0880270503 -17.3151084354 0.00482418755397
109 12.6980291293 19.4981719223 -16.9312679637 0.00670147826739
108 12.35182291 18.7586076619 -16.4583053017 0.00671819765673
107 11.860502354 18.0858004535 -16.0131887737 0.00567276265985
106 11.4219442698 17.3413390114 -15.6298132061 0.0038429662914
105 10.9052426944 16.5967246513 -15.3597679849 0.0024534064034
104 10.558259348 15.727687289 -15.4984764076 0.00117261619839
103 9.90508812039 15.0836023331 -15.7302716655 0.00269609484132
102 9.08665820875 14.6217087487 -15.8425836551 0.00565605741089
101 8.44457243539 13.9760020155 -16.1033735868 0.00348750122074
100 7.78317746145 13.2975302417 -16.1158371578 0.00431116662054
99 7.30924965064 12.4866771982 -15.9860247106 0.00412355630745
98 6.48878080228 12.2074430747 -15.6000838856 0.00599570528887
97 7.05377909238 11.4802841819 -15.3692547696 0.00597852056276
96 7.46087099423 10.7185702536 -14.973278546 0.00181661714154
95 7.71926803572 9.91519150206 -14.5362596914 0.00933064270099
94 7.8260628468 9.1207657472 -14.0236969945 0.00516149423894
93 7.84888111042 8.32019341646 -13.5090550997 0.00426860594647
92 7.85268659307 7.62491029838 -12.8579328786 0.00298097850035
91 7.83613037359 6.7860638541 -12.406593801 0.00495730775182
90 7.50154920867 6.12928630175 -11.8019811095 0.00284260584957
89 7.35517824402 5.57030809346 -11.0431398138 0.00525634040987
88 7.21546917613 5.11232770768 -10.2175446708 0.00725597119981
87 6.76037476988 4.47325728099 -9.6733744589 0.00297259952352
86 6.75455700525 3.68531572424 -9.13365921809 0.0051664818369
85 6.61351136473 2.86754071942 -8.65999178429 0.00513331043894
84 6.14989662151 2.16638400114 -8.20465081471 0.00669869972158
83 5.57581292726 1.49900643324 -7.83048912987 0.0070070413863
82 4.90741769051 1.11371286577 -7.26374151637 0.00830763017868
81 4.68536083209 0.50716245831 -6.55605935301 0.00892048770132
80 4.59932014506 0.100238221437 -5.69188351566 0.00145745535835
79 4.36599346426 -0.164212144413 -4.79985776214 0.0114689612482
78 3.95751107525 -0.133432993163 -3.93153377688 0.00635434712332
77 3.12625716651 0.0115537465725 -3.47325198048 0.00100713907369
76 2.66155030264 0.200290933927 -2.65397956631 0.00420959824358
75 2.40667411845 0.837048020155 -1.98115493446 0.00476162632229
74 2.12121392349 1.51896774818 -1.36698390669 0.00452672808563
73 1.73426670013 2.13080673039 -0.73428254514 0.0164846365237
72 2.11465103009 2.99515524386 -0.548741969066 0.0016670356908
71 2.57737056224 3.71694837656 -0.111086292835 0.0056764208994
70 3.19642030749 4.39719797647 0.174043449391 0.00160369197308
69 3.68905995718 5.20732919829 0.342573430938 0.00495984506647
68 4.13667917031 6.03845557645 0.53476294476 0.000124344549381
67 4.15641271069 6.06183582098 0.540523626448 0.00239466447923
66 4.77091739523 6.80413986327 0.607121303767 0.00310236268055
65 5.44698387999 7.46058213621 0.393841374413 0.00596552230107
64 6.26689699382 7.90260136754 0.135898901826 0.00585102048433
63 7.09719633923 8.22792079157 -0.237837208195 0.00846363070369
62 7.83782286248 8.21965769753 -0.86034080945 0.0096823250733
61 8.44379069708 8.6958876772 -1.44608527695 0.00511600846864
60 9.20232587306 9.0883682112 -1.90222244466 0.00455677215839
59 9.86058136267 9.52351154678 -2.46383782988 0.00802168942882
58 10.3810926028 9.9580290323 -3.15615902444 0.00517139414034
57 10.6005996861 10.2984395739 -4.03695695758 0.00291497000955
56 10.7260688353 10.307378902 -4.9984578857 0.00670181242109
55 10.7563153848 10.2873428177 -5.96781353682 0.00392431359672
54 10.4844732771 10.0685661781 -6.87305103711 0.0116685600167
53 10.1190325238 9.782474988 -7.72558531937 0.00563942361812
52 9.68599383911 9.62808361994 -8.58078660447 0.00574229881691
51 8.8681453102 9.82093468567 -9.06729409824 0.00197638809678
50 8.05905572637 9.99624309748 -9.57483329579 0.00241615490852
49 7.33007832686 10.3373293328 -10.118395211 0.00152769559542
48 6.56170082087 10.6500035375 -10.6235034519 0.0144065705426
47 5.76832223474 10.97704004 -11.0796924214 0.00449389450654
46 4.88876976729 11.3546475843 -11.2485775094 0.00272465869254
45 4.22032016635 12.0186957452 -11.4877311603 0.00814169468038
44 3.75875622011 12.86822595 -11.5919954333 0.0079266181261
43 3.86960727581 13.8072188453 -11.3632948491 0.00697903067686
42 3.98882697001 14.7465628513 -11.1390705061 0.00305026021736
41 4.04005492403 15.6894312932 -10.9035326547 0.00723796499578
40 4.20359523664 16.5278565764 -10.4365067517 0.00386972053486
39 4.60444033585 17.3811537368 -10.1932411026 0.00248827931641
38 5.08953699264 18.2249909325 -10.1662341695 0.00480439923009
37 5.45734679361 19.1192208689 -10.0498106995 0.00470474117674
36 5.85753979795 19.9920482832 -9.88589458044 0.00949634566907
35 6.51062137174 20.7099063827 -9.79814962008 0.00677806556915
34 7.18747164341 20.7671116059 -10.4974644492 0.00252126385487
33 7.96000074282 20.7171932011 -11.0900924638 0.00498892439438
32 8.83501534162 20.2907733271 -11.1455231843 0.00699233558677
31 9.69723888454 19.8839505882 -10.9402292229 0.00370654025997
30 10.3188695247 19.1327619651 -10.9158932739 0.0050523435328
29 10.6780692216 18.2581393908 -10.6756728984 0.0106232872851
28 10.8394842514 17.3382711364 -10.3924502122 0.000984200599525
27 10.8971759024 16.3893506459 -10.1717954781 0.00263727871431
26 10.9107071457 15.4682356726 -9.84922683233 0.00149484174724
25 10.8769516946 14.610652744 -9.384158868 0.00574070293622
24 10.6221207902 13.7713668821 -8.95534209425 0.002147100017
23 10.2705557858 13.0582020122 -8.38853472944 0.00219864700592
22 10.0272653181 12.6955950651 -8.08082311401 0.00161539513661
21 9.38570271204 12.0896723688 -7.65883389696 0.00571972159636
20 8.79849043257 11.5153476172 -7.12727670707 0.00835856463063
19 8.1034519185 10.9075313408 -6.8031858044 0.00494137393124
18 7.25040417859 10.8411704332 -7.27839030001 0.00490643837174
17 6.46921513341 10.6864114439 -7.84763908528 0.00980265662143
16 5.69533307518 10.3796570126 -8.36313901646 0.00489347051697
15 5.75288394789 9.42162149881 -8.55725971447 0.00546378759974
14 5.94722068641 8.48498042171 -8.34737033531 0.00381815209676
13 5.79511750281 7.54548322416 -8.11600351136 0.00489261687925
12 5.39672163369 6.6509468104 -8.09110136316 0.00915488409409
11 4.69059857065 5.97761414793 -8.00156790813 0.00421929989392
10 4.07284090213 5.2289222158 -7.86719478272 0.00387909436313
9 4.02713688418 4.81239453946 -6.98099355888 0.00217978615162
8 3.91326540303 4.48650683431 -6.06343615193 0.005443817376
7 3.56444838573 4.09261736554 -5.23614291364 0.003871765336
6 3.3464883854 3.65544696315 -4.38595309156 0.00413530770278
5 3.06206179351 3.13042867988 -3.60812180414 0.00138123147702
4 2.7135710465 2.5069605189 -2.93628238561 0.00413480430785
3 2.32618272573 1.91480093737 -2.25730890332 0.00548968223421
2 2.07060639413 1.15024076455 -1.69872713875 0.00180031794687
1 1.41035344974 0.642109040765 -1.18122574004 0.00697405185365
0 0.756317246662 0.217670961277 -0.585905353051 0.00819427659353
0 -0.401499562958 0.687155841123 0.573485089055 0.00306434103426
1 -0.348052317044 1.37939974154 1.26642867569 0.00233321560462
2 -0.163591880554 2.24352071357 1.69209734382 0.00298154175321
3 -0.0298157497868 3.13805536592 2.07113923798 0.00575630493548
4 -0.182053797353 3.85933973324 2.71785892623 0.00393079390123
5 -0.509411506802 4.48930647111 3.39424171853 0.00353024636379
6 -0.939921620838 5.16474411238 3.95966156132 0.0080247120737
7 -1.34966049217 5.87128880414 4.50165723103 0.00364234363053
8 -1.75401627314 6.71173528918 4.80278960551 0.00485393497696
9 -2.25284396442 7.46346795103 5.18541530791 0.00417597131769
10 -2.71084968902 8.25795635905 5.53056162055 0.00488433697042
11 -3.1884077736 9.01430102164 5.93027541951 0.0100851996556
12 -3.98370390306 9.46563695815 6.28120366038 0.0074810059357
13 -4.83446788187 9.84754961259 6.58000437244 0.00880777006154
14 -5.68272606987 10.0807145625 7.00969506479 0.0018186552464
15 -6.62709899326 10.3064632959 7.13427689081 0.00116861098972
16 -6.52362037825 10.0413201601 6.19732790689 0.00482638723886
17 -6.42254029952 9.75206556011 5.26741895947 0.00778457486142
18 -6.22553745916 9.42134989513 4.36743359689 0.00394424845008
19 -6.01546629527 9.66487201491 3.44301961435 0.00472202337887
20 -5.83130392222 10.0352569464 2.55613569611 0.00681635551572
21 -5.80450649803 10.339757493 1.62667203706 0.00343006378966
22 -6.33430010633 10.6269247853 0.856088396094 0.00571165690015
23 -6.54933910972 11.3233982042 0.204034264428 0.00433011005481
24 -6.95449579339 11.8879314723 -0.484026555599 0.00447725098592
25 -7.37270948942 12.2509271842 -1.2899309605 0.00533954554275
26 -7.80816386239 12.4762549736 -2.13579964812 0.00290604084347
27 -8.18261848596 12.5475124052 -3.03607410233 0.000851211904463
28 -8.60918988109 12.4837079644 -3.9133833857 0.00390705908945
29 -9.13993423077 12.2530925972 -4.70109071627 0.00336511014736
30 -9.4510303271 11.9111798583 -5.56223060351 0.00339683988547
31 -9.97476349776 11.4591075559 -6.2522786433 0.0056448705096
32 -10.4208017943 10.7401845547 -6.74063856869 0.00423562131418
33 -10.7999833473 9.99037485139 -7.23867974206 0.00541486988222
34 -10.8656543987 9.16777703841 -7.76092063672 0.00376720530905
35 -10.7858484823 8.27888447619 -8.15700442062 0.010355175286
36 -10.5397177925 7.3357324996 -8.20665914157 0.00526702371844
37 -10.1734041219 6.45081966375 -8.39374811142 0.00351391048599
38 -9.85245636388 5.72667639307 -8.96372356408 0.00655697719022
39 -9.64901004851 5.05204019577 -9.6385607359 0.00493533032623
40 -9.24023949904 4.4119120038 -10.2506618462 0.005002258927
41 -8.70541654662 3.86167862058 -10.8526393862 0.0100654513365
42 -8.12681161569 3.26559881336 -11.3628151384 0.00511404724737
43 -7.36216010053 2.90911770425 -11.8508906837 0.00329877584357
44 -6.62970029155 2.64025779621 -12.4348905272 0.0177629682631
45 -5.86629338503 2.36183254522 -12.9716999903 0.0148339418612
46 -5.50057934715 2.06588076542 -13.8239881867 0.0050664015488
47 -5.16744311531 1.92077008002 -14.7269702691 0.0032991215
48 -4.86901673418 1.89452489115 -15.6529530276 0.0164540992931
49 -4.5261745693 1.80154323787 -16.5582905959 0.00503382094681
50 -4.28533225175 1.61953265548 -17.4825759466 0.00383066031148
51 -3.86254732659 1.49728178175 -18.3493649937 0.00358250865653
52 -3.16275269023 1.44761716923 -19.0218562949 0.00482937533963
53 -2.36476415562 1.39303397631 -19.5733071596 0.00264588370166
54 -1.77570748694 1.17117113414 -20.3133459085 0.00587439254654
55 -1.15666377942 0.949823726029 -21.0282623125 0.00346124690865
56 -0.69803543087 0.623963185031 -21.8198400791 0.00391403004572
57 -0.319421180815 0.333052209987 -22.6653448667 0.00361415327949
58 0.253558253842 0.0151096986387 -23.3815396538 0.00520364934804
59 1.12660636455 0.225351224119 -23.7490389563 0.0085294183227
60 2.05888391701 0.364823605645 -23.9770493177 0.00479389176148
61 3.02519268367 0.440725086779 -24.0006382692 0.00660388305289
62 3.93519746288 0.647833552337 -24.2623520858 0.00184730191972
63 4.83165446117 1.01500513574 -24.2905384248 0.00312135283569
64 5.74108625722 1.25439035424 -24.5242466951 0.00317861735093
65 6.67610806813 1.40536689634 -24.7282072781 0.00649797986489
66 7.38957864566 1.87784803753 -25.1819656504 0.00484639967428
67 8.00902119541 2.60748600911 -25.3282555548 0.0081410187864
68 8.72602853514 3.22662285868 -25.1302198533 0.0053474495638
69 9.42852167451 3.73517795376 -24.7011384286 0.00311600713815
70 9.98244967027 4.34527409664 -24.1942591584 0.0051248155314
71 10.4765446193 5.04287677321 -23.7419476009 0.00285612515469
72 11.0024301025 5.66211657966 -23.2174330554 0.0502205258552
73 11.1891338252 6.57104093898 -22.956818984 0.00298239822208
74 11.5830580154 7.17322304961 -22.3156060173 0.00509809866604
75 11.7696937143 7.81152955717 -21.6183846359 0.00458124255094
76 12.489443482 7.79443014531 -20.9785731516 0.00495932854052
77 13.0725557564 7.67926248393 -20.2209774266 0.00477583000016
78 13.6835790871 7.82329625034 -19.4912897447 0.00561593107352
79 14.2303009743 7.99531048913 -18.7184001752 0.00169534035374
80 14.7349129502 8.29971999576 -17.9579431606 0.00485507432707
81 15.1563633059 8.78507966471 -17.2426565778 0.00592346326259
82 15.6558185976 9.18307992921 -16.5242330775 0.00631677889653
83 16.1403559138 9.23205371425 -15.6959077431 0.00797520699645
84 16.4684273099 9.39462695571 -14.8081059011 0.00320870546126
85 16.8747737209 9.89642877235 -14.0978447465 0.00489357201018
86 17.0590919902 10.4258402252 -13.319042927 0.00445689867028
87 17.2470052872 10.8125979822 -12.461504263 0.0118051968705
88 17.0792585626 11.1643899258 -11.5859827915 0.00282996819775
89 16.9445604121 11.5499375059 -10.719286359 0.00481137977731
90 16.8362907734 11.6695795813 -9.77518827715 0.00503493826122
91 16.973838079 11.9678681497 -8.87601912416 0.00719426848878
92 16.7130296364 12.1229570792 -7.96875888049 0.00445902847462
93 16.5575763547 12.0865663944 -7.02587772555 0.0038909553933
94 16.4371854434 11.9073086634 -6.09465774174 0.00243050660929
95 16.3915916033 11.569916399 -5.20171263713 0.00452693515985
96 16.5095182455 11.5359028517 -4.25433161103 0.00415605312825
97 16.2529479947 11.4489392614 -3.338713732 0.0130562700109
98 16.0192794909 11.3808870595 -2.41672005098 0.00502160702755
99 15.5948742618 11.0610968312 -1.62577264317 0.00417472468896
100 15.1715105613 10.4124310339 -1.07200559399 0.00481476904705
101 14.6914710814 10.3891464833 -1.89376169738 0.00631645704339
102 14.1668396287 10.1273664687 -2.64277325761 0.00554794632116
103 13.5884998453 9.86315789107 -3.34934058842 0.00483015455961
104 13.0215148612 9.91905711039 -4.10961377712 0.00537456336251
105 12.7937429545 10.0050574851 -5.02754320521 0.00287219014985
106 12.2581826233 9.96411516077 -5.81007638052 0.0048533619987
107 11.8767684832 9.57501996552 -6.58653085516 0.00460800488809
108 11.5308059832 9.25526092033 -7.40926243184 0.00475679188435
109 11.3258404792 8.80730699711 -8.21858724051 0.00861258812257
110 11.0290411237 8.34011109485 -8.98614862931 0.0043922220179
111 10.5422945534 7.89617470757 -9.66453796284 0.00991645151992
112 10.2370449119 7.54578326331 -10.486816641 0.00968764846107
113 10.1682651327 6.98638975122 -11.2429396007 0.00792044119623
114 10.0525573785 6.65511732344 -12.1172675318 0.00374140177412
115 10.0471272805 6.57770303079 -13.0557425093 0.00167581643195
116 9.90752346509 6.15683880616 -13.8859950119 0.00937593134209
117 9.86930320137 5.78576803381 -14.7486634476 0.00522303089172
118 9.72046151131 5.27269101895 -15.5207546202 0.00224014323045
119 9.42605209255 4.64670458247 -16.1547462212 0.00696067857839
120 9.30339906565 4.2478813418 -16.9942872434 0.00446110630439
121 9.47845096083 4.04134879531 -17.8911884012 0.00482804935421
122 9.74059634159 3.8721867519 -18.7736861816 0.0023259300271
123 9.63571680953 3.81592231319 -19.7017935957 0.00731387561169
124 9.29636558869 3.61882067825 -20.5496331729 0.00191932449627
125 9.31724757737 3.80308531076 -21.4650807873 0.00436500894495
126 9.61975153708 4.29842979456 -22.1954496424 0.00869220396
127 9.31314569296 5.0049336985 -22.718458763 0.00702995785378
128 8.83085304292 5.62618180747 -23.2139314158 0.00863115985258
129 8.96391853532 6.45552245152 -23.6076948776 0.0023727472318
130 9.01187076746 7.32693689312 -23.9204982473 0.00740657447455
131 8.90234618881 8.17188865521 -24.2819867239 0.00315606736379
132 8.5883971893 8.82164879074 -24.8607968297 0.00160653697808
133 8.46560373055 9.61348152861 -25.322052041 0.00475702593211
134 8.20367860819 10.4320775083 -25.659544896 0.00397608204967
135 7.64722805698 11.1169140299 -25.9281693051 0.00169917011041
136 7.55166289118 11.9960143237 -25.6672181038 0.00592167839672
137 7.2898112534 12.8654907622 -25.8180424964 0.00482142912756
138 6.89955965816 12.2506747186 -25.2563557333 0.00657038591395
139 6.65283055216 11.3815116285 -25.0960656865 0.00438389363369
140 6.736582275 10.4765095089 -25.2136222325 0.00306136786578
141 7.04247767837 9.66833296318 -25.5166424441 0.00354152845923
142 7.53285681999 9.13379504771 -26.0744086207 0.00476307253774
143 8.08400806292 8.74803019336 -26.692848756 0.00349917173228
144 8.62876064226 8.82011690285 -27.4219907639 0.00532948991823
145 9.21803450454 9.48218148833 -27.2123373633 0.00483527565311
146 9.41654097009 10.0702431189 -26.547001501 0.00297595319728
147 9.83784864619 10.8331549451 -26.2906337452 0.004629003181
148 10.1270361846 11.6858995798 -26.1826110989 0.00321005566753
149 10.2424719516 12.2388995978 -25.4735586348 0.00638179579693
150 9.74659055405 12.8845651112 -25.0806504461 0.00479430039514
151 9.14514325535 13.4248423183 -24.6799170899 0.00559783534242
152 8.30568984834 13.4302698523 -24.3546120564 0.00415150011031
153 7.43693260344 13.3213255999 -24.1520026544 0.00250013761539
154 6.65441666945 13.4129639655 -23.7210990175 0.0034650305322
155 5.78235331555 13.4344872214 -23.5144132178 0.00394824007752
156 4.92578562868 13.192302604 -23.4221859007 0.00471834346998
157 4.60284166246 13.2654498859 -22.5916086852 0.00584459825035
158 3.89486516928 13.0663204294 -22.0884867961 0.00518915112249
159 3.0747331899 12.9974799071 -21.7532818546 0.00825050450418
160 2.73718747709 13.2203952591 -20.9651258795 0.00603167053307
161 2.14199556168 13.1265081149 -20.3199648445 0.00620902806993
162 1.5729247525 13.2732292667 -19.6651880507 0.00525405744359
163 1.37019327935 12.4284402695 -19.5493041663 0.00641461914449
164 1.01055063745 11.6836824217 -19.2690241703 0.00593009613269
165 1.16694553448 10.8998185328 -18.9252571545 0.00412660154095
166 0.921608966189 10.806232494 -18.0970292698 0.00690035950249
167 1.1515044972 9.98505982157 -17.960874418 0.00308112929124
168 1.59088227808 9.27730409575 -17.7403864079 0.00717565048044
169 2.34806144069 8.92868165961 -17.5406005183 0.0132108242182
170 2.75906360986 8.89014877222 -16.7984325553 0.00369290112564
171 3.36711549699 8.90944173448 -16.2103429228 0.00837053399525
172 3.64514288627 8.18273401693 -15.8958770094 0.00667153051994
173 3.717436527 7.47251233649 -15.4646992924 0.00990876842616
174 3.87785328216 7.23270717908 -14.6903564524 0.00896864946534
175 3.92929215391 6.51270832958 -14.3079826108 0.00535384006555
176 3.53408986842 7.15557517544 -14.0099270002 0.00512283416235
177 2.79917214937 6.99650529284 -13.7197890561 0.00533312563551
178 3.10465342706 7.02016416156 -12.9824340352 0.00721253853309
179 3.43781045363 7.27680231343 -12.3141434444 0.00868937066951
180 3.46917609396 6.94801571398 -11.6092062045 0.00488321306238
181 3.90530607671 6.31444522389 -11.5663356656 0.00414186556316
182 3.37411085084 5.85391193448 -11.2657751739 0.00464430996261
183 3.55059899251 5.14694689557 -11.0590163877 0.00341744969281
184 3.93452175668 4.50085317775 -11.0831390298 0.00424513041929
185 4.03709832652 3.83952001417 -10.7550201453 0.00312161665009
186 3.56852382767 3.44024298499 -10.3438696964 0.00525449804644
187 3.2880592647 3.36519553647 -9.67194986387 0.00532263559405
188 3.06229192361 2.94218693893 -9.13254433243 0.00626997077022
189 3.05037841989 2.3266159688 -8.78108286683 0.00487319815704
190 2.66330493856 2.26344117721 -8.20193413588 0.00636778700411
191 2.01665141037 2.27676152669 -7.97824394721 0.00222104995912
192 1.51814513856 2.09965962632 -7.55163079834 0.00711735978181
193 0.961420535103 2.34731264573 -7.29372255152 0.00718011011108
194 0.753679404305 2.28219749685 -6.68827670589 0.0195180128888
195 1.21249137481 2.63578615042 -6.65023163247 0.0135446497975
196 1.34120397575 3.04638389907 -6.95742419504 0.0121808131465
197 1.24744999239 2.7628093427 -7.32550100143 0.0082740841111
198 1.36231381128 2.77604021656 -7.74278590041 0.00788395240236
199 1.38340566685 2.47924309938 -7.49257244715 0.00792164453655
200 1.29767481106 2.67744046225 -7.23432960832 0.00504422468275
201 1.25779912472 2.82505947966 -6.97090653968 0.00873714926048
202 1.49146357844 2.73026252914 -6.96433615421 0.015961939222
203 1.36656795848 2.64762034498 -7.03956740012 0.00578298287526
204 1.49581594885 2.59869190308 -7.05950567596 0.00960546201416
205 1.54737784295 2.51917427394 -7.03664089995 0.00761560476829
206 1.58836431421 2.56692989268 -7.00981847762 0.00493998183547
207 1.58833819692 2.54226284013 -7.05444479972 0.00947266448542
208 1.59135739936 2.55274064376 -7.03351002692 0.00364771599301
209 1.60438368157 2.54676001261 -7.02871342345 0.0111115340453
