19 -21.7103991494 -35.7290622051 -9.8376557816 0.00500675056943
18 -21.7097773378 -35.7244546542 -9.83739213166 0.0114377865748
17 -21.7082105625 -35.7484355502 -9.82328701253 0.00759970781207
16 -21.7244232796 -35.7016954438 -9.83268049998 0.00640042874146
15 -21.7707333244 -35.7582009952 -9.83537949452 0.00617116475831
14 -21.7877159593 -35.8311711262 -9.77404216936 0.0100754682715
13 -21.6736031376 -35.9072806116 -9.80687631661 0.0148760137974
12 -21.6939565515 -35.7098801951 -9.72106314967 0.0131684425209
11 -21.8707141953 -35.517302646 -9.8493136276 0.00793970163937
10 -22.0789538028 -35.3658067781 -9.62508296161 0.00936905489232
9 -22.0153131706 -35.0439460383 -9.8589855254 0.00831444656433
8 -22.0998033256 -34.6253687953 -9.7310545647 0.0114348411071
7 -21.7149193782 -34.5869167833 -9.41267643716 0.00486094524921
6 -21.9859518575 -34.695675749 -8.97926597657 0.020045501504
5 -21.6420009177 -34.6765364027 -9.46865719076 0.015418151778
4 -21.6781163889 -35.298163695 -9.63568944322 0.00541610211303
3 -21.6782723487 -35.7463214499 -9.2675721656 0.00564319790259
2 -21.1165003483 -35.4934347835 -8.83229975269 0.0069098575336
1 -20.506454564 -35.9067024067 -9.0359475128 0.0109170551704
0 -20.5386568526 -36.514541831 -9.52423902897 0.0119898450963
0 0.248533072084 -0.0690656026832 -0.958824316548 0.00358817460949
1 0.595901350527 -0.174409995419 -1.88298355338 0.00407418899134
2 0.97205326168 -0.291257026748 -2.79438013929 0.00239965416373
3 1.38139407082 -0.413554270594 -3.69061710088 0.00425376893059
4 1.82786579652 -0.268774118342 -4.56549314306 0.00426525977152
5 1.31081496802 -0.069919355185 -5.38936119749 0.00528333728262
6 0.714308080416 0.0446335977994 -6.17462101806 0.0186191006196
7 0.0752517999707 0.299895488782 -6.89003081496 0.0101693709301
8 -0.551058186531 0.550743758571 -7.61809274862 0.00387701217864
9 -1.17773694402 0.842492234471 -8.33039476633 0.00560026077717
10 -1.82834848198 1.06090876107 -9.04744434629 0.00369865108817
11 -2.55435553464 1.20850136987 -9.70792395536 0.006298190692
12 -3.29322710215 1.16703571038 -10.3692761775 0.00283154261821
13 -4.01421436691 1.14522525285 -11.0509770558 0.00370563643335
14 -4.79757485292 1.14704744219 -11.6603164929 0.00332905201795
15 -5.56582115161 1.10691096364 -12.2873000281 0.00409146495915
16 -6.31372836546 1.07735761707 -12.9389498094 0.00311769918292
17 -7.01499635573 1.02382242912 -13.6391116517 0.00297089363242
18 -7.79357630675 0.859260309324 -14.2320151323 0.00337526328852
19 -8.60887372714 0.823577274194 -14.7966158168 0.00529048176718
20 -9.36013366592 0.651135440363 -15.4215882114 0.00176029340744
21 -10.0972188228 0.503510067241 -16.0693680582 0.00723286809474
22 -10.8339920062 0.28646632163 -16.6976022583 0.00368272363145
23 -11.5198223321 -0.0191649066337 -17.3463036537 0.00649868431973
24 -12.2064624752 -0.421256934865 -17.9390467586 0.00208394148889
25 -12.907013284 -0.793175008837 -18.5351846934 0.00433782978534
26 -13.6076948213 -1.32381607408 -18.9954608511 0.00234817791391
27 -14.2331906463 -1.93840246582 -19.4595748092 0.000859317344093
28 -14.8894980056 -2.50039575044 -19.9472054535 0.00424352016344
29 -15.5097542041 -3.07165588861 -20.4699530131 0.00341058639422
30 -16.1438906649 -3.67617399303 -20.9354592472 0.0072903671495
31 -16.6579340569 -4.36072172791 -21.4368044828 0.00588423919973
32 -17.1478902696 -5.09948493621 -21.8820945344 0.00767963083714
33 -17.5266240847 -5.88219676693 -22.3595390134 0.0099140733769
34 -18.0320820628 -6.61511793709 -22.7968525165 0.00330783845138
35 -18.6027354045 -7.33387710864 -23.1731393256 0.0055498874479
36 -18.9771448403 -8.09210409749 -23.6915310785 0.00211113313093
37 -19.3182817211 -8.88589968993 -24.1786666413 0.00823296731599
38 -19.7360916663 -9.5336813287 -24.8028012472 0.00475205298678
39 -20.0824953704 -10.2804238534 -25.3560010133 0.0144758247035
40 -20.4227224492 -10.9687021704 -25.983708386 0.0067163265568
41 -20.8186989909 -11.6081507721 -26.6300287555 0.002222815071
42 -21.1040434315 -12.2676208497 -27.3134657343 0.0130481997321
43 -21.3587259911 -12.6332270024 -27.7905556214 0.00298783495083
44 -21.8198705581 -12.9732524323 -28.5993412946 0.00552420882857
45 -22.2867663896 -13.3592831214 -29.383756554 0.00595610210329
46 -22.788672206 -13.703683094 -30.1658785832 0.00464803972887
47 -23.2645329659 -14.221281226 -30.8642926675 0.00552576609222
48 -23.8905268783 -14.5620045323 -31.5528356166 0.00887925115656
49 -24.5752844443 -15.0745961186 -32.0530504724 0.00447620256074
50 -25.2222481342 -15.6873722372 -32.4863150086 0.00221891886063
51 -25.7956091276 -16.4230814221 -32.8205432547 0.00363254351533
52 -26.3449548887 -17.2004052624 -33.0955753461 0.0104704428979
53 -26.7106303072 -18.0754995762 -33.3819261892 0.00680839306431
54 -26.9092551192 -19.0104710407 -33.6422668962 0.00251868084703
55 -26.9726902014 -19.9764604994 -33.8524962162 0.0046447913744
56 -26.887690963 -20.9418592999 -34.0575975083 0.00367367197149
57 -27.1472289494 -21.868080673 -33.8209759517 0.00204590398576
58 -27.4302778021 -22.7466714893 -33.4615459489 0.00435376935455
59 -27.6977973088 -23.628827907 -33.099058728 0.00402294862998
60 -28.0181475379 -24.4774478129 -32.7011499247 0.00608504106037
61 -28.2950343002 -25.2412753021 -32.1346054569 0.00459549646886
62 -28.3632827886 -26.0509673065 -31.5682644844 0.00622855218032
63 -28.36218842 -26.9387650941 -31.1293140175 0.00545881594525
64 -28.3951294742 -27.8648197408 -30.7798952838 0.00475634429134
65 -28.3196868103 -28.792561933 -30.4418396549 0.00348484545866
66 -28.3149839656 -29.694722555 -30.0335195315 0.00359113020753
67 -28.2949830299 -30.5340642394 -29.5084233106 0.00470328985146
68 -28.221539414 -31.3450354632 -28.9449593909 0.0040595243825
69 -28.1117868806 -32.0358435139 -28.2440373375 0.00345264707677
70 -28.0982098405 -32.7352196719 -27.5431902389 0.00299320434387
71 -28.0886175849 -33.2788810299 -26.7156304454 0.00650830640791
72 -28.122522524 -33.7429576622 -25.8416050887 0.00462569089497
73 -28.1177124382 -34.1596217671 -24.9434154491 0.00475101048578
74 -28.1415375711 -34.6259902972 -24.070364918 0.00834439009789
75 -28.0191556832 -35.0734167401 -23.1957330652 0.0100492424438
76 -27.8756739508 -35.4575994781 -22.2947254856 0.0091600506875
77 -27.4764453023 -35.813119727 -21.4616437689 0.00146598602076
78 -26.9296223669 -36.1646006013 -20.7152010647 0.00534513826973
79 -26.4309655095 -36.5242633615 -19.939547003 0.00158925241572
80 -26.0033413481 -36.8676561466 -19.1156089087 0.00429942130446
81 -25.5239989142 -37.148001914 -18.296331437 0.00652298386567
82 -25.0396557291 -37.3061057556 -17.4478635687 0.00386747983132
83 -24.5491368854 -37.5193773728 -16.615209612 0.00352518585728
84 -23.9708045787 -37.694922141 -15.8316076653 0.00406517723217
85 -23.3799477922 -37.7970640573 -15.0443961662 0.00213378847696
86 -22.8202012024 -37.8455030331 -14.2298029947 0.00417597029708
87 -22.235427843 -37.9559630424 -13.4392491689 0.00740215263525
88 -21.7042509258 -37.8364308067 -12.6130602605 0.0054181043687
89 -21.2548343195 -37.6540183672 -11.7506799055 0.00570706695441
90 -20.896365275 -37.4750613151 -10.8460543315 0.00468804819317
91 -20.5056872889 -37.2570128318 -9.96367203928 0.00154482313336
92 -20.4704622105 -37.2325007922 -9.85887564538 0.000411541582812
93 -20.0869498984 -37.2834021925 -8.9511475925 0.0373437560826
94 -19.8543814035 -37.1202496809 -8.00670429417 0.00564463080606
95 -19.5298731861 -36.944790262 -7.09215179404 0.00412415355802
96 -19.2773004774 -36.6530742999 -6.18469057386 0.0239138005241
97 -19.242423059 -36.2816203126 -5.27227233726 0.00308391353132
98 -19.2555762223 -36.0086361453 -4.32519763602 0.00558644793875
99 -19.5153632881 -35.5992013692 -3.46713336181 0.00564781446229
100 -19.7974251293 -35.1108254138 -2.65897391846 0.0034660232511
101 -20.207187552 -34.6063525039 -1.9182732949 0.00264377643465
102 -20.711768612 -34.1109369053 -1.23206765097 0.00371635108926
103 -21.1334761 -33.7025021487 -0.4407226442 0.00180572682562
104 -21.5265164007 -33.241845959 0.336536839421 0.00211332387442
105 -22.0415839067 -32.9389144601 1.11992412001 0.00621051905579
106 -22.503584283 -32.8992001815 1.98918730637 0.00247436275535
107 -22.7750922065 -32.7211940802 2.9193579575 0.0079157892052
108 -22.9318888309 -32.7244118178 3.89189126249 0.00177424722571
109 -23.2426482035 -32.7563770119 4.82609151802 0.00289674450849
110 -23.607379112 -32.8095906567 5.72439104987 0.00506565894368
111 -23.929167849 -32.7648680037 6.6535979907 0.00637608612324
112 -24.2837523463 -32.8691761201 7.56581001226 0.00497354174185
113 -24.6263455602 -32.8785553001 8.48837366051 0.00422683481297
114 -24.7646873176 -32.9333608822 9.46117725671 0.0027241680032
115 -24.8479048398 -32.9376458599 10.4417177447 0.00302078763137
116 -24.8518558426 -33.029334335 11.4214498567 0.00550260279188
117 -25.1549572399 -33.5509920276 12.1985654365 0.00572685821001
118 -25.0267421544 -33.9864233204 13.07134921 0.00492988046292
119 -24.7486142424 -34.5287227196 13.8434094617 0.00483082203429
120 -24.2595476515 -35.1158567938 14.4625316166 0.0120521987893
121 -23.7499877089 -35.5852088707 15.160311716 0.00390304341642
122 -23.1735596995 -35.9430424715 15.8719233252 0.00356501252544
123 -22.5206199939 -36.5281791809 16.3165313669 0.00317796546664
124 -21.9695850169 -37.2597610934 16.6734318371 0.00292933321806
125 -21.2458601482 -37.8725246184 16.9319373188 0.00534815084443
126 -20.4809955049 -38.4628303096 17.111871328 0.00452562290299
127 -19.8865963123 -39.2350772786 17.2383345895 0.0138809737143
128 -19.1095594616 -39.5256587248 17.7646911411 0.00829718941377
129 -18.3855655109 -39.6805814694 18.4103359373 0.00312884800367
130 -17.6068885913 -39.7420715795 19.0059378333 0.00388009995086
131 -16.7355797528 -39.413677169 19.3182226265 0.00578544808333
132 -15.9272122224 -38.9932042758 19.6843791184 0.0158329983036
133 -15.2110013588 -38.4982935303 20.1380375473 0.0100838749797
134 -14.4737420372 -38.100142087 20.6491371656 0.00553473332136
135 -13.8495323287 -37.5766004426 21.196262535 0.0114880638714
136 -13.2448748453 -36.9094138851 21.5857778629 0.00451443449855
137 -12.5831275646 -36.346288311 22.0410600433 0.0246368602316
138 -11.8675233395 -35.8620133988 22.5042479776 0.00378794790473
139 -11.328388619 -35.2123797841 23.002550384 0.00264501144126
140 -10.8989800961 -34.7378808271 22.2598982072 0.00436385601649
141 -10.2691818217 -34.3264308575 21.631552815 0.00921645716024
142 -9.63653206062 -33.9709101053 20.9730035744 0.00372598935387
143 -9.23027550477 -33.62795631 20.1498088872 0.00445621700643
144 -8.82909170367 -33.2955558937 19.3199551064 0.00170146575036
145 -8.74533236661 -33.1876755098 19.0990481697 0.00319679440535
146 -8.65415470873 -32.8848706849 18.1732580688 0.0039032287121
147 -8.61320577779 -32.5547613739 17.2533601285 0.00489173288179
148 -8.53439430107 -32.1736294563 16.356099752 0.0217877102064
149 -8.46523665287 -31.9105125193 15.4173206306 0.00668453878854
150 -8.22158132059 -31.6966267164 14.4954897521 0.00650043961518
151 -8.55480080432 -31.8024760853 13.5832224053 0.00328698583865
152 -9.02567390322 -31.697279321 12.7338762658 0.00605367996867
153 -9.3493280183 -31.4898454626 11.8360562902 0.00314838279419
154 -9.65973272225 -31.1751763301 10.9652785863 0.00149543441064
155 -9.88098034381 -30.7793037262 10.1004946078 0.00632317594019
156 -10.0067291012 -30.4628029855 9.18551134466 0.004641638305
157 -10.0953209593 -30.1755428594 8.25678674952 0.00262819878761
158 -9.9665443427 -29.8790208533 7.3358079349 0.00564250907988
159 -10.7073842941 -29.7781541457 6.70896116572 0.00109730600832
160 -11.6732812989 -29.7962901627 6.57375064789 0.00216152651253
161 -12.6483195909 -29.801774266 6.54776335012 0.00488414784647
162 -13.5733300615 -30.1060207286 6.4942899873 0.00487093231319
163 -14.3693917924 -30.6336366463 6.29765048504 0.00756836023326
164 -15.0052011669 -31.3585028673 6.1543886946 0.00318749948968
165 -15.7695545636 -31.8693112465 5.83051945792 0.00545423495696
166 -16.4559266231 -32.3900283733 5.37500422365 0.00493107999969
167 -16.9304795986 -32.9796719454 4.76128253802 0.00889259695569
168 -17.3520930538 -33.4609109087 4.02665962789 0.00583547938933
169 -17.6664834653 -34.2134009324 3.49442896626 0.00497488487114
170 -18.28604774 -34.7637527726 2.98334724802 0.00504975293247
171 -18.860051938 -35.378748047 2.49361161148 0.00326259935931
172 -19.5152610039 -35.9121343563 2.01041400307 0.00321248504836
173 -20.1330024027 -36.5890595227 1.68318517475 0.00444745706709
174 -20.8204893597 -37.1272821157 1.2538776357 0.0105002661051
175 -21.6432655787 -37.3708672628 0.796162236866 0.000649935567261
176 -22.5134597314 -37.6476971461 0.461826530003 0.0095095641242
177 -23.382898614 -38.0197744692 0.237247588397 0.00364923061399
178 -24.1667785175 -38.5592862436 0.0399161780538 0.00255577477185
179 -24.7882659406 -39.1323841111 -0.439412811062 0.00327252475028
180 -25.4363676521 -39.7037438824 -0.883984597661 0.00483016870203
181 -25.8244369649 -40.4015589008 -1.15972624825 0.00391987420106
182 -26.2574838442 -41.2516190078 -1.3281748055 0.00493879980984
183 -26.7820363453 -42.0567969647 -1.4486902771 0.0085352800442
184 -27.4453853461 -42.7291645777 -1.66089582566 0.00476477151177
185 -27.9750560389 -43.4694252333 -1.98979004204 0.00181529867882
186 -28.1908502042 -44.2258357145 -2.55372204634 0.00459206288273
187 -28.4564075089 -44.9610078978 -3.12404014666 0.00310407359204
188 -28.8258534025 -45.3407977752 -3.93370606833 0.0123274758643
189 -29.1728223423 -45.9894747078 -3.30642844443 0.00396651657507
190 -29.4798205848 -46.7187013737 -2.75137475642 0.00287236076502
191 -30.3453857949 -46.6970901269 -2.32246132333 0.00225187261381
192 -31.1514187574 -47.0859898066 -1.95861006446 0.00511939180009
193 -32.0346423935 -47.2573182508 -1.60750093656 0.00254764646508
194 -32.9648845393 -47.4467263528 -1.43119414252 0.00370398423554
195 -33.7161699942 -47.5422748847 -0.832286620413 0.00240295825126
196 -34.3173085352 -47.452986558 -0.0820462006327 0.00436154004579
197 -34.7179770806 -48.1577975079 0.441448234005 0.00274446000329
198 -35.0863499421 -48.955779239 0.83943955364 0.0050894123511
199 -35.5130325098 -49.8077534157 0.988314693551 0.00414470377597
200 -36.3434693843 -50.1746003286 0.663568229892 0.00562546514251
201 -37.1155787207 -50.4722943872 0.169259127853 0.00887813637262
202 -37.7216004898 -50.9741551754 -0.386546852465 0.0120380253347
203 -38.355906049 -51.3541030826 -1.00284770551 0.00427692005904
204 -38.9948810869 -51.5879108779 -1.68335962652 0.00143517582382
205 -39.53036163 -51.8132214032 -2.45050244185 0.00415894643402
206 -39.6346311625 -51.8914583919 -3.40383872935 0.00494714097834
207 -39.919080201 -52.239955555 -4.25386959514 0.00299761373971
208 -40.5390434384 -52.5146522052 -4.93529764915 0.0121803387756
209 -41.0789257155 -52.5879459062 -5.72634048894 0.00597243015283
210 -41.6373534926 -52.7077335405 -6.4980071435 0.00346756037735
211 -42.0422144286 -52.6399346463 -7.3656675291 0.00467197805866
212 -42.5735403612 -52.4936935248 -8.15100151464 0.00371669256453
213 -43.308320278 -52.1412978503 -8.6562632766 0.00368988522282
214 -43.9914424488 -52.0047716546 -9.31485010027 0.00420341120719
215 -44.8416785306 -52.4397583487 -9.23965068739 0.0304227448204
216 -45.7018296392 -52.8377163131 -9.35947442508 0.00570524623465
217 -46.2305004557 -53.581588001 -9.64020735592 0.00505367661407
218 -46.8334892787 -54.2262556795 -10.0029791088 0.00367412256184
219 -47.0564778166 -55.0555203929 -10.4186300638 0.00506542972156
220 -47.7393946709 -55.6533753304 -10.710641361 0.00793753321439
221 -48.3889993985 -56.3500468888 -10.7187684462 0.00600670107449
222 -48.7864317061 -57.2108760646 -10.6336941799 0.00511889877497
223 -49.0378013803 -58.1243856412 -10.547149793 0.00392768560326
224 -49.4277538226 -58.9697588594 -10.7412977873 0.00315670655608
225 -49.5479398509 -59.9079268967 -10.6458904495 0.00417377394254
226 -49.6106340229 -60.8352875975 -10.4485570527 0.00614624917207
227 -49.1495579821 -61.6349908605 -10.2262022174 0.00212087939667
228 -48.6102969357 -62.4065642389 -10.3483047633 0.00401990757979
229 -48.0288479155 -63.1369329475 -10.5175561373 0.00243098898806
230 -47.4892857129 -63.7831992879 -10.9547071388 0.00411589310082
231 -46.6171820275 -64.0980999952 -11.1521306048 0.00324801303619
232 -45.7038670342 -64.3370572699 -11.233716594 0.00625786229876
233 -44.8623917815 -64.2262776776 -10.8137566559 0.00478218752317
234 -44.3885714698 -63.889079764 -10.0667505874 0.000766218575749
235 -44.1767613472 -63.1949658176 -9.45924593997 0.00473422547941
236 -43.644018005 -62.5699968493 -8.99030229994 0.00332540815879
237 -43.474849953 -62.0043456821 -8.25174204464 0.00316152105646
238 -42.874284959 -61.3630262312 -7.90453922934 0.00532523592896
239 -42.9863856842 -60.6997194374 -7.24183435574 0.00393880984813
240 -43.079059895 -60.0211233749 -6.59253674168 0.00376822341601
241 -43.7923179861 -59.5223152565 -6.22975497616 0.0025474736926
242 -44.3752152167 -59.1350863894 -5.5978984741 0.00240694045328
243 -44.8271771964 -58.8656521259 -4.81570244603 0.0087292317685
244 -45.3810871622 -58.4763163846 -4.16182127387 0.00464755110541
245 -45.9579705994 -58.3778637066 -3.42536265347 0.00270208266196
246 -46.4644825324 -58.1412520168 -2.66932060524 0.00447945760298
247 -47.0921379763 -58.2191998801 -1.97459683223 0.00715012615175
248 -47.9068780761 -58.4740920385 -1.58584472892 0.00228106217155
249 -48.4037984421 -58.930250471 -0.934139422692 0.00268370215116
250 -48.5026190032 -59.5941620877 -0.279641524476 0.00748548122155
251 -48.548437113 -60.1099400183 0.500607133064 0.00492133602275
252 -48.85690441 -60.8178060949 1.02828608157 0.00267431460629
253 -49.0753234068 -61.5900060746 1.50755115438 0.00380968623873
254 -49.4070031987 -62.2886897015 2.03132928496 0.00202916204766
255 -49.5539945575 -63.1581986712 2.33761355259 0.00752620802798
256 -49.378748628 -63.8544426608 2.93253395323 0.00403473942114
257 -49.0653883101 -64.4948028759 3.53230664272 0.00292153469501
258 -48.9561464596 -64.8643003955 4.38037806321 0.0039260312372
259 -48.6293824223 -65.4907041693 4.98565580854 0.0114946006881
260 -48.4154890555 -66.0298692166 5.71027519784 0.00252509493366
261 -48.3623760512 -66.5822465711 6.45368535724 0.00409685648236
262 -48.0795835802 -67.1508295721 7.12860055075 0.0154441526218
263 -48.1222236045 -67.72571504 7.84985474422 0.0128510092755
264 -48.3010501178 -68.3695684564 8.48232219154 0.0041706101016
265 -48.383554104 -69.2798293004 8.57342908037 0.00415904776792
266 -48.5176745264 -70.17162645 8.4047139824 0.00438855231978
267 -48.6112494374 -71.0364985795 8.69280705304 0.00330348949959
268 -48.320002786 -71.6956936556 9.25790635535 0.0120159166954
269 -47.9176195045 -72.1293966205 9.95284206782 0.00354999772941
270 -47.2017061058 -72.5613338515 10.3148682583 0.00706596765968
271 -46.381741362 -72.8775188011 10.5467419397 0.00853305367167
272 -45.6592333786 -73.4242628698 10.556877561 0.00414217035387
273 -44.7841634798 -73.6341509552 10.4629748021 0.00490764657387
274 -44.1884722719 -72.9629460857 10.5643670042 0.00378404426191
275 -43.8837168849 -72.1146240747 10.5370964206 0.00834980212972
276 -43.1989908069 -71.534958577 10.4817711675 0.00929985932412
277 -42.9358071833 -70.8477607145 10.9925448889 0.00483844857972
278 -43.5664341593 -71.4430740987 11.2077565992 0.00560085891031
279 -43.9877605998 -72.114951017 11.6149178348 0.00434789385929
280 -44.4068552166 -72.5515691339 12.2675904036 0.00335835586319
281 -44.4714772349 -73.1512398695 12.920228475 0.007506587615
282 -44.4296504153 -73.6813395976 13.6282707551 0.00465528210929
283 -44.6730337475 -73.767589978 14.4734228321 0.00592670409124
284 -45.3854911573 -74.212637705 14.7348348086 0.00702505001572
285 -45.8799923565 -74.5972447375 15.3483214626 0.00408321759533
286 -46.5823531164 -75.0945100212 15.5013487387 0.00575008550501
287 -47.0788026955 -75.68303089 15.0935978942 0.00387481703966
288 -47.6669016998 -75.3756738079 15.6552933777 0.00826595294761
289 -48.3912130073 -75.5034048802 16.1094295911 0.0059634613456
290 -47.5450271222 -75.4769153526 15.9559329659 0.0029975726146
291 -46.7195360449 -75.6900576261 15.855280516 0.00571088503722
292 -45.8788762353 -75.566868842 15.7618670824 0.00872080928526
293 -45.2746036682 -75.3177986876 15.2194632054 0.00341296531528
294 -45.1305997043 -74.5512950735 14.8903997268 0.00371587722057
295 -44.9618136467 -73.8006061339 15.2366713028 0.00416404000306
296 -45.3245089156 -73.5149113378 15.9400563855 0.00617410679248
297 -45.6465031091 -73.5905387374 16.7085790269 0.00472600226038
298 -45.9566256065 -74.0928330242 17.2951486537 0.00642311168952
299 -45.908688602 -74.844371355 17.6346399879 0.00551138926841
300 -45.2328526158 -74.5424976765 17.9898403213 0.0108711607342
301 -44.7571498924 -74.0844674294 18.4597579427 0.00516896918015
302 -44.4569037219 -73.9470457003 19.1948146508 0.00387957114335
303 -44.5128750164 -74.3321728212 19.8922153722 0.00901608277704
304 -44.9469912453 -74.3093323319 20.5490175902 0.0110140104386
305 -45.1293310748 -74.6775573747 21.2037115201 0.01100166527
306 -45.3645585513 -74.9275118227 21.878113934 0.00444049927462
307 -45.7020353681 -75.1296439663 22.5161078307 0.00925489183266
308 -45.8797401664 -75.6887539424 22.9559352355 0.00566163590134
309 -46.4963468488 -75.8603706129 23.2915254515 0.00501699179867
310 -46.3403542538 -75.3718528532 23.7875176374 0.0081898135249
311 -46.3677942419 -74.6820377569 23.7014887736 0.0033073863355
312 -46.7950817369 -74.2258543659 23.9904510534 0.0129957883309
313 -46.295492682 -74.6505458549 24.0249402676 0.00608587988506
314 -45.7540117312 -74.3620613981 23.8423546834 0.0129301055746
315 -45.4548485115 -73.8881918686 23.6262637212 0.00924776400603
316 -44.9403492209 -73.8370785741 23.8621790421 0.00819660319692
317 -44.7578639734 -73.3448403787 23.9720394667 0.0263382743742
318 -44.5033779798 -73.0406224065 23.8608749593 0.0161642741836
319 -44.4179600141 -73.3239549819 23.9496291528 0.00897108520908
320 -44.2353808014 -73.2194832251 23.8052753446 0.0115118705642
321 -44.3334846644 -73.0811554491 23.8968919716 0.0118102338056
322 -44.2364851207 -72.9901589335 23.9172147709 0.00599072017505
323 -44.2510318499 -73.0416602509 23.8237863252 0.00575547578329
324 -44.2945225298 -73.1138302689 23.8129204176 0.00331821824418
325 -44.3625120078 -73.1365075864 23.8028669417 0.00915917848233
326 -44.3734859002 -73.1584754789 23.7705016103 0.00882569474262
327 -44.3686947489 -73.1739674841 23.7775350586 0.00569896159481
328 -44.3713658477 -73.1707217221 23.7721259453 0.0065631784242
