110 21.1739457699 9.84399299845 -19.7995971224 0.00731847413737
109 21.1808319861 9.84721249603 -19.8021000421 0.00869115395411
108 21.170983158 9.86686474754 -19.7868637614 0.00256044255884
107 21.1500396204 9.84606737443 -19.7712124242 0.00822696706312
106 21.165500714 9.9011009155 -19.788921367 0.00153523136065
105 21.2112451497 9.91441850076 -19.8109702637 0.0060500664116
104 21.1127782232 9.92032450216 -19.8407306434 0.0195149278955
103 21.2263468773 10.0080418785 -19.7075221945 0.0119986236344
102 21.1185544936 9.77637129305 -19.7615519859 0.00943569941397
101 20.8067853684 9.8068532313 -19.7033693081 0.0105639590461
100 20.7360082057 9.66871947065 -20.0590340716 0.0172152663099
99 20.8058693704 9.6609385472 -19.5854874213 0.00623897409659
98 20.9888233665 9.35072604742 -19.9425939872 0.00676872401133
97 21.2074092912 8.99691291881 -20.2806818387 0.00814682146907
96 21.1877876065 8.60738327124 -20.6934153331 0.00835794291723
95 20.8470908953 8.13099187986 -20.5789438535 0.00772613099211
94 20.5868469567 7.5667365946 -20.5870981512 0.00583547912415
93 20.8515180071 7.64962668653 -21.1636051958 0.000450231431629
92 20.8186076667 7.65744125695 -21.2355215214 0.00460585805101
91 20.0308829157 7.51300838989 -21.3042018717 0.00419009936332
90 19.2496563223 7.71988332107 -21.2900869552 0.00362850572048
89 18.6563573803 8.06035068457 -20.8516459898 0.00730649032816
88 18.4625458323 8.06713723456 -20.0541460349 0.00428770572834
87 18.8356260628 7.6186649747 -19.4721292119 0.00893572709449
86 19.1696946143 7.88389724314 -18.7573926141 0.00579298684023
85 19.8875866021 7.45577504837 -18.7404335747 0.0162932344724
84 20.0802390909 6.66079704088 -18.9662065113 0.00966901408559
83 20.2889915954 5.9082488127 -18.6172682633 0.00436721116588
82 20.0982090147 5.29019315281 -18.0526212678 0.00509944922558
81 20.0744927131 4.50409404765 -17.7011235344 0.00509799848606
80 19.8275653689 3.94669094337 -17.0874722452 0.00524364153011
79 19.315325781 3.51508562882 -16.5355506067 0.00626376916617
78 19.2561264447 2.75026376449 -16.12265114 0.00674340496141
77 19.1956212195 2.22075278253 -15.4282561288 0.00219824475156
76 19.5545637101 1.66261152439 -14.8560994331 0.00712337367552
75 20.2297500035 1.26652547434 -14.4552146814 0.00756927193316
74 20.9301472023 0.837333568371 -14.1313282682 0.00353761809587
73 21.3745762894 0.340478270348 -13.5492074396 0.00333274145789
72 21.5247705983 -0.44980227355 -13.1774675665 0.0162460514566
71 21.7130757801 -1.22246278626 -13.5837918234 0.00451083305488
70 21.2563967971 -0.650750724084 -14.099177596 0.0114451164136
69 20.7692086359 -0.191037945809 -14.6994482763 0.00486652442324
68 19.9956741867 0.125062941227 -15.0358963725 0.00481082275147
67 19.2446784873 -0.0459486791892 -15.5065906651 0.00395107156029
66 18.5951340022 -0.534739652209 -15.9018376216 0.00960913528807
65 17.7784685327 -0.92057005449 -15.9827521475 0.00381663545227
64 16.9587633613 -1.29522894085 -16.0935382403 0.00272064918302
63 16.0858289295 -1.51718813493 -15.9718000513 0.00164081444115
62 15.2106164168 -1.27411236895 -16.0153872853 0.00673956433194
61 14.8611540995 -0.433032211889 -16.0488515433 0.00382181775253
60 14.0833263044 -0.0138732159646 -16.2771204776 0.00394929946737
59 13.6004608422 0.596394863262 -15.797823729 0.00172500294666
58 13.2954015226 0.835032244459 -14.9687805526 0.00303042174621
57 12.7810044901 1.19118243034 -14.3003417897 0.00459254162802
56 12.7449939071 1.45962817458 -13.4240163649 0.00332446366822
55 13.0724796262 1.50863978508 -12.5677576422 0.00771874820537
54 13.590022092 1.79374036319 -11.8629428391 0.00718531460488
53 14.2890426129 2.02665108859 -11.3099174153 0.0046512768221
52 14.9962539866 2.17387437427 -10.7363329889 0.00449200339057
51 15.7209458111 1.9806155399 -10.1976809791 0.00416676007335
50 15.9906285287 1.53097759533 -9.43598210706 0.00540374297707
49 16.4619924603 0.789108569337 -9.14674489514 0.00463939019838
48 16.5029257847 -0.035505061808 -8.72646999244 0.00582798163599
47 15.9031952783 -0.72154593332 -8.55341886115 0.0326703215021
46 15.1967962686 -1.33109771085 -8.59225220752 0.00950767308535
45 14.2719906716 -1.40461268023 -8.47160528619 0.00433172209996
44 13.4927993028 -1.00283579489 -8.14261749444 0.00179970973877
43 12.8454941823 -0.946096406456 -7.46747289613 0.0066087561281
42 11.9130936693 -0.901589960702 -7.55619133114 0.00470580946336
41 10.9799827463 -0.982572158725 -7.49798988701 0.00394632624281
40 10.1293635421 -0.915985927168 -7.89056516637 0.00576210535878
39 9.63305301136 -0.219205352992 -8.28037284163 0.00701597453341
38 9.35749154666 0.550672133157 -8.74646704188 0.00596250278786
37 9.15971699252 1.41510728275 -8.4287214326 0.0034386856069
36 9.30227155087 2.34565136446 -8.38575774811 0.00419051474259
35 9.52983974244 3.25990159547 -8.34625154615 0.00490922954832
34 9.64921238656 4.17254025013 -8.55459605323 0.0092323629502
33 9.66273992825 5.07993755033 -8.81807067395 0.00327885420752
32 9.9100704794 5.87812605544 -9.26048465286 0.00147567558095
31 9.98253408771 6.66788035578 -9.77577942079 0.00613290382173
30 10.2520991841 7.33473394879 -10.3912583222 0.00218775797425
29 10.9237121648 7.50830396817 -11.0359031758 0.00584237567888
28 11.3988028914 6.79611337256 -11.4418383075 0.00350069384422
27 11.9177293403 6.06765304338 -11.755639685 0.00495312542956
26 12.4709137154 5.68941526296 -11.0840416497 0.00467140769687
25 12.663838587 5.1326988775 -10.3396108219 0.00475290110394
24 12.5890619943 4.28690821551 -9.91438905073 0.00250634795676
23 12.3889044657 3.538083938 -9.36511275524 0.00412463503141
22 12.0261376647 3.03529909687 -8.64445822335 0.0058490032014
21 11.6372478676 2.21418247411 -8.36374791088 0.00630266420431
20 11.1784838776 1.38163737879 -8.32072692782 0.00284956917164
19 10.7951058479 0.513083420555 -8.25242432578 0.00356024872451
18 10.2067397199 -0.0209419537528 -7.72725315233 0.00244989367557
17 9.60778263625 -0.403180284539 -7.09244078212 0.00742558106929
16 9.04849952264 -0.911893733392 -6.51140816806 0.00638068610602
15 8.28837790385 -1.44179647526 -6.2847195093 0.0314444124601
14 7.5579957225 -2.05990704633 -6.28525906814 0.0049213821724
13 6.75842883995 -2.51846916705 -6.02669676244 0.00639178090641
12 5.86879286868 -2.86854677406 -6.08502321486 0.00492125166431
11 4.9127648653 -2.88576681263 -6.14764520438 0.00255267549371
10 3.96560168752 -3.00459085807 -6.23357676671 0.00409629930684
9 3.05940946593 -2.72458535436 -6.09321902095 0.00475586671093
8 2.14855809902 -2.54851782675 -5.8494271579 0.00203405878336
7 1.25824375779 -2.3346340169 -5.56303041838 0.00541065189105
6 0.492304963107 -2.20143630594 -4.99985862128 0.0227157541289
5 -0.235579134873 -1.85718877158 -4.47402542001 0.00691963247241
4 -0.874583032961 -1.42793754353 -3.89672668387 0.00313893551343
3 -1.441061113 -0.989993197037 -3.25353614016 0.00300361313665
2 -1.22158481292 -0.836148093504 -2.38747565143 0.00548114668512
1 -0.948751165048 -0.467718896239 -1.5376169725 0.00332934178708
0 -0.686677253977 -0.233442244675 -0.637970751683 0.00477886644753
0 -0.0211130012906 0.969070596926 0.189345715126 0.0246444619372
1 -0.362466680029 1.83443483553 0.520211066129 0.00472377446096
2 -0.884745142368 2.59846473453 0.864047872758 0.00268784762827
3 -1.40397292486 3.31821879176 1.29655464572 0.00343789412964
4 -1.76888476192 4.08163418052 1.80517047089 0.00693672917022
5 -2.1314861463 4.79091918786 2.38822784013 0.00246550311065
6 -2.60281668937 5.54497875697 2.81675254093 0.00396004216082
7 -3.19965358756 6.16957602591 3.29422271643 0.00584954008411
8 -3.25678679815 7.09339084071 3.63689096425 0.00372220891383
9 -3.51992050763 8.02004490968 3.4222578039 0.00645663402468
10 -3.92881516676 8.8442143528 3.06530142296 0.000720400412438
11 -4.33714615702 9.6356627085 2.64015557909 0.00152290445452
12 -4.64516993209 10.3269999775 2.00682436531 0.00612191521096
13 -5.14536194012 10.972505272 1.45286883077 0.00381152045863
14 -6.01530592291 11.2636436573 1.08955856677 0.0113016646032
15 -6.98964716233 11.299936686 0.939373628762 0.00520032457071
16 -7.97414583519 11.266210493 0.887491859146 0.00453828629262
17 -8.92499814612 11.1405375444 1.11782945059 0.00266649783266
18 -9.85492632718 10.8705338516 1.30550216668 0.00299675873515
19 -10.7330207383 10.4343517198 1.41270783351 0.00610891288469
20 -11.5030732723 9.8315733881 1.54042485489 0.00127695827433
21 -12.2132552154 9.19525717122 1.28870107474 0.00416587700073
22 -12.8027654754 8.41346485084 1.17138744922 0.00461385480533
23 -13.4206968962 7.64951082099 1.08839058108 0.00425800948306
24 -13.3284610425 6.67939141426 1.23873523985 0.00415374012109
25 -13.2288610283 5.73462185023 1.50262780899 0.00513388787882
26 -13.3028013447 4.77791573612 1.72899428101 0.00479257024618
27 -13.219993344 3.79639202229 1.7688619891 0.00285082292708
28 -12.8912521335 2.86745568862 1.74129433079 0.00348514880444
29 -12.5168124089 1.9563670779 1.70433458905 0.00544176855019
30 -11.9864646597 1.12563751197 1.69360767284 0.00404044530578
31 -11.5493726299 0.245838341281 1.77288271565 0.00407849171313
32 -11.1695834571 -0.632855183401 2.00728131945 0.0020590321839
33 -10.8263867397 -1.45815169965 2.42247281338 0.00452255259794
34 -10.3771902632 -2.20063839425 2.88949238165 0.00430442624141
35 -9.94060980981 -2.9905470504 3.28503508905 0.00478701318579
36 -9.56437308199 -3.8399486637 3.61337451961 0.00296273773746
37 -9.07559812826 -4.61283633544 3.98013257198 0.00267439624311
38 -8.50495809695 -5.32369962437 4.35394066977 0.00487585101081
39 -7.88859786093 -6.03418784812 4.64688984176 0.00747934104191
40 -7.15803248534 -6.682472075 4.77435574544 0.00418989807163
41 -6.33520532413 -7.2206182628 4.83319743215 0.00469024242354
42 -5.4642448421 -7.67973584244 4.80874642251 0.0059554216534
43 -4.55371273301 -8.0548360013 4.80804398177 0.0111940258374
44 -3.6361806117 -8.12363350183 5.15857894748 0.0160024555817
45 -2.70573403427 -8.20734939132 5.46872801996 0.00468301113598
46 -1.7503954373 -8.24432756544 5.70263604136 0.00138336477375
47 -0.775794414977 -8.12343676761 5.63770142944 0.00410124559172
48 0.120296221676 -7.80457150063 5.38488143833 0.00722425688744
49 0.839275044147 -7.28855695318 4.95454571332 0.0032844725618
50 1.57978827767 -6.7988544891 4.53015671832 0.00714738447728
51 2.23234661652 -6.31839725824 3.97210049122 0.00500713608873
52 2.81915786885 -5.71356952546 3.46443060713 0.00248531431537
53 3.46740328894 -5.12525325669 3.01561512688 0.00291766304796
54 4.20954289471 -4.48019327352 3.04176604051 0.0029278975623
55 4.87291877016 -3.75880434161 2.95818119871 0.00150094862442
56 5.35823461674 -2.90811873467 2.86759896392 0.00665711068898
57 5.84444121908 -2.05531624848 2.92667164717 0.00463921933512
58 6.00913729038 -1.11832529459 3.17555918518 0.00272598713009
59 6.07307599486 -0.148680301894 3.32589010922 0.00445632998065
60 6.41314311042 0.773852223483 3.32293268951 0.00353091062515
61 6.88433968613 1.61056946767 3.53386473609 0.00670842259137
62 7.28346906494 2.46924430412 3.79796567055 0.00433689435393
63 7.70065666085 3.32847250619 4.03009302994 0.0035369649305
64 7.94423715514 4.27320451829 4.14922649976 0.00734729495908
65 8.16401438782 5.21004321811 4.34873695171 0.00467348000143
66 8.46949813904 6.13654579228 4.46641190287 0.00377987382528
67 8.44988323126 7.09640058818 4.25727717273 0.00383041115086
68 8.29466150026 8.06535801379 4.20938202722 0.00285400132344
69 8.0301353363 9.00933592493 4.27329362434 0.00817275367065
70 7.68847674689 9.92850944408 4.21662292768 0.00332418611135
71 7.35772468427 10.8520671222 4.16835261033 0.00433236322969
72 6.71933492143 11.5982565838 4.18123243427 0.0083823606535
73 5.97049786605 12.2148060327 4.02865108077 0.00328731285488
74 5.04210892605 12.4485017779 3.81064150462 0.0030452725613
75 4.07575002835 12.6197372577 3.83745012134 0.00264334371268
76 3.1287102185 12.8472896727 3.96042052466 0.00634793912472
77 2.15374394427 12.9417007974 4.02393350799 0.00317925880206
78 1.18669493843 12.8476200451 4.16301438679 0.0057128809854
79 0.220151994434 12.6838968919 4.11710957287 0.00242666483806
80 -0.698203243381 12.3463998727 4.19282346068 0.00359214326558
81 -1.62796531175 12.0480407064 4.09596982507 0.00504837172505
82 -2.57680831569 11.8821063768 4.2825439385 0.00292822069425
83 -3.54494383442 11.7660375572 4.39090470852 0.00253127034329
84 -4.42037708553 12.1869953183 4.25378579105 0.00375749579938
85 -5.3491337441 12.3260938092 3.97037422346 0.00353673429406
86 -6.19848576139 12.3770193722 3.482308041 0.00436747576897
87 -7.10296734412 12.5178903631 3.13018171402 0.00389188807772
88 -7.97703512581 12.7389668849 2.7443181779 0.00715377536277
89 -8.73672061613 12.9463196919 2.15999369921 0.00347226211531
90 -9.41310467543 13.1534841531 1.48098289967 0.0259900047834
91 -10.1456094924 13.3565710936 0.86264517918 0.0116097213312
92 -10.8549478528 13.2523818793 0.195120015733 0.00238277162894
93 -11.5969329946 13.302322078 -0.44239108239 0.00487503544613
94 -12.3033671403 13.23854155 -1.11775948836 0.00722062747398
95 -12.941879013 13.2162602872 -1.85987532753 0.00549645515865
96 -13.3183904978 12.9233707191 -2.7149916522 0.00244191954297
97 -13.6108378984 12.6320151469 -3.60283566125 0.00670871609182
98 -13.7513369674 12.5422339071 -4.56752417675 0.0196739863086
99 -13.5022501278 12.0179822039 -5.35506859166 0.00677399564538
100 -13.7231324247 11.8969311105 -6.30031402934 0.0104851855204
101 -13.7427002239 11.714790561 -7.26093416943 0.00844601329669
102 -13.8540808389 11.162961648 -8.06012859611 0.00381588304198
103 -13.7005003264 10.6490848015 -8.87730063474 0.00430479568866
104 -13.8107058888 10.1299811202 -9.69800588389 0.0101724307093
105 -13.579414545 9.32584751017 -10.2020768918 0.0231188907784
106 -13.0835928784 8.58895253255 -10.6068037612 0.00898781782091
107 -12.7885956695 7.79755376612 -11.0954603324 0.00562152119455
108 -13.0390564943 7.32341748233 -11.9106657414 0.00607520420511
109 -13.0544449858 6.68978983952 -12.6521945054 0.00952686983717
110 -13.1716765648 5.9786150762 -13.3089367275 0.00264108740277
111 -13.2846168097 5.34007626079 -14.0371085028 0.00471836834712
112 -13.3018886883 4.77145100311 -14.828838536 0.00285948874513
113 -13.1047073024 4.21975074496 -15.6079367112 0.00298955343508
114 -12.6208956141 3.67210962172 -16.2528255158 0.00342866673443
115 -12.0247966803 3.13405907218 -16.8048100179 0.0105602804624
116 -11.5107338235 2.52850771835 -17.3685421817 0.0271609184055
117 -10.983355833 2.23750958184 -18.1327906271 0.00550361088737
118 -10.7212731359 1.47674286766 -18.6793453947 0.00456823301508
119 -10.2916745896 0.956931948918 -19.3802186598 0.00903898158192
120 -10.2550145522 -0.00613005992732 -19.5065085047 0.00367074709798
121 -10.0544129432 -0.931759912629 -19.7243802789 0.00442145656099
122 -9.96857231263 -1.82275090146 -20.1025053462 0.00603434958442
123 -10.1284791565 -2.64222688478 -20.5991720392 0.00408112022456
124 -9.98267536263 -3.5293033952 -20.9668115511 0.00301479572356
125 -9.78437062212 -4.45435677156 -21.1857204142 0.0191197861972
126 -9.55168549981 -5.37330257063 -21.3921503199 0.00758795005916
127 -8.97153068134 -5.87561221498 -20.7989222271 0.0047054820869
128 -8.3761187971 -6.40917017346 -20.2501849788 0.00529967052744
129 -7.94855999561 -6.91914504152 -19.5451178435 0.00325598892548
130 -7.46858490999 -7.17984477423 -18.7441860489 0.00430503926108
131 -7.0970675439 -7.41711277807 -17.8809391907 0.00451556944438
132 -6.82757231123 -7.78945128544 -17.0278361015 0.00265886018014
133 -6.49192482568 -8.07520368817 -16.16500055 0.000859121023508
134 -6.46467162774 -8.02741740911 -15.1975872047 0.00374207885986
135 -6.22675896805 -7.78322564129 -14.2908443863 0.00355950221224
136 -6.08379707769 -7.53080621918 -13.3667610179 0.0063100804116
137 -6.11131136601 -7.16088807847 -12.4724605011 0.00214718804624
138 -6.2595991038 -6.7076935498 -11.6300403295 0.0363792380388
139 -6.32689723015 -6.05948981121 -10.9172476517 0.00488201216241
140 -6.68948188164 -5.51211566697 -10.2093639016 0.0053613796223
141 -7.39958890369 -5.10279887962 -9.69998459908 0.00372937888258
142 -8.22678987932 -4.85443063914 -9.27013784783 0.00392215701206
143 -8.78723716761 -5.43248836843 -8.73901124401 0.0101087836956
144 -8.77577212751 -5.8745250679 -7.88221973013 0.00413136922927
145 -9.32659805874 -6.32922596066 -7.23526771508 0.00320670850952
146 -9.61542567406 -6.97888485555 -6.58502146307 0.00376838713086
147 -9.98169569714 -7.73192256981 -6.10926582271 0.00471386555318
148 -9.97790895637 -8.44249159852 -5.45945418919 0.00275694290733
149 -9.83323694991 -9.07618604045 -4.74923501451 0.00297723211614
150 -9.60214027534 -9.5519622167 -3.94492364644 0.00347014430654
151 -9.18234512179 -10.0104799893 -3.21034145113 0.00398692132567
152 -8.72153802983 -10.5479305758 -2.55904694815 0.00426217827692
153 -8.1146456982 -11.108289934 -2.06687754251 0.00381561093711
154 -7.50703119071 -11.7524954743 -1.69313826858 0.0111349908905
155 -6.79180555308 -12.2310856012 -1.26686085342 0.00409369884856
156 -6.04402370964 -12.8144899262 -1.11870942589 0.00678781148649
157 -5.14500927845 -13.1424991402 -1.05078198504 0.00595656312065
158 -4.25807559849 -13.1831361664 -1.41323785354 0.00371409579836
159 -3.30389740639 -13.2607167496 -1.36381610432 0.00984143278305
160 -2.36059959627 -13.4225034366 -1.40047095917 0.00416596816926
161 -1.95371468002 -13.0126667918 -2.16462533431 0.00536847405096
162 -1.79246192763 -12.7983405998 -3.08385919083 0.01002931868
163 -1.59893494457 -12.7963621332 -4.02077880989 0.00472967760044
164 -1.45599633889 -13.6768861526 -4.36370958174 0.00247470273647
165 -1.40516934521 -14.540504221 -4.76937434282 0.00346742223773
166 -1.2613933975 -15.3783312665 -5.20500267154 0.00181209699964
167 -0.886210411642 -16.0995425122 -5.70625282155 0.00580195217448
168 -0.374008188345 -16.7470417126 -6.18527025903 0.00140924551813
169 0.427461207811 -17.2583461798 -6.26704014166 0.0055008763709
170 1.11422842647 -17.8614746618 -5.99478451634 0.00199497784548
171 1.76340940047 -18.5376088661 -5.82015126708 0.00711601404117
172 2.40565482864 -19.1140656869 -5.41625618918 0.00418060072699
173 2.80221205927 -19.923160868 -5.10788871975 0.00308426755998
174 3.23839922981 -20.7236096234 -4.83337465283 0.00573377264584
175 3.43234809613 -21.6544955892 -4.80357056948 0.00294010817865
176 3.47911937094 -22.5696012189 -4.54873686583 0.00174269042392
177 3.29418639683 -23.4762988792 -4.32997829759 0.00673953565963
178 3.51042799534 -24.3742814841 -4.55268895827 0.0029858520331
179 3.17134851084 -25.2590133443 -4.61820329427 0.00774248789134
180 2.8077714757 -26.1317049473 -4.69907954009 0.00237663110595
181 2.95439157241 -27.0607071617 -4.57554998201 0.00484723331689
182 3.02776647333 -28.0054330992 -4.54748734389 0.00398890890475
183 2.857387059 -28.8762891382 -4.87993587083 0.00436360477278
184 2.6245358965 -29.7142191694 -5.25493542643 0.00645722290392
185 2.49194035501 -30.6378470201 -5.41165676277 0.0033576920909
186 2.27042844607 -31.5214921716 -5.66579427475 0.00323024047181
187 3.05791016299 -31.4192622225 -6.17906876107 0.0136841841424
188 3.9054537723 -31.3283512179 -6.58376452699 0.00398283718154
189 4.73408846713 -31.5605582735 -6.96943484805 0.00387579095118
190 5.52599046901 -31.9257710999 -7.32683156769 0.0053157968991
191 6.36481339547 -32.0773101259 -7.72713511034 0.00235431581385
192 7.00633996084 -32.408398564 -8.33160128018 0.00756100491407
193 7.79978703981 -32.6983834353 -8.74441127884 0.00379625311606
194 8.68431568678 -32.7856569276 -8.43976299695 0.00373182667872
195 9.58380203279 -32.8406551759 -8.17598923564 0.00200926474786
196 10.2972186571 -32.3422832834 -7.82407379252 0.00563758653838
197 10.3212398748 -31.407514155 -7.89392801909 0.00578660040542
198 10.502359468 -30.5056011714 -8.07072210988 0.00299193814652
199 10.3777622556 -29.6068506894 -7.83979070341 0.00536429271748
200 10.0683207163 -28.7516484469 -7.62128044575 0.0048320005757
201 9.88715954109 -27.9185833972 -7.23831023928 0.00568818539567
202 9.57834251084 -27.0886562227 -6.94283318856 0.00414389472226
203 9.15219213677 -26.4527505267 -6.40948969851 0.00544929493053
204 8.59058365739 -25.7340133313 -6.21967720116 0.00855788272294
205 7.81870842015 -25.2567026194 -6.01641857928 0.00314657100581
206 6.89843856891 -25.2731885762 -6.14503153518 0.00469943611487
207 6.01315526355 -25.5165619889 -6.28280118507 0.00388217626914
208 5.10009689977 -25.5975066726 -6.42498206973 0.00508427072939
209 4.25799255609 -25.617644378 -6.81121838159 0.00122770458799
210 3.90288691569 -26.4362014654 -7.06002839418 0.0117840757711
211 4.03660541743 -27.2280092119 -7.5168432959 0.00655402790315
212 3.92205146743 -28.0175791325 -7.97963278266 0.0075501689663
213 3.93819577037 -28.852646906 -8.3664292813 0.00840718344316
214 4.46668460675 -29.470208994 -8.79388027568 0.00589653474195
215 5.02580520739 -30.0364830913 -9.24923366844 0.00937196731602
216 5.53886926096 -30.0429681282 -9.56065707073 0.0035892727537
217 6.33621545609 -29.9401697412 -9.95440298737 0.00139309377099
218 7.00349118891 -30.134982197 -10.5180064898 0.00442883426393
219 7.61712753596 -30.1902796071 -11.1648536343 0.00402479307056
220 7.74305664839 -29.8775094849 -11.9908025365 0.00241387475584
221 7.9782530774 -29.622843647 -12.8117192493 0.00308505024036
222 7.90743253422 -29.4591329555 -13.6836189169 0.0236296067745
223 7.51016966588 -29.4982535941 -14.4666019221 0.013368164197
224 8.15623706237 -29.8893181619 -14.0324114881 0.00769664258903
225 8.68954186197 -30.2833374994 -13.4737802783 0.00354715476176
226 9.04064814043 -30.7817115033 -12.8600203309 0.00443449295091
227 9.70202996938 -31.3265655917 -12.7694361965 0.00358996296428
228 10.5568639401 -31.2593765573 -12.8275576052 0.010620995563
229 10.1039413652 -30.6066756959 -13.1371611076 0.00518275971206
230 9.74673878466 -29.95041452 -12.7336420866 0.0221085851795
231 8.96504055606 -29.6985581519 -12.8646553796 0.0175980526117
232 8.40522413892 -29.1119895669 -12.9516077142 0.00653638360241
233 8.11115828878 -28.5589150831 -13.4643127399 0.00707269818043
234 8.0586417152 -27.8630694012 -13.8587038608 0.00621356037564
235 7.90585594402 -27.4153279177 -14.494029877 0.00871238003212
236 7.24432695392 -27.1217302907 -14.7854547432 0.0114054126679
237 6.84214439031 -26.4940322282 -14.9527515871 0.00943054859614
238 6.16628647465 -26.1704634242 -14.9508906021 0.00689874805204
239 6.06324151056 -26.7314533076 -14.4818650581 0.0108985780446
240 6.11482132889 -26.5126129647 -13.7984773839 0.00496703227917
241 5.78958620727 -26.7805136176 -13.2280251499 0.00470540860614
242 5.67560664391 -27.1589740124 -12.6509973298 0.007481290462
243 6.06928713819 -27.169640911 -12.0934549807 0.0148143797989
244 6.46202419231 -26.7709742 -11.7745398035 0.0114838914667
245 7.06014974245 -26.7222121524 -11.6676580457 0.00702123620332
246 7.32808146733 -26.765721701 -11.1471260041 0.00458541494505
247 7.49492500114 -26.5893671658 -10.6306960231 0.00654031416731
248 7.42604399418 -26.55371934 -10.0904822519 0.00823310729195
249 7.49090927609 -26.6489990145 -9.59247367113 0.00824365588678
250 7.59922885291 -26.8400817884 -9.17381244985 0.0218815871735
251 7.80083695038 -27.1206316582 -9.12578699849 0.0128678987617
252 7.66075019615 -26.891650153 -9.12002061565 0.00902355755771
253 7.5059238797 -27.0453500231 -9.12335835352 0.010818479338
254 7.52318436317 -27.0820275967 -8.96605890663 0.013389885611
255 7.60267005057 -27.0521458295 -8.91096365256 0.0140452549263
256 7.61120295789 -27.0799112576 -8.95062959033 0.00747185964192
257 7.60278698472 -27.1045607803 -8.94254017438 0.0076382744634
258 7.59305720492 -27.104485423 -8.93949835683 0.00857705456505
