141 15.3332102318 -16.4613074208 -4.38759458285 0.00948822602879
140 15.3239960683 -16.4667819702 -4.39256915735 0.00651016992081
139 15.3222451272 -16.4480036687 -4.41149367464 0.00839666915703
138 15.3252831203 -16.4487887429 -4.46293878631 0.0225171565648
137 15.3559115772 -16.4646328478 -4.60082536717 0.00470678323979
136 15.2159992922 -16.4537673474 -4.68730492969 0.0103053389435
135 15.2619697249 -16.6300500807 -4.80729497114 0.0211451404454
134 15.5053328327 -16.5154223696 -4.59289293844 0.0183895464382
133 15.7357070452 -16.6630757374 -4.95228130566 0.0069675425232
132 16.1184708683 -16.9545949417 -5.01399258429 0.000912022407776
131 16.1479895179 -16.9820991983 -4.86041442251 0.00660556665971
130 16.3755401973 -17.6198993322 -4.72595979216 0.00644531746415
129 16.7911632513 -18.1793470244 -4.82731839469 0.00967667673631
128 17.282931338 -18.6699983387 -5.02913951634 0.00666511459398
127 17.108309244 -19.0974565749 -4.45566555659 0.00718191014587
126 16.9897279983 -19.3388220239 -3.75679670739 0.0037825198892
125 16.5480144116 -19.0113447376 -3.24050466675 0.00586969267271
124 16.2867565214 -18.3038883718 -3.35355245081 0.0100857205497
123 15.6062144327 -17.9717305785 -3.52767503548 0.0112825824317
122 15.3479331124 -17.2550952738 -3.31245341157 0.00541465526197
121 14.7384313967 -16.7577710555 -3.16325713224 0.00721314173445
120 14.5139732301 -15.9811331951 -3.16998020261 0.00744413737755
119 13.9330829498 -15.5342851425 -2.81042520894 0.00382255731992
118 13.9580171375 -14.8566209018 -2.34901020728 0.00777572608975
117 14.2897881289 -14.3177801212 -1.81573859139 0.00717151633894
116 14.945272334 -13.9747578727 -1.4320202779 0.00228470887713
115 15.7412091304 -14.1433361812 -1.62011567841 0.00444154806343
114 16.0060576152 -13.3519586561 -1.70255311739 0.00860948684113
113 16.136416312 -12.5618927248 -1.9734417061 0.00579226942327
112 16.209646502 -11.8387965348 -1.53312536868 0.00560721674086
111 16.765206166 -11.2228398153 -1.33280699949 0.00512424892178
110 17.5946637207 -11.2770484616 -1.12527153049 0.00960550637363
109 18.3217706273 -11.6344067079 -1.42218260732 0.00440213955749
108 18.0424028703 -11.901536553 -2.19767285015 0.00605507028723
107 17.5371146549 -12.0059868371 -2.89782171569 0.00304930846284
106 16.8632247891 -11.7941206643 -3.40734251636 0.00484189320805
105 16.5985674226 -11.8015392241 -4.24069793882 0.00554902975695
104 15.9666808046 -11.9715518578 -4.82406018913 0.00483740827867
103 15.4652935257 -12.2292147179 -5.49884690687 0.00544827967478
102 14.5865161291 -12.1679729003 -5.5177560835 0.0081031675002
101 13.9289197332 -11.6357900448 -5.7776719364 0.00416086078003
100 13.5405805047 -11.7633014627 -6.56575667363 0.00453041245154
99 13.3714637621 -12.1686733888 -7.33945946345 0.00643745709408
98 13.3768453219 -12.3380614257 -8.2158611427 0.0113969665752
97 13.3501981314 -12.462176803 -9.10397415073 0.00297098496192
96 13.5820651693 -12.1709810604 -9.92126566827 0.00278676272982
95 13.5195354437 -11.7138634309 -10.6928251612 0.00648006106651
94 13.8347195102 -11.6004670067 -9.8558928869 0.00572774504047
93 12.9921049656 -11.43256164 -9.57954843853 0.000933129294928
92 12.6500164015 -11.2777906932 -9.47834149231 0.00425949323995
91 11.9504664258 -10.7030912634 -9.47083690183 0.00195908089959
90 11.5564749915 -9.89168929371 -9.38552128474 0.00226911799001
89 11.2584970869 -9.1165442301 -9.02097609231 0.00340632939897
88 11.7031198637 -8.42027340634 -8.64410536225 0.00255148488375
87 12.4660312525 -7.98180775509 -8.41730689719 0.000183015452943
86 12.5939710265 -8.00843519004 -8.34384732491 0.00545390043555
85 13.1892014897 -8.15439899036 -7.66736709865 0.00910928442542
84 13.358409587 -8.49271068296 -6.83345413374 0.0142523263066
83 13.262645308 -8.90108391323 -6.01529701983 0.00771521233595
82 13.2123674215 -9.1744398447 -5.13675628956 0.0033368410201
81 12.5969966189 -8.58246565194 -5.48308995378 0.00529736185372
80 12.026643725 -7.87644023272 -5.64861223336 0.00543924430893
79 11.9772235522 -7.08730756712 -6.12691947859 0.0082335050013
78 12.0626528559 -6.43702990898 -6.78085277652 0.00399216919002
77 12.2461476006 -5.87933162376 -7.49840274189 0.00249563011995
76 12.7595624167 -5.75941303745 -8.26177039167 0.00243237277483
75 13.2749636767 -5.62006373258 -9.02109950562 0.00297699871906
74 13.9549409851 -5.74007079481 -9.64206496606 0.00376245865051
73 14.277818515 -5.98231606589 -10.4796424868 0.00582230547414
72 14.8296708406 -5.90171439614 -11.2248085712 0.00810086389101
71 15.0540604627 -5.97631660479 -12.1269355161 0.00624415584858
70 15.0310737932 -6.25697701139 -13.0171982819 0.00208381429587
69 15.0169385816 -6.34087939519 -13.3856730322 0.00446210525564
68 15.2419424291 -6.70238588321 -14.2186761687 0.00581664269726
67 14.5551373335 -6.89157841963 -14.8260863425 0.00557429062865
66 14.0613649492 -6.91853100924 -15.6224416067 0.00355897187364
65 13.6038737967 -7.25829319178 -16.36737671 0.00298446836272
64 13.6168282332 -7.34126111821 -17.3023290287 0.00317770794179
63 13.5742802936 -7.35132369588 -18.2405397329 0.00670128337792
62 13.4845938316 -7.51344979799 -19.1623484788 0.00874342825734
61 13.1393028449 -7.89128820999 -19.9523748201 0.00720349620547
60 13.2052967839 -8.83056507517 -19.9327014049 0.00375968178945
59 12.7098033922 -9.62314643559 -20.0524237278 0.0200388611841
58 12.0169143065 -9.98598671351 -20.5834169436 0.00557391372871
57 11.2968690584 -10.3198749776 -21.0982942846 0.00345693027783
56 10.3569316443 -10.3499181795 -21.2034815505 0.0340227792715
55 9.54719903455 -10.7006365434 -21.5565591311 0.00497870314742
54 8.8372010428 -11.0372370027 -22.0925070396 0.0031382629487
53 8.01717210915 -11.2246497931 -22.5370004272 0.00384553053832
52 7.38718037227 -11.13087517 -23.2446159752 0.00358850089335
51 6.77135076691 -11.0395297953 -23.9654229705 0.00374563636604
50 6.02306531613 -11.287777025 -24.5001929678 0.00188743251789
49 5.28786314201 -11.3565729986 -25.1024974047 0.00273081028709
48 4.5053705386 -11.097583156 -25.5810207703 0.0043295018049
47 3.75564685205 -10.7305812857 -26.041878561 0.00673928310655
46 3.05173154726 -10.2620874116 -26.4839578196 0.00766335782712
45 2.26003762395 -9.81906416463 -26.7816628011 0.00539959054121
44 1.45374343421 -9.37351703071 -27.0346380529 0.00359731028866
43 0.986357966107 -8.56666778825 -27.2438670349 0.00729097328838
42 0.387722242773 -7.82913057044 -27.3540413072 0.00455281965086
41 -0.0509479807178 -7.00203304066 -27.550923621 0.00352258935345
40 -0.00845640112269 -6.04682178307 -27.5109792035 0.00436625473869
39 -0.168134304102 -5.16265027428 -27.1801395469 0.00331761226449
38 0.0184928918855 -4.26919765775 -26.8900764214 0.0101330728621
37 0.765238404239 -4.16924980118 -26.297111788 0.00522401555742
36 1.54506095166 -4.00230629999 -25.7642315433 0.00548574476029
35 2.22067925141 -4.14080935538 -25.096867572 0.00983192989543
34 2.90889097617 -4.12369348479 -24.4271116019 0.00382782215231
33 3.46806015656 -4.28919782621 -23.6634502963 0.00531265506418
32 3.93933374836 -4.29378081129 -22.8255697932 0.00374250852109
31 4.14296618687 -4.75931655652 -22.0091986759 0.00395734591339
30 4.21408109115 -5.0264048087 -21.0877603869 0.00640609992908
29 4.73466174086 -5.15987633672 -20.2894856864 0.00259573251115
28 3.97399903796 -5.49791050536 -19.8067488911 0.0107028521343
27 3.9444093779 -5.23671840966 -18.879910639 0.0020862664398
26 3.8613891279 -4.725440569 -18.0675943717 0.000207792100832
25 3.86111697123 -4.6867233033 -18.0047122085 0.00430144776783
24 3.74761260048 -3.87468192616 -17.4985311797 0.00634302163448
23 3.42394460249 -3.47772569484 -16.6815331593 0.00317987374387
22 3.2512303915 -2.67898949732 -16.1697460672 0.00352053628133
21 3.16219465288 -1.84736818627 -15.6895192263 0.00272541916472
20 3.12762735077 -1.01224953019 -15.2080000016 0.00367254152649
19 2.9772071728 -0.288198023979 -14.5881350377 0.0041104602365
18 2.85950178589 0.449596879132 -13.9770710149 0.00595469181692
17 2.83893845666 1.15923213896 -13.3225748095 0.00712675899265
16 3.11744480315 1.85108006473 -12.7086307101 0.00353837227475
15 3.4087374279 2.5474046895 -12.1054548405 0.00376032804161
14 3.44848582732 3.18861966351 -11.3833662987 0.00665769051976
13 3.55756198858 3.76147837238 -10.6120595615 0.00648853163946
12 4.01284297738 3.72456633092 -9.75930119967 0.0313461450377
11 4.02687737214 3.59817221593 -8.79849610561 0.00456687980863
10 4.10491172527 3.27247774539 -7.88882299574 0.00502414617422
9 4.06332619211 2.68389663944 -7.1195622273 0.00231165663601
8 3.74698651337 2.4633200956 -6.22982853165 0.00458162494601
7 3.55127955065 2.10328564189 -5.35071176305 0.0042778315942
6 3.13751551934 1.6588698183 -4.59422737505 0.00700798956354
5 2.49392603406 1.53273123542 -3.87906731208 0.00336422458
4 1.85745541157 1.44006758308 -3.15227982389 0.00515284279422
3 1.34216417891 1.6350367568 -2.35293842097 0.00456493761042
2 0.793203331254 1.74727987996 -1.55988649761 0.00531973528421
1 0.344335790159 1.7636859575 -0.698653284996 0.00395085541748
0 0.27183107501 0.889570721166 -0.281599130578 0.0155273132815
0 -0.289666359648 -0.378140854861 -0.863620022742 0.00498188859495
1 -0.523879195116 -0.868218759838 -1.68674551064 0.00315954002153
2 -0.535180460981 -1.36852460433 -2.53649135429 0.00256034361265
3 -0.611653003309 -1.82805794782 -3.40564482894 0.0038994624108
4 -0.592341328255 -2.2700817306 -4.2868884767 0.0102493115943
5 -0.41766890344 -2.69506356631 -5.1592027261 0.00571437824613
6 -0.457713918209 -3.21665646192 -5.99478376152 0.003593950063
7 -0.513409356535 -3.84103191148 -6.75553968631 0.00382739459656
8 -0.562084868603 -4.49670524422 -7.48990261542 0.00336265247167
9 -0.526306450916 -5.21892801438 -8.159631473 0.0054788439989
10 -0.419838924716 -5.65678432805 -9.03619695224 0.00336977732597
11 -0.052614903818 -6.08646963447 -9.84352577506 0.00405794166418
12 0.412836473969 -6.32308889605 -10.6793079561 0.00595650223669
13 0.775151079964 -6.47630018273 -11.5828016813 0.00224361378885
14 1.18993048993 -6.42609787053 -12.4752178399 0.00431107296118
15 1.30942515425 -6.42671862477 -13.4532978108 0.00682514029817
16 1.34468539823 -6.31678393326 -14.4317573947 0.00309387890601
17 1.39162582827 -6.16734893673 -15.4044222526 0.00305106198546
18 1.47302195445 -5.86428861873 -16.3382357961 0.00599419884492
19 1.45425274736 -5.06379519377 -16.9117055532 0.00185385595998
20 1.88240365085 -4.51229181818 -17.6063721133 0.0015023171531
21 2.18254676069 -3.88586962069 -18.3045805999 0.00310058723522
22 2.45167633977 -3.38435500451 -19.1083357604 0.00165502310726
23 2.679996452 -2.92313977894 -19.9480372944 0.0121260368675
24 2.78623487742 -2.32399297495 -20.7221419567 0.00371078807179
25 2.57776309108 -2.036374037 -21.6404693213 0.00303172001319
26 1.68654057165 -1.69634003422 -21.8835554265 0.0072556836253
27 0.844744430052 -1.28056384977 -22.1789756093 0.00743789682848
28 -0.035927183225 -0.932424173862 -22.4467800826 0.00544495049917
29 -0.930125891831 -0.671443862699 -22.7640022892 0.00295044573074
30 -1.77548737477 -0.466717946369 -23.2241569316 0.0109157932656
31 -2.65163215688 -0.259743505138 -23.6209085945 0.004464822352
32 -3.50485712331 0.0422001270101 -24.0063358618 0.004823461834
33 -4.36187779172 0.351123231902 -24.3773085639 0.00616804878891
34 -5.15260984005 0.788792295585 -24.7652675492 0.00754537395409
35 -6.01218964592 0.998530644648 -25.1944526054 0.00248594980059
36 -6.8723615117 0.522807227531 -25.2201951116 0.00396867702692
37 -7.46528926173 -0.258795989631 -25.1549348973 0.00315546975881
38 -8.01986344755 -1.0391559565 -24.9310596773 0.00558630143664
39 -8.59121638918 -1.79183050728 -24.6599978973 0.00311701972674
40 -9.06549545689 -2.5320747787 -24.2201262235 0.00394544012711
41 -9.6586399003 -3.22904943464 -23.8615078066 0.01485376029
42 -10.0549166817 -4.0104812429 -23.4165409727 0.0072223843217
43 -10.3270824945 -4.81985973548 -22.9304996585 0.003450126014
44 -10.4707569939 -5.64272713712 -22.4132646643 0.00293009327442
45 -10.3966258122 -6.45752812742 -21.8694001161 0.00876813993558
46 -10.2100711533 -7.28527061298 -21.3745889204 0.00305522561529
47 -10.2071255432 -8.01952671952 -20.7221756215 0.00296110189101
48 -10.2192747461 -8.57659103178 -19.9132662494 0.00480354134977
49 -10.2688090768 -8.92977080379 -18.9981006207 0.00407211631661
50 -10.6778255732 -9.17443920269 -18.1394216351 0.00724255987643
51 -10.9920508433 -9.4850323683 -17.2624969321 0.00339244829869
52 -11.237123866 -9.83045010957 -16.3766671023 0.00192267795949
53 -11.430898131 -10.2826996572 -15.5270382918 0.00521629668848
54 -11.4077630568 -10.570724138 -14.5887789835 0.00826629146225
55 -11.4808683457 -10.8665222257 -13.6557096492 0.00291612961683
56 -11.5066124603 -11.2201784641 -12.7405185592 0.00435865569993
57 -11.8743213736 -11.3930234153 -11.8472062153 0.00299753895038
58 -12.6951560234 -10.8917020272 -11.6538855653 0.00217168209791
59 -13.3642399832 -10.2216842113 -11.3973931893 0.00483911143686
60 -14.1777280493 -9.80069554374 -11.0463831365 0.00350667948331
61 -15.075475662 -9.46108424749 -10.8446396528 0.00372290343658
62 -15.9908006474 -9.11084317613 -10.8806937126 0.00547999854172
63 -16.965026039 -9.00142822581 -10.9017840043 0.00851744002158
64 -17.9204312564 -8.78318629362 -10.8753463393 0.00756696699608
65 -18.8878541397 -8.62803503865 -10.847347086 0.0040404760488
66 -19.8136109245 -8.37221621553 -11.0425966437 0.0078063003508
67 -20.7241439313 -8.06732384006 -11.2379850104 0.00609721473036
68 -21.6096111772 -7.75180231195 -11.5142488952 0.00508008970102
69 -22.54655962 -7.46599318433 -11.5065930508 0.00311734645849
70 -23.5043149547 -7.30390578783 -11.3804890016 0.0102805432909
71 -24.4257689971 -7.2474599691 -11.707197979 0.0048982768714
72 -25.3725659565 -7.0928965558 -11.9031122093 0.00325185011845
73 -26.2708855306 -6.86700308433 -12.2202290861 0.00674522628414
74 -27.1997826295 -6.84015571491 -12.5278547637 0.00741069788473
75 -28.1082555511 -6.95178442392 -12.8743177275 0.00461435260689
76 -28.962609028 -6.92257630302 -13.3506291781 0.00301566952516
77 -29.8642956117 -6.90470008058 -13.7301811078 0.00313735455756
78 -30.8204696244 -6.9751399419 -13.9249480444 0.00240899355292
79 -30.9920876717 -6.97100208306 -13.9543482855 0.000455643635695
80 -31.9234557361 -6.95429884651 -14.249793094 0.00465141526101
81 -32.884094201 -6.80125222881 -14.3415449749 0.00628416076758
82 -33.8579358978 -6.86792214966 -14.3033121328 0.00364232355547
83 -34.734909569 -7.29779888504 -14.3163098865 0.000836667915078
84 -35.6008089211 -7.74883420011 -14.3442239417 0.00441686849861
85 -36.4354587168 -8.25016174677 -14.2684000621 0.00557844963799
86 -37.3041174736 -8.66535727963 -14.1058454198 0.00307633736449
87 -38.1448822712 -9.16004725854 -14.0663805676 0.00461137079118
88 -38.8359601889 -9.83601231568 -14.2018703587 0.00461768778335
89 -39.4020373351 -10.6247628953 -14.1019003013 0.00289112811776
90 -39.9984956685 -11.396746365 -14.0765110987 0.0046176358383
91 -40.4110636607 -12.256240688 -13.8687869006 0.00475643729193
92 -40.7601972257 -13.1529916013 -13.708474007 0.00345534142906
93 -40.8321990886 -14.1233792581 -13.6401573372 0.00229955625084
94 -40.7830726058 -15.0963815329 -13.5932858423 0.0182895630132
95 -40.5682522427 -16.0134590043 -13.3424238595 0.0017625487083
96 -40.4402957409 -16.8677471116 -12.8908439643 0.00567806696547
97 -40.2109113257 -17.7229563409 -13.2978593849 0.00529344768006
98 -39.8634245882 -18.627885359 -13.3952932032 0.00344885662086
99 -39.7139257576 -19.5777200321 -13.5513639041 0.00430357970857
100 -39.5883474709 -20.0925560825 -13.7101250555 0.000454569491733
101 -39.3284978543 -20.7064264315 -14.4036919874 0.000913578453762
102 -38.9595853759 -21.0714579444 -15.2137192756 0.00700260364619
103 -38.591265624 -21.4939665803 -15.9949177788 0.0115232856697
104 -38.2312205599 -21.6138229261 -16.8775257807 0.00537370027939
105 -38.087336635 -21.596123981 -17.826916763 0.00932416131847
106 -38.3790234031 -21.648083266 -18.7396447084 0.00423110752448
107 -38.8401118206 -21.5574236034 -19.5758227837 0.00696427902292
108 -39.2845264833 -21.4831148673 -20.4219374718 0.00489462732829
109 -39.6413238083 -21.5969304033 -21.3039660727 0.00145740856787
110 -39.6823101689 -21.7305589436 -22.2519251892 0.0043563637068
111 -39.8822288882 -21.7688034473 -23.1878666965 0.00285558165193
112 -39.9512501795 -21.8479492042 -24.13968423 0.00410194280622
113 -40.0009340167 -21.8656024751 -25.0954700506 0.0163826237339
114 -39.8839612625 -21.7839458567 -26.0404993828 0.00379498474393
115 -39.8928468054 -21.8971240616 -26.9891143735 0.00575710364076
116 -39.8714053061 -21.6214401163 -27.9029794054 0.0029219936016
117 -40.0310357308 -21.2175827051 -28.7528717706 0.00446101445056
118 -40.0376213268 -20.7669725984 -29.5936711514 0.00455772598535
119 -39.8195025126 -20.2460201251 -30.3617983384 0.0052459831476
120 -40.2688914065 -19.4394920455 -30.5956877632 0.00428860370397
121 -40.2648180645 -18.4891223743 -30.5410443083 0.00421513848095
122 -40.4740064176 -17.5863680186 -30.3249608175 0.00353313727364
123 -40.807632279 -16.8084857626 -29.8907880462 0.0125090041168
124 -41.1274361902 -16.1544959364 -29.2803882746 0.0053685291351
125 -41.5969688486 -15.5956104172 -28.6732840885 0.00330730686349
126 -41.8343490454 -16.0257949346 -27.8610490276 0.00291583220423
127 -41.9570894599 -16.8344084621 -27.3805731496 0.00358870955347
128 -42.6944218161 -17.2425222396 -26.9462028848 0.00349846761666
129 -43.3262510647 -17.6050355294 -26.3397684769 0.00853798498641
130 -43.6550651723 -17.6981845396 -25.4564306957 0.0102603951956
131 -43.4921502663 -17.5829423468 -24.531820385 0.00433728981102
132 -43.3685433027 -18.0229987531 -23.7045229869 0.00498462721864
133 -42.753204961 -18.342500779 -23.0635255923 0.00562121520236
134 -42.4302351515 -17.7277087507 -22.4248918542 0.0077204256648
135 -42.5534639936 -16.9977521717 -21.8418629771 0.0121802917469
136 -43.2052698308 -16.5470511013 -21.3354895071 0.00621390345614
137 -44.0368664706 -16.3359010308 -20.9530600751 0.00305715309618
138 -44.8861298344 -16.1672633471 -20.5900564963 0.0047127681595
139 -45.7897528197 -16.1823897647 -20.3387642847 0.00469953184928
140 -46.5175628488 -16.0673348626 -19.7590636221 0.0044788502785
141 -47.1416540671 -15.9734965874 -19.0665410946 0.00598596152015
142 -47.5075351564 -16.2022911073 -18.2357701437 0.0264262246334
143 -48.0080631052 -15.9837906349 -17.4815325737 0.00255689665524
144 -48.8379659447 -16.3344262505 -17.2503513336 0.00479809104088
145 -49.058084232 -16.4026350239 -17.0901634762 0.00131535737025
146 -49.9743824886 -16.313440705 -16.966841683 0.00356368923233
147 -50.8510825169 -16.156752934 -17.2283129552 0.0027342817721
148 -51.7522766785 -16.1927572289 -17.4450382959 0.00333516655991
149 -52.3357384851 -16.5414737835 -18.0757869346 0.00316031851667
150 -52.3546966598 -15.8490625974 -17.4603305023 0.00736387186001
151 -51.5503903575 -16.1577320253 -17.1244676584 0.0204941520699
152 -50.897587607 -16.3741885354 -16.5131977298 0.00283745910663
153 -50.0581605182 -16.367060634 -16.1388865824 0.00661809099129
154 -49.168791876 -16.1445022771 -16.110177876 0.00534522012019
155 -48.3552764943 -15.7771779578 -16.3153317434 0.00451121051766
156 -47.4869156093 -15.5591493193 -16.5023065968 0.00660897743415
157 -46.7050716003 -15.4821435419 -16.9674781071 0.00465230845024
158 -46.1165171639 -15.4683385741 -17.6640579006 0.0351980974882
159 -45.4137470625 -15.4859277807 -18.2266671124 0.00685509570517
160 -44.7528573023 -14.9048340327 -18.402708636 0.0031590490354
161 -44.5185062421 -14.0537990899 -18.5579565237 0.00301120488533
162 -45.0516665862 -13.4061410681 -18.8705287359 0.0105793932489
163 -45.5921382286 -12.7251801594 -19.0651531183 0.00401361219055
164 -46.0628889575 -12.3572981772 -18.4056609431 0.0108331450495
165 -46.5446630408 -12.079362566 -17.7170170011 0.00486159844729
166 -47.1460186454 -12.2237272382 -17.0869993475 0.00695118387763
167 -47.7572767454 -12.1373511215 -16.4605747246 0.00560176871397
168 -48.1572093423 -12.6804559529 -15.90073218 0.00123176715665
169 -48.754773981 -13.3162670315 -15.8306712739 0.00359318441245
170 -49.114465881 -13.9595373549 -15.3611241128 0.00925531049635
171 -49.2778647879 -14.3961712204 -14.6272755851 0.00317550168518
172 -48.6541287121 -14.6709655434 -14.0912195211 0.00993422692518
173 -47.8321196006 -14.9098405148 -14.1803031421 0.00633091830251
174 -46.9922124831 -14.7458952736 -14.1425485768 0.00546069375887
175 -46.6348117177 -15.0090602323 -14.8722000829 0.00802424597913
176 -47.0978598455 -15.3968440109 -15.4675343503 0.00455204881351
177 -47.7144284669 -15.7650686728 -15.9116507044 0.00491183762551
178 -48.388942234 -16.2403432625 -16.070328479 0.0152949342627
179 -48.6496238267 -16.5282144779 -15.3382578871 0.00538800282069
180 -49.0893488653 -17.0710389039 -14.9030851347 0.00566520670608
181 -48.6621996491 -17.6605720162 -14.5310989696 0.00830641263973
182 -48.2192307122 -18.3361984388 -14.5701289762 0.00352614802333
183 -47.7440319113 -18.3040459641 -15.220513763 0.0125237934539
184 -47.9014930692 -18.2235675545 -15.9896655929 0.0109333238055
185 -47.9052803281 -17.5922363853 -16.437004286 0.0046010519442
186 -48.2289483353 -17.1705054333 -16.9905585373 0.00406936880325
187 -48.3247394699 -16.9166563302 -17.7026210718 0.00697785936342
188 -47.6077553712 -16.8964100729 -17.484142981 0.00558300540384
189 -46.9977770252 -16.54155068 -17.2595330646 0.0666339488568
190 -46.8452534968 -16.0028559421 -17.1382308981 0.00993019390304
191 -46.4447881375 -15.7831773378 -16.8601787854 0.011419122954
192 -46.73540409 -15.7832116 -16.4722381688 0.00583373752105
193 -47.1808510018 -15.867402779 -16.4237251565 0.00690853896258
194 -46.9881214862 -15.9315887297 -16.0545463431 0.00603943855923
195 -46.9687879682 -15.7989945827 -16.1043938724 0.00262509798618
196 -46.8708405779 -15.5292456871 -15.9860452777 0.0302126693697
197 -46.8319060257 -15.391266683 -16.0106219123 0.012546981253
198 -46.8849320935 -15.4640782522 -16.0222265286 0.01109445483
199 -46.8552354194 -15.5042462489 -16.0178339833 0.0175719411518
200 -46.8497024819 -15.501023446 -16.0161111725 0.00640979937485
