151 -29.3077007123 4.72809063581 -1.97695796755 0.00788627611088
150 -29.3155618769 4.72376887704 -1.97661807635 0.0293780520194
149 -29.2201202492 4.74937813732 -1.98702693381 0.00570706638541
148 -29.1959115687 4.65196013495 -1.91477674689 0.0234854429285
147 -29.0108619292 4.57711484157 -2.05316244107 0.0241229896319
146 -29.2354795828 4.87371355628 -2.18153213325 0.0111374718522
145 -29.6833394152 4.83197003289 -2.23105456133 0.029168783263
144 -30.0966556965 4.44642051023 -2.3497711402 0.01217366389
143 -29.5670210957 4.21748939763 -2.12773366805 0.00996795190629
142 -28.9573626804 4.05552155001 -2.27235590933 0.00501903519708
141 -28.5700075138 3.80393139866 -2.74549285842 0.00630934426019
140 -28.1047182117 3.32229222638 -2.83935882044 0.01257814068
139 -27.775779709 2.81769843931 -3.20518987489 0.00974395740891
138 -27.7075569654 2.93164613458 -2.49246035465 0.00809589904132
137 -27.4517277288 3.40790244712 -1.98906544401 0.0033439831568
136 -27.4179442647 4.14926615203 -1.94192510422 0.00707344617262
135 -27.0062966201 4.5819515444 -2.40491699838 0.0118713411085
134 -26.4962299381 4.73412254375 -2.96618622849 0.0115470743557
133 -26.4967115503 5.34144842581 -3.46926253179 0.0366946109343
132 -26.0310270214 5.78859959702 -3.98997610667 0.00447695608732
131 -26.4275472996 6.51816422065 -3.92806569415 0.00635442093563
130 -26.7614451916 7.20478118435 -3.58232684909 0.0105671089965
129 -26.7975372476 7.85609114531 -4.12195831075 0.00552897154935
128 -26.3668340214 7.70407928581 -4.84002127832 0.00344398012837
127 -25.7516884889 7.72385889577 -5.4307005008 0.00459516710162
126 -25.3674930153 7.46841303569 -6.15229535759 0.00394205174113
125 -24.7283028356 7.9051238526 -6.5228990138 0.00531644641854
124 -24.2991081228 8.35131581609 -7.12275636795 0.00596236485632
123 -24.212738044 8.17571821575 -7.96667352504 0.00474235154691
122 -24.3065268677 8.23680408143 -8.82853486174 0.00746027066025
121 -24.5176171436 8.22758699208 -9.67575078922 0.00510651015052
120 -24.8159432076 8.80188741791 -10.2649293896 0.00396299548084
119 -24.3572295586 8.93660190596 -11.0008376387 0.00579100473581
118 -23.7357747745 8.32522238786 -11.1171901322 0.00779943306936
117 -23.5562357432 7.94432640554 -11.8947183316 0.00639268096781
116 -23.1285701062 8.38949204563 -12.5313498846 0.0023062672839
115 -22.8164451018 8.44945122688 -13.3608012901 0.00707957422605
114 -22.0941749518 8.96827597407 -13.3222163035 0.00541686690991
113 -21.5207210169 8.7464915201 -13.9698865157 0.00458810954732
112 -20.6982772841 8.78754051487 -14.318909524 0.00980782345527
111 -20.8044093702 7.95230525624 -14.631412423 0.00191122577717
110 -20.7259581344 7.09870699014 -14.9015039214 0.00573373279018
109 -20.8706193014 6.21533161079 -15.0014729113 0.00266352290956
108 -21.6960162129 6.23287663693 -14.6385660293 0.00490641877508
107 -22.5428255868 6.53212965619 -14.7353337858 0.00725255579428
106 -22.8724056753 7.20468382919 -15.2453050518 0.00469090275106
105 -22.6722221293 7.86923316023 -15.830338029 0.0042298053795
104 -22.508614344 8.45616163519 -16.5051723417 0.00712788618669
103 -21.7975142392 8.17000855261 -16.9976039562 0.00349322214063
102 -20.9011082051 8.00348100507 -17.0026648247 0.00468399317291
101 -20.0212642655 8.19623951746 -17.1528078042 0.00306287276971
100 -19.3537019332 8.23652107232 -16.5290713331 0.0056972773065
99 -18.449780432 8.25491391924 -16.3846244205 0.00129889879028
98 -17.953577373 7.5237214563 -16.1434773436 0.00374196052173
97 -17.3139302982 6.89953565202 -15.9384218261 0.00829093046757
96 -16.6797188851 6.24060794168 -15.8475909347 0.00613679072126
95 -16.152408697 5.52106241425 -16.0751215535 0.00447065763631
94 -15.5370412477 4.93691872653 -16.4354605952 0.0104522132908
93 -15.3783652484 4.17817636421 -16.9390932598 0.00416912370402
92 -15.1047329756 3.39381680371 -17.3464638277 0.00308800019316
91 -15.1953755114 2.6146717319 -17.8385909073 0.00429200761327
90 -15.2432386668 1.8651419535 -18.3819322042 0.00496660835421
89 -15.5457910913 1.19025146127 -18.9425346636 0.00234293966118
88 -16.2895944328 0.864449598511 -19.3926020942 0.00448547138225
87 -16.8439145789 0.42001813731 -19.9919314066 0.00800875494072
86 -16.3529246447 0.371498075845 -20.7819069867 0.0103268965623
85 -16.5603796968 -0.0514126799304 -21.5876868485 0.00675979503839
84 -17.1519353545 -0.257429005707 -22.2810418609 0.00363041022602
83 -17.9590565092 -0.211126405902 -22.7503145273 0.018336797587
82 -18.742417629 -0.666432404509 -22.9918954408 0.00418871581728
81 -19.5949188647 -1.02922001338 -23.1407190667 0.00154110036182
80 -20.3740256134 -1.47978347401 -22.874144021 0.00360252287406
79 -21.2107917157 -1.76920454885 -22.5606877104 0.00321741438934
78 -21.8795455024 -2.31202757392 -22.184749112 0.00274062491569
77 -22.4741807488 -2.5949489157 -21.5132205356 0.00583052433705
76 -23.2074640078 -2.71270067388 -20.9349052724 0.00835415950201
75 -24.0965275568 -2.62301847109 -20.6359167309 0.00275332831845
74 -24.9779013097 -2.31439991721 -20.507787445 0.00456904471092
73 -25.7800710772 -1.81996691951 -20.5493949383 0.00378425643783
72 -26.1151770871 -0.977405665753 -20.8112624257 0.00382441863491
71 -26.5223241708 -0.139393424438 -20.965057981 0.00768210623207
70 -26.9494829982 0.691396535802 -20.8203477475 0.00525541905006
69 -27.2225828471 1.58299336234 -20.661009845 0.00216322789342
68 -27.3402380031 2.5205105455 -20.7122071853 0.00521137029413
67 -27.2167458725 3.45933520704 -20.7110446763 0.00290112948417
66 -27.1837706181 4.40509829157 -20.753162897 0.00455393370098
65 -26.8681083941 5.29880306555 -20.7474962227 0.00631064832175
64 -26.5347803271 6.15748183447 -20.5206363245 0.00694477539123
63 -26.0975404799 6.98550182202 -20.3637840601 0.00358678822327
62 -25.5525933353 7.76217497702 -20.4079841743 0.00617543412144
61 -25.24206143 8.60005604775 -20.3164353206 0.00559491536452
60 -24.632383395 9.34103879116 -20.3523214034 0.00351262039917
59 -23.7859660214 9.76247456724 -20.5213633647 0.00572937412529
58 -22.9536059837 10.1516849086 -20.8027848557 0.00375242314745
57 -22.1050860208 10.4011244251 -21.1795057196 0.0061871812332
56 -21.2717947162 10.4715587201 -21.6546575445 0.00518915396945
55 -20.4607592833 10.3641957865 -22.1611722225 0.00383378757182
54 -19.6857990263 10.0850450551 -22.6590545429 0.00813075453297
53 -18.9839001998 9.83620231709 -23.2698210098 0.00415341417204
52 -18.3771022896 9.46267890772 -23.9182814426 0.0032506943692
51 -17.576043895 9.08771956182 -24.3004124452 0.00688686455583
50 -16.7487460854 8.77090148496 -24.6804137834 0.0262649749695
49 -16.0849803179 8.39832380456 -25.2747653871 0.00617313034565
48 -15.3883179944 8.45269187228 -25.9419850961 0.00850500479931
47 -14.5773998729 8.67866671219 -26.4169012154 0.00219969979566
46 -13.7777644168 8.86949349506 -26.9254787021 0.00308777966561
45 -12.980495982 8.95862516083 -27.4651846395 0.00561526025684
44 -12.0249068098 8.83060107823 -27.5401971716 0.00517959114315
43 -11.0740401842 8.69997849543 -27.4196442304 0.00226964310668
42 -10.2373965274 8.33717632025 -27.7428899131 0.00673709369852
41 -9.34741240383 7.97025708925 -27.8428890472 0.00413343908241
40 -8.48676190356 7.53149297288 -27.9053058462 0.00725539127594
39 -7.59170788778 7.22814013629 -27.6936963674 0.0017169739789
38 -6.82450542523 6.92901342108 -27.1835493222 0.0364843312749
37 -6.27937544452 6.53457969426 -26.4840192135 0.0033673917249
36 -5.67126472455 6.05870789188 -25.8958016051 0.00930058875762
35 -5.05087351394 5.51483741957 -25.3836206482 0.00395208774999
34 -4.45028628444 4.9078932845 -24.9207733317 0.00919746990296
33 -3.65680261035 4.59962553052 -24.4522889174 0.00156757898273
32 -3.04612352293 4.08034621936 -23.9029646423 0.00931727067807
31 -2.73844428534 3.52056828982 -23.1699341649 0.00430865485426
30 -1.9144640451 3.03866637818 -22.9853701674 0.00547331479672
29 -1.25313805204 2.56695368598 -22.4505239603 0.00131523660553
28 -0.685445954991 1.8765278232 -22.0671946861 0.00110853750651
27 -0.05802356169 1.19091194739 -21.7804787583 0.00316059840482
26 0.52606207746 0.495442949922 -21.432061611 0.00855338337154
25 1.05563533634 -0.163778457345 -20.9504037948 0.00345980638218
24 1.69049323738 -0.623688695602 -20.3735002791 0.00339718105088
23 2.39467660372 -1.00525201549 -19.8201864812 0.0042468663108
22 2.94301533579 -1.37675338632 -19.1064330181 0.00559560336441
21 2.99142737573 -1.72016180749 -18.1961742433 0.0047506732944
20 2.9603038642 -1.98289527522 -17.2584923139 0.00731633371442
19 3.0591777239 -2.31530138355 -16.3477391612 0.00415688919161
18 3.29014791631 -2.62764146727 -15.4538074085 0.00408120040168
17 3.34696677149 -2.50588611868 -14.4882117934 0.00544221089474
16 3.20974560386 -2.71599688756 -13.5459800324 0.00255599409729
15 2.89363002529 -3.1795514167 -12.7485280929 0.00281318950069
14 2.22091984143 -3.39341905932 -12.0758433781 0.00549946840733
13 1.54450721927 -3.59117344103 -11.4016557502 0.00427816620612
12 0.798637310243 -3.79849955283 -10.8082978781 0.00735485169847
11 0.0489118976277 -3.84385142332 -10.1855880528 0.00191117614094
10 -0.53726928526 -3.62983080265 -9.43540533124 0.0036940896002
9 -0.975425072232 -3.15271894982 -8.70547803293 0.00531014066956
8 -0.965552932315 -3.00295601524 -7.74082121032 0.00229977463575
7 -0.654001983533 -2.84623897417 -6.82893626084 0.0047370284658
6 -0.654369193696 -2.48889692193 -5.92021857101 0.00445740700508
5 -0.564720672303 -2.08706882588 -5.03466137599 0.00264157415656
4 -0.33145219034 -1.44082011204 -4.34069640812 0.00286182602905
3 -0.100413226332 -0.712950633557 -3.73196058049 0.00516443833139
2 -0.142893307956 -0.18665750404 -2.91006445972 0.00361627973306
1 -0.160494953947 -0.0298052796657 -1.94579425975 0.00300388722653
0 -0.123737002505 -0.0180905186383 -0.96934923932 0.00579592017893
0 -0.830359686998 -0.0912530252582 -0.51998904345 0.00300505043219
1 -1.69908086417 -0.189706580483 -0.971322516498 0.0028599634312
2 -2.56083979029 -0.359860794125 -1.41447751125 0.00863409470079
3 -3.16832052108 -0.617526852506 -1.72613709703 0.00778837883742
4 -4.00905838356 -0.96570938537 -2.09605635185 0.00693331290099
5 -4.89602528796 -1.25582410557 -2.40220131008 0.00435791079849
6 -5.75874207461 -1.52142186507 -2.78902595574 0.0103484801977
7 -6.6426494644 -1.65239833099 -3.1959473499 0.00340740343419
8 -7.45933836931 -1.86890738102 -3.6960307886 0.00421844181219
9 -7.56907893312 -1.49422966892 -4.59696743162 0.00717731237229
10 -7.50645567242 -1.37057606914 -5.56891341962 0.00343427181587
11 -7.48542558655 -1.2311507396 -6.54043842059 0.007239840228
12 -7.32567515647 -1.20011890382 -7.50839502343 0.00540349287365
13 -7.37276526479 -1.11582354886 -8.4850592259 0.00373724598897
14 -7.38745490264 -0.868201252272 -9.43451357628 0.00341422429521
15 -7.52592565462 -0.554887969441 -10.3540066214 0.00193457811772
16 -7.68055632221 -0.234731694223 -11.2685026642 0.00204700752023
17 -7.66884414953 0.336676739601 -12.0659016156 0.00415638462923
18 -7.38785917336 0.782326068472 -12.8934137877 0.00198780784995
19 -7.29109800499 1.28814723005 -13.7282978235 0.00559066400481
20 -7.05556948326 1.67862855134 -14.5966751642 0.00755743799996
21 -6.9486948204 2.06300602981 -15.4925206862 0.00244594156789
22 -6.83586322269 2.5496048909 -16.3363344504 0.00381770458168
23 -6.9622100388 2.77291964206 -17.2827172911 0.00437050451458
24 -7.13898841048 3.18158992739 -18.1561658156 0.0311810063177
25 -7.42247474608 3.55818509536 -19.0148965899 0.00348391080985
26 -7.59608705304 4.10084419878 -19.8115989217 0.00437463277619
27 -7.93514953127 4.70909077692 -20.5001375209 0.00421800573624
28 -8.21849085726 5.39944637865 -21.1340663832 0.00456983228539
29 -8.18873012962 6.12591674385 -21.7897121383 0.00371960441818
30 -8.40170828186 6.84320081887 -22.4209315848 0.00331964510634
31 -8.70661073055 7.49626280549 -23.0832673381 0.00431129121135
32 -9.13522929067 8.13214177961 -23.6913817771 0.00420780861052
33 -9.60200196594 8.66169571309 -24.3691646738 0.00340431041739
34 -9.92206880904 9.45185300482 -24.8493156293 0.00633775948174
35 -10.2402112745 10.1282754479 -25.480460399 0.00583087137827
36 -10.7575205636 10.7734007005 -26.0028447967 0.00552885357594
37 -11.2500843315 11.2511187289 -26.6997597341 0.00210053550975
38 -11.7532567833 11.688448815 -27.4152892626 0.00108021078647
39 -12.3666953797 12.1683499734 -28.0065799708 0.00349347738658
40 -13.0147429806 12.3551248026 -28.7146039736 0.00286813598546
41 -13.6822987276 12.5510757209 -29.4015759042 0.0103667419104
42 -14.4748703653 12.4089853442 -29.95551933 0.00607621496708
43 -15.3619348276 12.2743444357 -30.3424419234 0.00311844831497
44 -16.2789727453 12.1307410784 -30.6472428696 0.00508285354818
45 -17.1179826058 11.9178834094 -31.1000242279 0.00417834997946
46 -17.9590801511 11.5407888384 -31.4229320311 0.00257308872745
47 -18.7855680629 11.0459212176 -31.5832851575 0.00420609160838
48 -19.3688707749 10.3036938303 -31.8328984218 0.00310735630489
49 -19.8036224424 9.56329220502 -32.2978404071 0.00190731821556
50 -20.3325588521 8.81962860467 -32.6447768168 0.00236579559994
51 -20.783077815 8.00203707194 -32.9303741975 0.00409925832062
52 -21.3751797022 7.23148980594 -32.8390864858 0.001906068893
53 -21.7465540224 6.3855037852 -32.5244463811 0.00387689890213
54 -21.8539760087 5.41598280173 -32.5520410456 0.00303893747321
55 -21.8655701309 4.49182254723 -32.2390838978 0.00687777674554
56 -21.5873544946 3.6069489399 -31.9369692101 0.00477213843187
57 -21.164009119 2.7709993472 -31.666222773 0.00303421083887
58 -20.8307056129 1.92788917804 -31.3067118542 0.00495121732437
59 -20.6450024613 1.08175719102 -30.8589792891 0.00161278554191
60 -20.3191443159 0.215267041699 -30.5528798888 0.00543382041814
61 -19.815237059 -0.559975350392 -30.2440453654 0.00536091291105
62 -19.1674435928 -1.26617019224 -30.0665212263 0.00344908236029
63 -18.6538566658 -1.41021392464 -30.8823900818 0.00668311292015
64 -18.3112524282 -1.55403603789 -31.783357364 0.00445967756103
65 -18.1404581557 -1.60475959447 -32.7413902077 0.00393623345201
66 -18.0425129897 -1.57781868869 -33.7103993591 0.00318078622767
67 -17.9385285229 -1.79105406956 -34.6552470303 0.00386352716962
68 -18.0697251975 -1.22981437816 -35.4402808896 0.00441555573526
69 -18.764457562 -1.91071328855 -35.4040471977 0.00379646100036
70 -19.6300300036 -2.29892867294 -35.1863133441 0.00146061504425
71 -20.4279892625 -2.68807611971 -34.7873810355 0.00253275505912
72 -21.0858822451 -3.26380014409 -34.3597565447 0.00461991295122
73 -21.3067475472 -4.18228911199 -34.1268270997 0.0039504659073
74 -21.4956663959 -5.09880645671 -33.8610020244 0.00432333277706
75 -21.4460296883 -6.038174726 -33.6137750795 0.00298956245539
76 -21.1056484362 -6.94767277199 -33.5622743472 0.0024909487728
77 -20.6677539832 -7.79789903456 -33.3865386638 0.00601294889554
78 -20.107652592 -8.48484226795 -32.9871204287 0.00592038733882
79 -19.2816171127 -8.73684435383 -32.541208501 0.00533632259565
80 -18.5034386005 -9.07982304381 -32.0710535839 0.00532912101502
81 -17.5709366012 -9.20980732633 -31.8319606365 0.00419181579333
82 -16.6062713328 -9.31899504888 -31.8583527177 0.00566975207773
83 -15.6425079605 -9.43349326965 -31.8855991221 0.00553719279497
84 -14.7092461575 -9.38291505582 -32.1477492786 0.00462511749449
85 -13.8553343378 -8.95526787683 -32.3202273664 0.00443794167653
86 -14.1040524325 -8.16175878513 -31.8201387543 0.00590569050942
87 -14.0371551564 -7.30899305089 -31.3626157418 0.00592439971103
88 -13.9651110718 -6.5503132178 -30.7627684712 0.00157367604613
89 -14.1328407823 -5.90154614336 -30.0616590989 0.00761181491865
90 -14.2814023857 -5.34773888645 -29.2798659216 0.00498693708498
91 -14.6262924978 -4.91100996587 -28.4862527496 0.00112713168061
92 -14.8967466268 -4.63601812818 -27.5969867134 0.00591046003572
93 -15.1084298779 -4.4203652911 -26.6762722835 0.0071519563487
94 -15.0942691499 -4.30765286464 -25.7142512003 0.00586154118693
95 -14.9263608919 -4.21825396156 -24.7647386029 0.00567927136338
96 -14.7018467651 -3.93854331794 -23.8656174033 0.00223966655291
97 -14.4269086195 -3.51373899387 -23.0406101307 0.0063970592864
98 -14.1061070939 -2.94533767954 -22.3265954498 0.0163749984521
99 -13.9646463624 -2.20626402478 -21.7203065954 0.00438851926733
100 -13.5755892358 -1.36127677284 -21.4602829245 0.00509250202621
101 -13.31375755 -0.506621617621 -21.0949475441 0.0058536441711
102 -13.2887583661 0.370129568203 -20.6918564293 0.00629059821565
103 -13.3485322853 1.28567985364 -20.3932776428 0.00585994415495
104 -13.5164581772 1.17891912333 -19.4490390256 0.00287773999168
105 -13.5068478334 1.0418398157 -18.4940674986 0.00212264814354
106 -13.1622911632 1.0756590085 -17.5937305176 0.00402089526055
107 -12.8059445636 1.02309906757 -16.6991869314 0.00364913419831
108 -12.8544223752 1.70268942758 -16.017356448 0.00376733215207
109 -13.2900786808 2.27991335224 -15.3805324935 0.00425505938294
110 -13.4382237095 2.47367087486 -15.2185640389 0.00231493717974
111 -13.8553075067 2.96990897152 -14.50970421 0.0072419158213
112 -14.2680872711 3.34490523913 -13.7282016407 0.00351927014562
113 -14.5683140975 3.81258497072 -12.9456649591 0.005461908947
114 -14.8282815795 4.05372028481 -12.0540928873 0.0221417249688
115 -15.0849769919 3.90383431859 -11.143725704 0.00693489781862
116 -15.6033243676 3.55421656913 -10.4194240352 0.00379724097044
117 -15.9655637431 2.9195850351 -9.80241786498 0.00801187118059
118 -16.046851435 2.36102707196 -9.03106830726 0.00613858002522
119 -15.9537154704 2.11780811444 -8.55830827508 0.00275521302776
120 -15.8253078478 1.60603479396 -7.76726886017 0.00596026332883
121 -15.780702476 0.946040395447 -7.08533485092 0.002221667702
122 -15.7874399117 0.170473256335 -6.5373212476 0.00512627344042
123 -15.5433704413 -0.673181464563 -6.1779638052 0.00614834427837
124 -15.1952599266 -1.5529743767 -6.11753218147 0.00323311612335
125 -14.4075942757 -2.02419123052 -6.35364687906 0.00257475174289
126 -13.5065834729 -2.23399015032 -6.55798936129 0.0014811311644
127 -12.6356608404 -2.28341396389 -6.92738813431 0.00404772412667
128 -11.71353373 -2.36425024318 -7.12596382595 0.00623437753246
129 -11.0159845382 -2.21720577105 -7.74820274093 0.00552656886705
130 -10.5349208063 -2.16066855605 -8.56053025747 0.00808302059407
131 -9.76658825397 -2.3222997508 -9.08524996985 0.00654177200622
132 -9.00001160503 -1.83503264276 -9.33950896205 0.0051956108235
133 -8.29506984388 -1.28290217295 -9.04526270432 0.00598736290749
134 -7.79214972194 -0.541021479247 -8.75643832943 0.00321140967977
135 -7.4339617391 0.329123714023 -8.74094914523 0.00541180130952
136 -7.45166091237 1.26730208194 -8.68032200058 0.0034898474266
137 -7.41001365941 2.20500861255 -8.72649488837 0.00636970713027
138 -6.87808251297 2.92663108495 -9.00531760015 0.00471686522799
139 -6.53077583328 3.72112213271 -9.36347116841 0.00442536610126
140 -6.54727269106 4.57042277554 -9.75999389964 0.00669153537293
141 -6.29223806263 4.64563612657 -10.6584893914 0.00373475681429
142 -6.19551942675 4.42393720136 -11.5631028265 0.00517526230426
143 -5.99889957107 3.95673352999 -12.3491160886 0.00764372727393
144 -5.75303452418 3.72277225425 -13.2193473648 0.00420812807235
145 -4.99232399278 3.4853594072 -13.7040487385 0.004241846375
146 -4.42916609257 3.09175345382 -14.3339352075 0.00320061859282
147 -3.77949544755 2.80975880767 -14.9389431033 0.00581462009329
148 -2.95302132384 2.60828519423 -15.3149638988 0.00358073683241
149 -2.03643240433 2.4646112188 -15.2635953354 0.00768907237627
150 -1.11921904504 2.37655332614 -15.3706598006 0.00443984225032
151 -0.237930366168 2.20439714264 -15.1414536399 0.00512490907521
152 0.518499098799 2.73762625133 -15.1291882938 0.00222004080822
153 1.0193296601 3.50259070987 -15.2699135996 0.00354255411075
154 1.12357404098 4.41846822774 -15.3377754056 0.00675400554432
155 0.912602772844 4.70955332393 -16.1885596022 0.00493434003146
156 0.859889402432 5.13506873083 -17.0052376836 0.0144418697227
157 1.12939985915 5.6753553733 -17.6975131363 0.00582031711123
158 1.44441698996 6.3689583966 -18.2075621966 0.00674142974435
159 1.70704587609 7.0436482898 -18.7670923793 0.00432525326399
160 2.23576263077 7.78178468156 -18.6675490268 0.00503938158991
161 2.90660331727 8.38967365176 -18.5575427581 0.0237023398955
162 3.7608786333 8.62287851064 -18.3727569562 0.00469598233808
163 4.16467701591 9.37765179172 -18.0849103968 0.00735419953358
164 3.95251876506 10.1750216322 -17.7239436626 0.00699025521437
165 3.64158208137 10.8931736242 -17.2831428416 0.00302690289201
166 3.51297728015 11.7518295811 -17.0584862923 0.00279212692788
167 2.62433323905 11.7371427803 -16.9471931668 0.00289097255831
168 2.0201205587 12.1739409622 -17.4422532909 0.00442813665364
169 1.29623208468 12.5091962403 -17.0407875155 0.00409675125517
170 0.787076040435 12.9915390061 -16.4902063461 0.00584449005867
171 0.843581309912 13.3893891566 -15.6963714927 0.00393814964683
172 0.363316523703 14.0444193735 -15.3393995775 0.00269794518074
173 -0.283753366632 13.9972450103 -14.7353933058 0.00666155528324
174 -1.15076682668 13.8629891956 -14.6375402852 0.00472103291339
175 -1.99007131927 13.7346849361 -14.8712388157 0.00303313578253
176 -2.45965825019 12.9915786637 -14.8764265204 0.00564448738548
177 -2.97353246898 12.2836058102 -14.9264182226 0.0377459670564
178 -3.55098445225 11.6638961567 -14.8165628045 0.00372209208142
179 -3.65194313623 10.8266320824 -14.9350532219 0.003591134218
180 -3.56183513327 9.98318755811 -14.897584015 0.00709700211556
181 -3.41572038212 9.15333196525 -14.9438290036 0.0092355948264
182 -3.6091002211 9.50245804083 -14.2071113522 0.00800977942562
183 -3.04902621979 9.7966943576 -14.7453459075 0.00392931664256
184 -2.47966660149 10.0702415332 -15.2794118468 0.0084902035165
185 -2.00048595824 10.7317843644 -15.2250505353 0.00664917760077
186 -1.30642031531 11.0140956196 -15.5387943245 0.00826554833597
187 -0.654117975436 11.096498893 -16.0013275922 0.00825963601652
188 -0.298071138697 11.795274816 -16.1045201458 0.00570939728277
189 -0.636957852136 12.4970306668 -16.0202121649 0.00499529879765
190 -0.539320153898 12.1411978693 -15.3347500231 0.0064682599622
191 -0.188624253521 11.893748587 -14.6963572378 0.00597489329168
192 -0.267114095532 11.3490428639 -14.1721592507 0.00758831522901
193 -0.192204356888 10.8226796355 -13.6459363934 0.0137234435857
194 -0.246556411612 10.1036612866 -13.5888579529 0.00855915006564
195 -0.0786817040812 9.41853875397 -13.6300797698 0.00952796252949
196 0.0360854357548 8.86243674741 -13.2444079115 0.00976275202555
197 0.36795491582 8.29087580588 -13.2866536144 0.00665849738332
198 0.220970935596 7.69190977254 -13.4742123745 0.0078883174984
199 -0.182854811714 7.72961901309 -13.946237459 0.00550007300994
200 -0.0227953295161 7.18774755256 -13.7316772053 0.00706764928112
201 -0.000457882046056 6.63335039414 -13.5618146336 0.0244692665711
202 0.338054297574 6.68446116267 -13.226090552 0.00853676142987
203 0.646733277883 6.46450779031 -13.4438370098 0.0101054311704
204 0.868770257354 6.25175649825 -13.6668502147 0.0130373728636
205 0.742075971496 6.14519217817 -13.4215964088 0.011450844088
206 0.917224229619 6.27891258506 -13.3574496429 0.00505772049637
207 0.768326295723 6.40318512428 -13.2995094041 0.00369007286148
208 0.587578461084 6.41369211358 -13.3278302943 0.00288533852397
209 0.547981236318 6.26845912343 -13.4039831204 0.00498117912262
210 0.658303314293 6.3554428052 -13.3702683844 0.00480355093683
211 0.618666357674 6.26041564605 -13.43578189 0.00622292334895
212 0.642734046259 6.21955839381 -13.519197163 0.00643655239691
213 0.687028446849 6.16388391269 -13.5236717292 0.00993028060361
214 0.697848380626 6.18776161304 -13.4970144085 0.0123571521629
215 0.69586785901 6.18473278349 -13.489220813 0.00766616757058
