171 -31.6718009679 -14.507239649 -9.08983905733 0.00173323139325
170 -31.6707631077 -14.506849138 -9.09003039207 0.0107596701934
169 -31.6612526758 -14.5047493125 -9.07465576999 0.0117639305788
168 -31.624135123 -14.5221798298 -9.04421256516 0.0163091293098
167 -31.5439610587 -14.4905376705 -9.11718208251 0.00924412165474
166 -31.4188204006 -14.4492538442 -9.03372726141 0.0129445621179
165 -31.1987442413 -14.4764688115 -9.05282055507 0.0102997224475
164 -31.1921819467 -14.5197199818 -8.77508842816 0.0156365931165
163 -31.318949737 -14.2753670386 -8.51155960838 0.0160765000103
162 -31.1834152375 -14.0364515749 -8.13255495447 0.0158171966203
161 -30.6509197313 -13.9584396684 -8.12424538404 0.0155619804697
160 -30.2527233059 -14.3128141362 -7.85759423042 0.0126233949705
159 -30.412650859 -14.9274746781 -7.85751221301 0.00490938058523
158 -30.2584809306 -15.4566088508 -8.20075049638 0.0120992947295
157 -30.900912712 -15.2780299601 -8.33230314731 0.00399660474303
156 -31.2902646116 -15.0923401822 -8.87051190567 0.00576239365002
155 -31.8910752486 -14.7368234734 -8.93838038382 0.0116445160259
154 -31.8419096315 -14.1129652657 -9.30407389704 0.00364938600167
153 -31.2974862009 -13.6458852884 -9.44534266041 0.00816844552474
152 -30.6364643238 -13.7570999342 -9.7713695986 0.00752183810907
151 -30.4718397794 -14.4598062625 -10.0006733639 0.00434567864587
150 -30.0176007492 -15.038318688 -9.79462771032 0.00604182979061
149 -30.6265348413 -15.4995892099 -9.6797989509 0.00461803216219
148 -31.284285176 -15.8701761114 -9.48818479283 0.00452266447048
147 -31.8578445386 -16.3489874961 -9.2477432867 0.00689096359149
146 -32.6446345314 -16.4391749562 -9.20181450814 0.00483145197127
145 -33.2292598471 -16.05754228 -9.59656877758 0.0148712832408
144 -33.1589226389 -15.2533159524 -9.46998467585 0.00627623126178
143 -32.6768847306 -14.6530277969 -9.76165011741 0.00242995060141
142 -31.94084534 -14.5812794892 -10.1286921131 0.00722668403793
141 -31.6434461827 -14.6197983921 -10.9058309499 0.0106797832843
140 -31.5191943492 -14.1500078478 -11.5926651359 0.00773980301756
139 -31.5127611726 -14.2399190946 -12.4355451477 0.00357450191864
138 -31.2743155581 -14.5002901896 -13.1031778633 0.00443429968534
137 -30.8852316293 -14.3623760982 -13.920587126 0.00661761956414
136 -30.5556933673 -14.4164579592 -14.7752509192 0.00465581112442
135 -30.1988204932 -13.7465940597 -15.2919845036 0.00384955329402
134 -29.9104285867 -13.1395294725 -15.9192806503 0.00416120341618
133 -29.2783259508 -12.5957558136 -16.3082556328 0.00588410485974
132 -28.785582822 -12.1092555638 -16.9167124737 0.0033522882977
131 -28.2861351453 -11.6632928168 -17.5514665476 0.003458689179
130 -28.0529570486 -11.1355466632 -18.2726554929 0.00629053067296
129 -27.4791824931 -10.8399564217 -18.9351318075 0.00460894388428
128 -27.1427721624 -10.2653758975 -19.5785497238 0.00576460188469
127 -26.9834362355 -9.65282488629 -20.2561201804 0.00365604573265
126 -26.643221749 -9.06400081154 -20.8874272457 0.00157364419748
125 -26.4401568782 -8.45997369891 -21.5624507976 0.00463118590491
124 -26.2048535514 -7.62844500351 -21.9029976178 0.00618741845377
123 -25.7831747159 -6.90390048949 -22.3060009383 0.00802931449104
122 -25.3181761487 -6.22649791976 -22.7453854153 0.0052894185026
121 -24.9377514113 -5.40368778784 -22.964419175 0.0038565912378
120 -24.7447034486 -4.52604016795 -23.2164961162 0.00450945441069
119 -24.6710364984 -3.60554162037 -23.3570958637 0.0034612469914
118 -24.4865368216 -2.76168308837 -23.7145062976 0.00458435100806
117 -23.8934642605 -2.87447567007 -24.4298231338 0.0040468284157
116 -23.4414848436 -2.9954528942 -25.2414838323 0.00663440826091
115 -22.7890507484 -3.23134453288 -25.8723228229 0.0026475443206
114 -22.1654740085 -3.6707766164 -26.4181637447 0.00302458886027
113 -21.5585965958 -4.20255954442 -26.8973116952 0.00201425031322
112 -21.9601778264 -4.77982500413 -27.5194666508 0.00349415296689
111 -21.7928653092 -4.27018650641 -28.2910116458 0.00356894002752
110 -21.4427481704 -3.77741795227 -29.0110792334 0.033747797439
109 -21.9594336328 -3.0512633153 -28.6980103831 0.00348873822144
108 -21.5845710555 -2.2523173009 -28.3598573524 0.00195934761506
107 -21.113851165 -1.49059729081 -28.0568076063 0.0030146473415
106 -20.4518364875 -0.816001042054 -28.0864473014 0.001747820714
105 -19.5594772342 -0.543152678922 -27.9317262436 0.00340132493885
104 -18.6832703932 -0.602087942084 -27.5789172324 0.00329705946333
103 -17.786196656 -0.819410713907 -27.368278583 0.00411687243975
102 -16.9050524342 -1.08489759343 -27.1437284919 0.00282153231264
101 -16.5782677186 -1.2226572676 -26.2642867762 0.00563302194618
100 -16.4450802725 -1.51297410416 -25.3707093135 0.0110849187597
99 -16.1006599185 -1.44216650258 -24.4879459544 0.00334632413315
98 -15.7064227524 -1.26092790335 -23.6422190431 0.00532839349206
97 -15.5874677199 -1.02174869195 -22.7292681538 0.0121467055861
96 -15.4241343677 -0.710023748699 -21.8441761443 0.0166717263377
95 -15.6132748946 0.0974821706836 -21.373229547 0.00699417556364
94 -15.6058015805 1.04740684374 -21.2825938952 0.00352307450808
93 -15.3630935645 1.42045546034 -20.4374627567 0.00643983529993
92 -14.7715630879 1.81279226189 -19.7977769696 0.00501263039305
91 -14.2949886675 1.48021884882 -19.0385429618 0.0119811160144
90 -13.6789260697 1.21575298174 -18.3554656515 0.00393230326636
89 -12.8650978268 1.0268579582 -17.8881496418 0.00345823695212
88 -12.1569343109 0.39006708096 -17.9864789064 0.00318908304604
87 -11.2320145738 0.157763205784 -18.0745077217 0.00403796302625
86 -10.5219801365 -0.427214040747 -18.3420708312 0.00563777119043
85 -10.1648157757 -1.2913126384 -18.5531930758 0.00690178295035
84 -10.1542272551 -1.41801684134 -17.6019405855 0.00743882106026
83 -10.3585838016 -1.3845694259 -16.6642507736 0.00286982744224
82 -10.5957795509 -1.76385913167 -15.8144028257 0.00245906885583
81 -10.8049498887 -2.36713019203 -15.0969291835 0.00415923995258
80 -11.2507199869 -3.00091916882 -14.5291092009 0.00611542237448
79 -11.7389637345 -3.62195620227 -13.9817422822 0.00173430056803
78 -12.3931351577 -4.31433303672 -13.8543123644 0.00482014930631
77 -13.0634958279 -4.89108827783 -13.4769737 0.00530605342454
76 -13.8620850061 -5.33811927932 -13.181154066 0.00646804928831
75 -14.7660250221 -5.56984713133 -12.9463388882 0.00623000812545
74 -15.6605020075 -5.82547648144 -13.1940488816 0.00764992229667
73 -16.588498767 -5.80967581181 -13.4517105936 0.0031590668729
72 -17.3226184071 -5.77842184358 -14.0751790286 0.00755345232578
71 -18.0358294645 -5.6942827333 -14.7185047662 0.00495068997415
70 -18.5976844666 -5.59080591608 -15.4957283053 0.00311769725692
69 -19.1288683557 -5.47814809515 -16.2932495074 0.00409776448341
68 -19.4181718615 -5.54631908357 -17.2115572117 0.00430049094031
67 -19.7074013291 -5.52416550347 -18.1324326412 0.00565097447932
66 -19.9033842564 -5.42922178045 -19.0734141209 0.00358660590889
65 -20.0666825161 -5.6653136544 -19.9958261308 0.00461295898891
64 -20.5227767831 -6.00392537039 -20.7773819636 0.00299577883756
63 -20.9646270341 -6.54247423771 -21.447010651 0.00713571445667
62 -21.2608363393 -7.00280178676 -22.2439093402 0.00354771840953
61 -21.5977565844 -6.94523146271 -23.1485969717 0.00124511801133
60 -21.6359568537 -6.23970601434 -23.8087295606 0.00497984601815
59 -21.6068877829 -5.54365506878 -24.4797236685 0.00377867662763
58 -21.2495127113 -5.09802137235 -25.260649508 0.00462554568033
57 -20.8876229804 -4.60010057149 -26.007443645 0.00398625964571
56 -20.251911976 -4.28163319156 -26.6641983659 0.00222656255471
55 -19.5788864941 -4.34557952659 -27.3570992594 0.00508686168018
54 -18.740619188 -4.65653863808 -27.7285023737 0.00467054348133
53 -17.8648001601 -4.94748996066 -28.0218355192 0.00318156785713
52 -16.9979910148 -5.3794833193 -28.025651615 0.00402336541757
51 -16.0912902517 -5.62752835834 -27.7915047399 0.020508021201
50 -15.1863100516 -5.85682875501 -27.5289802258 0.00686468427574
49 -14.294763117 -5.76707702805 -27.1570984972 0.00329595987169
48 -13.4166835874 -5.76009939452 -26.7442122046 0.00392443394861
47 -12.5382473364 -5.42901264019 -26.4981796231 0.00510526017431
46 -11.6487155991 -5.26587958192 -26.1454015874 0.00209732730773
45 -12.2317689391 -4.68568002317 -25.6295736089 0.00417070707687
44 -13.0285818694 -4.18650932759 -25.3871899346 0.00498399920558
43 -13.7247604442 -3.5812511751 -25.0833708619 0.00445124054677
42 -14.397514531 -2.95790689886 -24.7631321391 0.00614770542984
41 -15.1859527659 -2.46653572523 -24.4782799637 0.00237799454803
40 -15.800089371 -1.73134005185 -24.3148884668 0.00222219773786
39 -16.2832330328 -0.939676620231 -24.0242700766 0.00652812769074
38 -16.6101838838 -0.0675726323713 -23.7455231968 0.00111402467109
37 -16.3914048503 0.820554840038 -23.4159028662 0.00630808928095
36 -15.9439191547 1.66821637179 -23.2517184485 0.00300633262343
35 -15.5802921749 2.56910804365 -23.2977928381 0.0286592908143
34 -15.0184755751 3.36357630713 -23.3351372548 0.00497782373455
33 -14.4194069967 4.12773581862 -23.2591761885 0.00157898763281
32 -13.6263155657 4.47384569594 -22.8118542289 0.00408239935898
31 -12.6786351655 4.44360708329 -22.5881525291 0.00572946949346
30 -11.891914762 4.46337705282 -22.0133471914 0.00319041111315
29 -11.4066882718 4.84079620599 -21.2568605436 0.0046304120419
28 -10.8935479565 5.13780549717 -20.4829166852 0.00638452574195
27 -10.6137197646 5.32964260892 -19.5685509858 0.0102242217897
26 -10.347359165 5.60525249452 -18.6713660452 0.00573733744478
25 -10.234333573 5.68567984646 -17.7053938915 0.00705478926537
24 -10.1243786951 6.01607033938 -16.7935364224 0.00602183617862
23 -10.0541261641 6.40966957341 -15.9028955529 0.00526274288221
22 -9.83444995405 6.76529282915 -15.020454785 0.0038919673843
21 -9.55697205053 6.99188814412 -14.1119526804 0.00259953277618
20 -9.16579935564 7.25767465154 -13.2574667958 0.001965263041
19 -8.886114952 7.48850469233 -12.3505499914 0.00340259239369
18 -8.6118373782 7.87805485579 -11.497810307 0.00464286704152
17 -8.30401212834 8.16917308299 -10.6174891697 0.00662987070441
16 -7.74308110467 8.34397961299 -9.83675221156 0.00273397708961
15 -7.15690050695 8.51794026382 -9.07450123625 0.00462796881207
14 -6.55550664364 8.34703372769 -8.32331431792 0.00257418431108
13 -6.03464619016 8.03178737715 -7.55868302188 0.00635763637755
12 -5.49897181983 7.78005745013 -6.7805966386 0.00554326576162
11 -5.0344671974 7.61533764171 -5.93605758836 0.00744890430843
10 -4.47752555428 7.20267824035 -5.24618471887 0.00148998801746
9 -4.20760829933 6.80594203221 -4.39388362995 0.00583910687058
8 -3.98771880354 6.32071870363 -3.57341274952 0.00305913253303
7 -3.82606808497 5.74008275954 -2.80282187479 0.00844958971871
6 -3.62411690913 5.15269749548 -2.04669325146 0.00242079392724
5 -3.19169202146 4.44384222189 -1.52902625237 0.00303319716144
4 -2.80538156943 3.80287717777 -1.12494048908 0.00613897816551
3 -2.27375106803 3.08017476795 -0.728770572265 0.00579268517375
2 -1.59847605407 2.41248050565 -0.483265964519 0.00508162356049
1 -1.03131140323 1.61728260115 -0.392338996298 0.00425615802108
0 -0.460382149795 0.839306363744 -0.215466110882 0.00694183965982
0 -0.625649234216 -0.747567011715 -0.106933303622 0.00255207905431
1 -1.18345495058 -1.54079361058 -0.252740034221 0.00158813862779
2 -1.78159559406 -2.30741678864 -0.126036099072 0.00491012141471
3 -1.86334559486 -2.34424141796 -0.167456810967 9.70393116616e-05
4 -2.65327378126 -2.76738265713 -0.564882189896 0.00329335177628
5 -3.16450448018 -3.42962854237 -1.07573060362 0.00464575922818
6 -3.92751948815 -3.92932801992 -1.4344571316 0.00309532791117
7 -4.70610253113 -4.3432543599 -1.862165673 0.00258989024137
8 -5.4875837094 -4.76889580644 -2.272579854 0.00368586626561
9 -6.02744506693 -5.52131497807 -2.59275105958 0.00334261972609
10 -6.53329886102 -6.32857394703 -2.82152395599 0.00331999806474
11 -7.10925833958 -7.08592610701 -3.05479258134 0.00664788597217
12 -7.7979755964 -7.7530909954 -3.25463253639 0.00314861904221
13 -8.39391717115 -8.51361769582 -3.09445500649 0.00484727300563
14 -8.84916589937 -9.37587676346 -3.00391464668 0.00387852872036
15 -9.37556228222 -10.1927078794 -2.88377162775 0.00186678965076
16 -9.74512259921 -11.0905060254 -2.75717450425 0.00557523818334
17 -10.1195986146 -11.9878958317 -2.64402170398 0.00409830293899
18 -10.3558850593 -12.9368615871 -2.60220270722 0.00348503782565
19 -10.3983686875 -13.8802545904 -2.85945534232 0.00115283024509
20 -10.2252563825 -14.8350940361 -2.98669082545 0.0054074958253
21 -9.83833445414 -15.6516408067 -3.36247424462 0.00626821284811
22 -9.68191126099 -16.5141785226 -3.79712255076 0.00366891678271
23 -9.54802916307 -17.4176720738 -4.14766448008 0.00459765893363
24 -9.30931571336 -18.3166073886 -4.45057227007 0.00358419637564
25 -8.52571987958 -18.7846912941 -4.80202157359 0.00152710984884
26 -7.68497358427 -19.1115687263 -5.17999712245 0.00212899631462
27 -6.87986983114 -19.2901393555 -5.70579890242 0.0055877832419
28 -6.08923276235 -19.3830522506 -6.27370669777 0.00518792419032
29 -5.44897878286 -19.90730215 -6.79443081629 0.00267300170593
30 -4.83725118571 -20.2016967146 -7.49803009247 0.00218197813458
31 -4.21418672252 -20.4356448312 -8.21418270046 0.00427935035352
32 -3.66943246879 -20.2641773395 -9.00758869343 0.00310462384991
33 -3.29904490707 -20.015118295 -9.87727071399 0.00399079624829
34 -2.8830748798 -19.5991516311 -10.6577512814 0.0107448248075
35 -2.65792702731 -18.9814639677 -11.3804215774 0.00237441118368
36 -2.34300466787 -18.4719097156 -12.1521538668 0.00381876156827
37 -2.07353683386 -17.9711944533 -12.9464162368 0.00324236226843
38 -2.07975863031 -17.2793025484 -13.6356903911 0.00460776711984
39 -2.2944215925 -16.6279131116 -14.3307991146 0.00724223838937
40 -2.75091563787 -15.989333084 -14.911148836 0.00919331433807
41 -3.31722031755 -15.4084327654 -15.4535405611 0.00645395081507
42 -3.88634722073 -14.7167274843 -15.8400877718 0.00586896810516
43 -4.66649264617 -14.2326235531 -16.1692702814 0.00427843401876
44 -5.56046619062 -13.9644833369 -16.4520008603 0.00408271048963
45 -6.46105003774 -13.8960673345 -16.8194974477 0.00181163283101
46 -7.37749298982 -13.7333068457 -17.1097670045 0.00289109065964
47 -8.19750125135 -13.5314894714 -17.5970015638 0.00364757701496
48 -9.1337004319 -13.6205022735 -17.8534038776 0.00540643565978
49 -9.98338828365 -13.8650334297 -18.2633649852 0.00505325918442
50 -10.5306440222 -14.4216840131 -18.8466883799 0.00177968612124
51 -11.0020447266 -15.1340203415 -19.315450059 0.00490186156068
52 -11.6533453513 -15.5728776318 -19.8919284825 0.00646789996833
53 -12.215314757 -16.1691393675 -20.4184689454 0.0040861039546
54 -12.7877005157 -16.8407214951 -20.830207039 0.00660338601391
55 -13.4329262308 -17.5689714144 -20.8593884911 0.00257726000085
56 -13.6361388736 -18.3229171899 -21.4406715769 0.00989179600344
57 -13.7189731981 -19.0862747986 -22.038401824 0.00607546740305
58 -13.9542948152 -19.9238063884 -22.4735784842 0.00495166372688
59 -13.9811363549 -20.8074678841 -22.8788045686 0.00229099239962
60 -13.9553526563 -21.5615517807 -23.4923914562 0.000873484625045
61 -13.6698133218 -22.106766615 -24.2454591411 0.00273874095188
62 -13.3323036754 -22.5458447525 -25.0448602007 0.00404730850254
63 -13.0204768273 -22.9274915229 -25.8830592933 0.00542396471451
64 -12.7652885125 -23.1969495077 -26.7816043937 0.00669962004703
65 -12.6776165792 -23.4574664765 -27.7138302502 0.00438104764994
66 -12.6820809436 -23.5120865918 -28.6840308022 0.00407150757082
67 -12.7118063903 -23.4118976801 -29.6499542158 0.0034094625286
68 -12.5465015264 -23.3521312558 -30.6053137183 0.00186566621177
69 -12.4741640461 -23.3530293473 -31.5739394196 0.00302229700392
70 -12.481505849 -23.2781157716 -32.5422023966 0.00176826005035
71 -12.7294306815 -23.1016457311 -33.4643443117 0.00275808693619
72 -12.4868668998 -22.8836980075 -34.3788674511 0.00431289115704
73 -12.1280737177 -22.7911661502 -35.2760694736 0.00237554172096
74 -11.5118121057 -22.5076287357 -35.9700078544 0.00442638531797
75 -10.9364164618 -22.3321107436 -36.7312709442 0.00339644755695
76 -10.4675558238 -22.1318725243 -37.5566594753 0.00394738856657
77 -10.1440422345 -21.5965167428 -38.2978850336 0.00838687416959
78 -9.87051248995 -21.1403170833 -39.1084688751 0.00344942057955
79 -9.79259444822 -20.7499603923 -39.9923945428 0.00362342072594
80 -9.88008949508 -20.4855671545 -40.9208026319 0.0039291494944
81 -10.0869160346 -20.0788523041 -41.7756573848 0.00992434782229
82 -10.2953114371 -20.0028408394 -42.7184850554 0.00443621389155
83 -10.633102758 -19.9628169153 -43.6250688021 0.00729496960902
84 -11.1458891235 -19.7445507257 -44.4162875995 0.00235788398075
85 -11.7951554144 -19.6797034232 -45.1307708683 0.0040091660656
86 -12.5751125688 -19.6846798965 -45.7028238018 0.00391879721497
87 -13.0370589487 -19.6178350797 -46.5500210117 0.00366738425564
88 -13.6182474364 -19.5424321458 -47.3191733422 0.00594061188395
89 -14.2475165964 -19.2709009157 -48.0007481228 0.00768058537012
90 -14.9337618745 -19.0746206768 -48.6518012631 0.00461902101013
91 -15.6471615519 -19.1359551377 -49.2999414313 0.00348279896277
92 -16.3764118597 -19.3618841539 -49.8910801188 0.00645196839774
93 -16.9477823219 -19.6002614662 -50.6316662282 0.00363102574817
94 -17.6812046158 -19.8692870824 -51.1980281515 0.00619030233675
95 -18.5729125837 -19.9380507885 -51.5588447568 0.00421358569681
96 -19.3978189236 -19.8598262064 -52.0518732275 0.00966344297087
97 -20.3305094146 -19.9760276753 -52.2634772842 0.00723206119697
98 -21.2327645239 -20.0108198178 -52.5982126764 0.00379849359915
99 -21.9997525037 -20.2908385976 -53.1084262172 0.00582871257143
100 -22.3347241951 -20.9542648046 -53.7199921553 0.00759578547693
101 -22.4786362075 -21.5575189575 -54.4030184764 0.00267918766332
102 -22.7143160742 -22.1469790835 -55.1211042343 0.00250330553493
103 -23.0160269676 -22.872153635 -55.6697831377 0.00384753116034
104 -23.4490187838 -23.6561459409 -56.0088161731 0.00302054295217
105 -23.7421647939 -24.4408405689 -56.4725275731 0.00303096312362
106 -24.0877558083 -25.2769084854 -56.784928978 0.00261057440895
107 -24.3556400384 -26.1950240681 -56.8125273105 0.00407455276154
108 -24.6423901398 -27.082764514 -56.6015382573 0.00284323115476
109 -24.5894687769 -28.0003941923 -56.3378635751 0.00801608031321
110 -24.1011164558 -28.7025482776 -55.9117033246 0.00596948771419
111 -23.6118077891 -29.4863880012 -55.6707915827 0.0193384694795
112 -23.072322145 -30.2706772336 -55.6262128628 0.00517077715771
113 -22.2431831852 -30.7145103386 -55.475553933 0.00399447948107
114 -21.4424803825 -31.1996232824 -55.6485034749 0.00333766568134
115 -20.5238519699 -31.2885494352 -55.8807695441 0.00607339420074
116 -19.5943532336 -31.4824268158 -55.9341391465 0.00427888922994
117 -18.7131378356 -31.2637244476 -56.2156667889 0.00327002623426
118 -18.0967647319 -30.8881624117 -56.8340975156 0.00360142920806
119 -18.0113281568 -29.9747041373 -57.0799135548 0.00211859122656
120 -17.7080552326 -29.1462485 -57.4312813489 0.0074683390687
121 -17.0983492717 -28.4307156915 -57.5586340481 0.0047958778279
122 -16.7301344074 -27.5591494083 -57.6188932449 0.00315688291023
123 -15.9839468531 -26.9754528372 -57.5941273611 0.00860291964706
124 -15.3661258114 -26.2630502558 -57.677076119 0.00375025029335
125 -14.744900168 -25.5915628505 -57.9188827155 0.00446083501696
126 -14.325152983 -24.7732380634 -57.6990242605 0.00414576649498
127 -14.0763975788 -23.8638238023 -57.6345122455 0.00457255458879
128 -14.8182642096 -24.2035082057 -58.1104936405 0.00589463733013
129 -15.3198799206 -24.5622177574 -58.8253420078 0.00476794645015
130 -15.8209849412 -24.8088176356 -59.5857729349 0.00458908287627
131 -16.1571689635 -25.0447028487 -60.4346235382 0.00874854286191
132 -16.7222598431 -25.4440376394 -61.0729419906 0.00876862940157
133 -17.1850441635 -25.6332048471 -61.8693264707 0.00478474600385
134 -17.2219562426 -25.6933238021 -62.8064893845 0.00492690682056
135 -17.1011427489 -25.5073689474 -63.7189203484 0.00816637115288
136 -17.061165853 -25.2691675499 -64.6249327624 0.00485034810369
137 -17.1814784047 -25.1542311125 -65.5469145027 0.00323570267412
138 -17.063705123 -25.0422763091 -66.4690326604 0.00560080013381
139 -16.6308817779 -25.0792481679 -67.2971973202 0.00620631111258
140 -16.4209886834 -25.2617072861 -68.1890298076 0.00178872054042
141 -16.1601347867 -25.5388462544 -69.0417404023 0.01046283875
142 -15.7224357471 -25.7547211231 -69.8354237186 0.005269817098
143 -15.4252152738 -25.585327012 -70.7011189438 0.00540627657525
144 -14.9988278382 -25.7426735543 -71.5121080149 0.00316814989339
145 -15.0771331599 -26.4598388937 -72.0968594563 0.0041431876202
146 -15.2343129564 -27.0241976854 -72.8165614319 0.00371088914433
147 -15.0812314965 -27.6527156019 -73.4807050633 0.00416808224388
148 -15.0563085082 -28.4738099143 -73.9079081051 0.00250214867359
149 -14.7949444889 -29.2445250625 -74.3483780845 0.00523555839432
150 -14.3477344219 -30.0440135067 -74.2276523534 0.00294014031687
151 -13.8870163411 -30.6860071128 -73.7495563977 0.00462067176597
152 -13.2331370124 -31.2926602294 -73.5149900414 0.00594149864535
153 -12.5865128827 -31.6260244477 -72.9498899837 0.00784229748755
154 -12.3084981132 -31.6735632836 -72.0743792728 0.00715182448524
155 -11.9859362962 -31.1026675432 -71.4325999746 0.00479718220374
156 -11.7231061105 -31.1114588145 -70.5544059023 0.00708761547864
157 -11.8012899587 -30.8681835381 -69.6760338668 0.00505100390364
158 -11.5664756632 -30.1832980607 -69.1202819032 0.00781354226537
159 -11.8752815212 -29.3288885671 -69.1723782223 0.00394444558787
160 -12.5430324084 -28.7358905495 -69.3409853582 0.00461822255139
161 -13.0913513267 -29.1325051737 -69.9461851507 0.00511284734988
162 -13.3681343642 -28.703793793 -70.6954310911 0.00806729034151
163 -13.4025010689 -28.4141659825 -71.5511952576 0.00536986120257
164 -13.0305573981 -28.2156635422 -72.3487312096 0.00294887843856
165 -12.6337397707 -28.118027836 -73.1518294332 0.00573553334921
166 -12.0809735936 -27.489141456 -73.4769340054 0.00401061590744
167 -12.1633938475 -27.07169927 -73.3687070048 0.0025633362433
168 -12.6866502461 -26.4261353167 -73.2881584491 0.00751591127762
169 -13.3600302937 -25.9694147807 -73.4444886246 0.0153556489094
170 -13.6865548165 -25.5336554193 -74.0508572538 0.00455372147758
171 -13.9226299538 -25.043036145 -74.6510151815 0.0068842547155
172 -14.2300318902 -25.2145504362 -75.3731413382 0.00514513557999
173 -14.1116400647 -25.7781469907 -75.9198749985 0.00710797483191
174 -13.5628907057 -25.7276725248 -76.4794096665 0.0112456570963
175 -12.9565563221 -25.7049379413 -76.953235295 0.0191213730079
176 -12.9713761908 -25.4199288331 -77.6366261613 0.0139048296041
177 -13.4331971956 -24.8823287483 -77.7215023651 0.00609419254381
178 -13.3522119762 -25.5689757692 -77.603570022 0.0134513049539
179 -13.8349037865 -25.9329239527 -77.312617885 0.00542860000966
180 -13.4817082279 -26.4539212066 -77.1246128206 0.00745092556056
181 -13.4237422104 -26.1049024205 -77.6546643453 0.0173847585987
182 -13.6992119698 -26.4966408454 -77.325422969 0.015363011627
183 -14.0262900573 -26.255981365 -77.6524716689 0.00736626227062
184 -13.9923781455 -25.8625191588 -77.9398148671 0.0128569195827
185 -13.9204433793 -25.5228628231 -77.6949890305 0.00813506110487
186 -13.8783924162 -25.1818887306 -77.8498459837 0.0103413143832
187 -13.6924165394 -25.0254510804 -77.6575600624 0.00771185220048
188 -13.4705472697 -25.0727583469 -77.7908150744 0.00646751134191
189 -13.6768563098 -24.9878498979 -77.8323625125 0.0203287541409
190 -13.5871007165 -24.9341859793 -77.900599269 0.0146635637232
191 -13.6247556613 -24.9615584508 -77.8535239603 0.0101138304618
192 -13.6176921884 -24.9721377742 -77.8229627717 0.011513224829
193 -13.6138727082 -24.968404631 -77.8280905733 0.00693994302709
