98 9.49062140333 -8.2046435958 -2.80958820643 0.00340162819317
97 9.48805456901 -8.20425918695 -2.80875947592 0.00670086315062
96 9.49480080658 -8.20321455977 -2.7977201366 0.00720492157903
95 9.51787302398 -8.19697153934 -2.8160344972 0.00620038288396
94 9.55170647491 -8.16213951118 -2.8166684735 0.00652071466053
93 9.59199261848 -8.12367096521 -2.86160253265 0.00830471536129
92 9.65844803531 -8.11671302401 -2.94082039288 0.0045310919425
91 9.54085123431 -8.08076573491 -2.9336895641 0.00692732432841
90 9.42102335891 -8.01416969199 -2.85948479581 0.00595558940341
89 9.55780233745 -8.11430563447 -2.78379438878 0.00273146647762
88 9.42898502182 -8.10444183004 -2.93630221868 0.0104578582196
87 9.22884204326 -8.26502606356 -2.94590714155 0.00603115525866
86 9.29530512446 -8.54853073081 -2.97393141342 0.014603350414
85 8.99373513144 -8.74412881098 -2.83106095431 0.0118602215967
84 8.75042074875 -8.66188502403 -3.2025071113 0.0106598863504
83 9.2114900119 -8.48067021565 -3.12157829519 0.0159962899528
82 9.46787742602 -8.91108927402 -3.38829486509 0.00633300127621
81 9.45784421065 -9.44601729277 -3.13929620701 0.009419224085
80 8.93448489557 -9.70333031924 -2.92701784546 0.00930840984465
79 8.32696384775 -9.49515644032 -2.84467899004 0.00509925875909
78 8.10160957206 -9.29486877701 -3.4341943726 0.00873122311236
77 7.43802710262 -9.22394424895 -3.29139276447 0.00584560268387
76 6.75448967225 -9.31037648605 -3.19562355155 0.00832740465307
75 6.41213652566 -9.30472954379 -2.56900344913 0.00700287209259
74 5.79187687767 -9.67520282916 -2.49539408575 0.0106988248072
73 5.78459538658 -9.9855221906 -1.81685293787 0.0121656600704
72 6.02295482888 -10.1678725299 -1.11282911331 0.00745907866895
71 6.5602487051 -9.93893756576 -0.602860501992 0.00540655255491
70 7.22198703729 -9.62723088141 -0.879749532606 0.00796834698836
69 7.92735851523 -9.8420652742 -1.16929079762 0.0202395729375
68 7.78578767642 -9.96967674097 -1.96487135986 0.00436124072926
67 7.3706040899 -9.75686917448 -2.64145712394 0.00515272647608
66 6.84072734477 -9.68692522292 -3.27180818693 0.00417858443347
65 6.12395177836 -9.27003976665 -3.26403669858 0.00304791323129
64 5.55698490956 -8.73387730895 -3.55276863581 0.00557355813663
63 5.44006628479 -7.96050843149 -3.84983871446 0.00515796122579
62 5.79973358266 -7.32022661589 -4.25954121181 0.00650586563014
61 5.91990942503 -6.53306193016 -4.54432060305 0.00526572938071
60 5.31823900363 -6.5648902274 -3.94466688383 0.00692429435644
59 5.21031002806 -5.90453326358 -3.41294355604 0.00454788159382
58 4.93327459783 -5.25815096233 -2.92215695178 0.00517911541696
57 4.97754649144 -6.11640470158 -2.8808315773 0.00833721483896
56 5.71423032624 -6.51607003425 -3.09690854195 0.00397041422848
55 5.67589258131 -7.13871545244 -3.70105586979 0.00600085557559
54 4.91592418891 -7.36299794614 -4.06347694851 0.00471788457347
53 4.10971771885 -7.61112943831 -4.2911426885 0.00115477851226
52 3.45933620748 -7.89049319555 -4.80501875054 0.0104828767777
51 2.73935176581 -8.16138988838 -5.23207010613 0.00436402919291
50 2.09115688657 -8.55661912955 -4.78315913673 0.0072798016532
49 1.2405523814 -8.4447677151 -4.5656361277 0.0059404978829
48 0.381746905555 -8.29847136175 -4.39531447159 0.00265884113343
47 0.288582476843 -7.8095845914 -3.65787388811 0.00510137768599
46 0.212414121867 -7.485858001 -2.83016045069 0.00482921659175
45 1.05818427282 -7.22015250164 -2.72373565754 0.0122888868618
44 1.85727171743 -7.60484755682 -2.58503926718 0.00443958883756
43 2.29048806708 -7.9839084706 -3.27684789582 0.00411956062029
42 2.56000330133 -8.72662607841 -3.70990914365 0.00504288559475
41 2.68117813719 -9.62073165905 -3.69086627823 0.004471784281
40 2.79354362851 -10.3633228126 -4.19467400576 0.0060395046477
39 2.56410615143 -10.5746791942 -5.04638441254 0.00471910859932
38 2.45912727845 -11.0135779811 -5.83474836255 0.00642001490604
37 1.97439790194 -11.6091360883 -6.32273604995 0.00368509096011
36 1.88200438448 -11.6299766008 -7.22955074793 0.00126714932717
35 1.92482893792 -12.2222598985 -7.92126005097 0.00310435380408
34 1.51136489923 -12.609163638 -8.63693330371 0.0102863456223
33 1.09505847828 -12.8010765451 -9.42957173677 0.0035391138472
32 0.44473998534 -13.1849641937 -9.94824083402 0.00530016232786
31 -0.207609126958 -13.4649840238 -10.529686829 0.00525455427417
30 -0.726274817011 -13.2055268287 -11.2428575595 0.00521595389292
29 -1.17396570377 -12.5876519204 -11.7572311113 0.00414034712306
28 -1.43194005633 -11.8364882257 -12.2238568176 0.00864169709877
27 -2.28109542306 -11.5459247995 -12.008359852 0.00610990641613
26 -3.12654874293 -11.1861469862 -11.9073433153 0.00373008109807
25 -3.98464515377 -10.8533813224 -12.0017529322 0.00257433863505
24 -4.70134034214 -10.4378759639 -11.5881273099 0.0039369254562
23 -5.26212974743 -10.0175784772 -10.9812858863 0.00274902335786
22 -5.81826987504 -9.50004301808 -10.4491651514 0.00891966791699
21 -6.49634085266 -9.03643934135 -10.014658434 0.0135812391845
20 -7.29131179866 -8.76313006702 -9.61250875009 0.000755972961052
19 -7.60305838746 -8.42400808845 -9.36340362599 0.00715572427526
18 -8.26921040901 -7.90787548052 -8.92544418515 0.00360146939519
17 -8.77921776934 -7.20682116736 -8.53674426285 0.00269790537531
16 -9.00206362959 -6.4076879122 -8.07298110986 0.00465534131574
15 -9.03367342127 -5.46611935764 -7.94465913991 0.0149549278719
14 -9.27914392883 -4.68335027256 -7.46049221299 0.0021699264858
13 -9.07932078125 -3.97912104059 -6.85043395168 0.00213939112529
12 -8.83960742144 -3.11526449007 -6.52741922973 0.00522601948552
11 -8.16675716167 -2.46712118769 -6.33731272463 0.00298119015095
10 -7.47953740409 -1.8452216886 -6.11254929998 0.00506565157471
9 -6.69261913087 -1.43528642692 -5.76137516736 0.00470701618664
8 -5.8207102352 -1.17617771222 -5.47144248594 0.0039100779295
7 -5.01448651526 -1.22767318446 -4.96179083327 0.00267808526441
6 -4.4811249493 -1.21530202064 -4.16883176149 0.00430031271787
5 -4.08757982549 -1.12924741593 -3.30161398699 0.00501778056848
4 -3.70222149541 -0.87890729576 -2.46257788758 0.00391794184797
3 -3.00427265129 -1.08886473039 -1.84277536779 0.00514376415796
2 -2.12307372609 -1.01139542566 -1.47756817178 0.00543149825771
1 -1.37964552299 -0.925395903219 -0.880050106595 0.00620697345368
0 -0.746380334382 -0.533605822726 -0.277049890381 0.00519000868105
0 0.543803129316 0.322627824844 -0.76025534237 0.00285396400009
1 1.07026260125 0.615646626584 -1.54430704406 0.0040449294345
2 1.37442426625 0.83622937399 -2.1486395752 0.00498308768407
3 1.74705822221 1.38076092984 -2.88439843429 0.0377232248795
4 2.08373268677 2.03499064842 -3.54354893636 0.00295861332566
5 2.50982014851 2.72754413088 -4.10439483861 0.00368216063195
6 3.04005821874 3.47830252406 -4.46602721281 0.00449239131302
7 3.53071069035 4.31801972928 -4.63795285664 0.00293870355375
8 4.13024344405 5.10063363908 -4.69643804428 0.00213883266845
9 4.69701729798 5.89166270149 -4.86480103779 0.00202447444855
10 5.34055661926 6.6364107246 -4.94515645145 0.00624604540331
11 5.92892456784 7.26614431284 -5.4272963945 0.00183461330009
12 6.29320639548 8.05233363354 -5.9009617906 0.00284243161042
13 6.36471781293 8.92325371775 -6.36081601307 0.00220947640503
14 6.42340470003 9.82737079107 -6.75341385943 0.00291429776822
15 6.43434207152 10.7568809222 -7.08629301975 0.00443693451065
16 6.73559651719 11.4558364449 -7.71529357395 0.0110477608857
17 7.09855160347 12.1900806615 -8.26645476275 0.00748974644823
18 7.28681807231 12.9937218329 -8.80789642127 0.00570093909198
19 7.52906623138 13.8877496117 -9.148856709 0.00161150003504
20 7.57138827278 14.0907428251 -9.20426449521 0.000583991817539
21 7.72163275092 15.0361265725 -9.44087865591 0.00395301517793
22 7.90361268067 15.9756630216 -9.67827002555 0.0013799044991
23 8.24461681679 16.8881057271 -9.83094658552 0.00529134082629
24 8.55858781854 17.8207287321 -9.89114387327 0.00447262124243
25 8.69031578728 18.7976058327 -9.87639860327 0.00212420493187
26 8.88813724172 19.7622783516 -9.9219224762 0.00621082897944
27 9.00470927511 20.7214953629 -10.1167340528 0.00331156778378
28 9.10246371907 21.6930403043 -10.2511840031 0.00569983107883
29 9.36000676472 22.6345959702 -10.3872383681 0.00504490671112
30 9.78465639538 23.481349498 -10.6591325842 0.00191298266165
31 10.1121761349 24.2799633077 -11.1347491852 0.00295416361576
32 10.3769910673 25.0959808063 -11.619692341 0.00316043614768
33 10.7538704157 25.8454840714 -12.1367128815 0.00330103969822
34 11.0165305716 26.6356833699 -12.6635948882 0.00314745992424
35 11.2302509964 27.4538216871 -13.1694384799 0.00290455730402
36 11.6989738437 28.2394272212 -13.5353319525 0.00429508017528
37 11.9958568737 29.1678490173 -13.6783717251 0.00468201399851
38 12.179410041 30.1311122089 -13.7724428485 0.00312061081487
39 12.295684694 31.0964384777 -13.9304117848 0.00345978524607
40 12.3158074411 32.0765796029 -14.025970671 0.0208514276273
41 12.1330052402 33.0419840148 -13.96173754 0.00481953640272
42 11.9218647643 34.002197885 -13.9088214411 0.0039818476331
43 11.7685996402 34.9616751985 -14.0675218408 0.00580294204866
44 11.5445483187 35.8960501904 -14.2816172112 0.00549521968518
45 11.1969114354 36.7966020678 -14.4741264648 0.0208744519353
46 10.8914763808 37.7189471923 -14.6296128681 0.00219618526953
47 10.4369483081 38.4120963077 -15.159896479 0.00311836849369
48 9.98964330089 39.1218117355 -15.6740528406 0.00394639080831
49 9.64828416868 39.9156632646 -16.1444210992 0.00271429654608
50 9.05026846134 40.5777137401 -16.5590486463 0.00409961987585
51 8.41078873586 41.1639226362 -17.0228948015 0.00501205928329
52 7.91611364704 41.7586774992 -17.6305124487 0.00608843910258
53 7.2180742888 42.1609396264 -18.1947061152 0.00388657290012
54 6.41710496135 42.4705596543 -18.6740602637 0.00383287164591
55 5.66332908003 42.6639773283 -19.2753448356 0.00313756788565
56 4.98080007938 42.6903888581 -19.9828421311 0.0018313120718
57 4.3002863415 42.7722014648 -20.6879904881 0.00321329741198
58 3.48780822609 42.7710425866 -21.2417736381 0.010398053007
59 2.85230424952 42.5675614568 -21.9637584292 0.00283699840044
60 2.17294891071 42.4543568159 -22.6652342633 0.00578346797407
61 1.3729394209 42.284171844 -23.2102970298 0.00562589062899
62 0.593821038577 42.0741319726 -23.7712976828 0.00400648155367
63 -0.102282171647 41.9144667829 -24.4463818122 0.00612959400446
64 -0.896835756824 41.6550474884 -24.9629309698 0.00811864525797
65 -1.67854416048 41.4477622297 -25.5206975509 0.00228142413331
66 -2.42171716566 41.2405795428 -26.1288517453 0.0030146193184
67 -3.16268453085 41.0000722707 -26.7272467593 0.0069666005718
68 -3.80026525148 40.7372579543 -27.4266521247 0.00400538240716
69 -4.33919466474 40.739470031 -28.2477778924 0.00293976704373
70 -4.59873415352 40.2098756197 -29.0330861876 0.00527972665506
71 -5.01262782851 39.7798033112 -29.8128580633 0.00832442687143
72 -5.26443349309 39.0580103602 -30.4288348857 0.00410544843601
73 -5.76525058996 38.2941103967 -30.7881720203 0.00335692107015
74 -6.19832921732 37.5590628468 -31.2735107942 0.0116171343359
75 -6.89083732928 36.8674626982 -31.3432810243 0.005057168593
76 -7.36062978202 36.0109730912 -31.4340657897 0.00331509306968
77 -7.71421220628 35.1175686471 -31.6320539505 0.00867271255941
78 -7.81906111479 34.1608517983 -31.8209764123 0.00398339777241
79 -7.88659435366 33.2801696225 -32.2472885787 0.00789639467582
80 -7.86481761242 32.3363495224 -32.5122219703 0.00413254013794
81 -7.86751422696 31.3689854371 -32.6717019279 0.00566145344198
82 -7.64486013243 30.4144896601 -32.6892850693 0.0202409110829
83 -7.25853055387 29.5213663121 -32.5750948287 0.00428836457589
84 -6.84229311736 28.6442781151 -32.4439129646 0.00682831526664
85 -6.28829237429 27.8389380449 -32.5063557802 0.00240496169782
86 -5.67076380943 27.0992427526 -32.6818351998 0.00664015034473
87 -5.10573277658 26.356633387 -32.9789056974 0.00614246028981
88 -4.47697863263 25.6062039993 -32.9897558209 0.00552618122876
89 -3.8242025161 24.8799577593 -33.0586934823 0.00593796859172
90 -2.9193844176 24.5159790611 -32.9761845511 0.00484852841083
91 -2.6407453768 23.8955899057 -32.2722286565 0.0109568060253
92 -2.3375509325 23.6377415487 -31.3782006032 0.003570935197
93 -2.21957391965 23.5426144196 -30.4114361999 0.00286241185556
94 -2.07460101603 23.6236556263 -29.447147286 0.00606845782364
95 -1.99026605832 23.9894783521 -28.5437802906 0.00134568939724
96 -1.72591041048 24.2259673513 -27.6321145413 0.00120829505594
97 -1.49812841392 24.3240116649 -26.6858441239 0.00389284024593
98 -1.25021446137 24.4352689976 -25.7462415283 0.00599635452883
99 -0.913669789877 24.5386156295 -24.8339016963 0.00511387839459
100 -0.468689832632 24.6522367867 -23.9707546915 0.00381102536625
101 0.112838267916 24.8992012779 -23.2248315417 0.0043410149548
102 0.658379430589 25.683397477 -23.0190931682 0.00490816534953
103 1.20428348918 26.4915917265 -22.9608936046 0.00636282291649
104 1.79263359597 27.2713468279 -22.9632396317 0.00529594785793
105 2.12981185109 28.1833121183 -23.0553469891 0.00219053625947
106 2.09030567948 29.1302285808 -22.8196755904 0.0028119358432
107 1.77297849304 30.0127137848 -22.5474405836 0.00317192329859
108 1.31021745063 30.8097549671 -22.2249701646 0.00413095604433
109 0.747865227367 31.5275723205 -21.8761784031 0.00872967828567
110 0.069067502896 32.0839706794 -22.303133405 0.00443920269174
111 -0.662900393398 32.6344869283 -22.6399416273 0.00652650334825
112 -1.29922375006 33.2509672288 -23.0485186494 0.00430059803866
113 -1.74643715762 33.87149024 -23.6540898147 0.0117283703
114 -1.6658510549 34.4706857346 -24.4193426603 0.0117481836585
115 -1.54031697082 35.080186376 -25.16970356 0.00365313447437
116 -1.77517249425 35.4979318185 -26.0185242783 0.00279274112762
117 -2.13615489637 35.9598332701 -26.7971140619 0.00444068522164
118 -2.48519424516 36.6573461662 -27.3810260906 0.00938417255069
119 -2.72082072354 37.3607161942 -28.0122211025 0.00295376336888
120 -3.25183609563 38.0953845177 -28.3678546191 0.00643649867367
121 -3.83097050042 38.7589935937 -28.782538089 0.00457326413675
122 -4.5089678195 39.2242155622 -29.303458613 0.0039611857908
123 -5.16074225621 39.7646315593 -29.7833148729 0.003493719049
124 -5.81090759466 40.2154848257 -30.3498338456 0.00350665554767
125 -6.53520651764 40.4799807002 -30.9432215546 0.00422610274079
126 -7.4365900687 40.4676792192 -31.3085831017 0.00428205100742
127 -8.2952198514 40.2225816066 -31.6939124238 0.00394788556204
128 -9.15440431044 40.1426157445 -32.1421617046 0.00493557360256
129 -9.77639141832 40.0691082124 -32.8859155516 0.00613670620005
130 -10.1826667672 39.8634610019 -33.7448397416 0.00367326240726
131 -10.7420907197 39.7447513395 -34.5307323634 0.00216080123247
132 -11.2807355957 39.4449450583 -35.2820086127 0.00530714996104
133 -10.6755220488 39.9262175352 -35.8701075341 0.00280678764985
134 -10.1099479224 40.4998333557 -36.4128427802 0.00736098803934
135 -9.59154394388 41.1972844667 -36.8458898607 0.00361974104829
136 -9.24130039143 41.4142572985 -37.1321512435 0.00328665664734
137 -8.57782874076 41.7322138641 -37.7622046776 0.00255204235025
138 -7.88159737157 42.2251691294 -38.2205225558 0.00383637008258
139 -7.31754237842 42.6816314422 -38.8616940173 0.00367473179051
140 -6.87287233161 42.3330356765 -39.6479551343 0.00269446801583
141 -6.37718127149 42.0715592364 -40.4373222785 0.00452672990514
142 -6.060210103 41.7887554111 -41.3070335705 0.00419325640261
143 -5.5003357182 41.556454084 -42.0612015619 0.00554619364676
144 -4.85239860934 41.4795169497 -42.775192498 0.00547271981748
145 -4.62601100749 41.2485703529 -43.6866152091 0.00231431842248
146 -4.23393362798 40.9369557563 -44.5136758694 0.00344981777848
147 -3.67376658033 40.8784130438 -45.2992844527 0.00333878956111
148 -3.13219933523 41.1204019637 -46.0622543801 0.00307726296154
149 -2.50428982139 41.5258927485 -46.6743777851 0.00300247578462
150 -1.94696796013 42.050262011 -47.2638167177 0.00175446347662
151 -1.69678355295 42.5888000186 -48.0256935185 0.00282874275487
152 -1.37296103946 43.2013513295 -48.698384295 0.0041304974377
153 -0.894552577369 43.6501890751 -49.2518036723 0.00255139770822
154 -0.825155489539 44.5073401901 -49.6502400737 0.00479918245994
155 -0.727352759669 45.4262326204 -49.8576861842 0.00235268468413
156 0.136380849629 45.6724639371 -49.5579874904 0.00540163188031
157 1.06212415678 45.7603525829 -49.3837403202 0.00451418291128
158 1.92573790102 45.9203832794 -49.7340298669 0.00401604076726
159 2.71928628591 46.1886576136 -50.1717200624 0.00195869515103
160 3.47550878726 46.695004389 -50.4252736542 0.00383883140861
161 4.16627002546 47.078015224 -50.9430398299 0.00496732522206
162 4.9064674123 47.2651327561 -51.4978489322 0.0049103055755
163 5.72660623081 47.1549675905 -51.9500401895 0.0327318768707
164 6.54153816825 46.8070257631 -52.2575118012 0.0049790809512
165 7.46518383997 46.864141953 -52.4046803551 0.0098749914275
166 8.30210850544 46.7877401231 -52.8156711256 0.00735832367277
167 9.02191904779 46.7076683905 -53.4060889243 0.00346811379727
168 9.55683415047 46.326882304 -54.0701827229 0.0080262085007
169 9.70333076308 46.1616301037 -54.9764955626 0.00173699306841
170 10.2667330002 46.1606851492 -55.7191810845 0.00472441574273
171 10.4270264688 46.6558716871 -56.4915217005 0.00734428080115
172 11.1034060516 47.1116818263 -56.9371947035 0.00392663370748
173 11.4762398617 47.7494046444 -57.50017989 0.00103838363417
174 11.7872688703 48.3000832354 -58.1803116376 0.00662029096804
175 11.2402479188 48.8853764246 -58.6468570919 0.00545256069778
176 11.2287763955 49.3972993475 -59.4188187568 0.00543268087469
177 11.9100480621 49.9982084681 -59.5903188959 0.00396832758591
178 12.7386101535 50.3086502165 -59.8552145606 0.00786399256329
179 13.520677675 50.7866357547 -59.9522671469 0.00661334979846
180 14.1362281498 51.4300046892 -59.7202492913 0.00433132492469
181 14.4633986976 52.2614945721 -59.9352621829 0.00692249544991
182 14.5559953926 53.1530250557 -60.1300639101 0.0112406989209
183 14.5820315083 54.0392095304 -60.3532253615 0.0144703534598
184 14.4830479914 54.6836430404 -60.9887926147 0.00553221853328
185 14.0466201594 55.0658488833 -61.6885320753 0.0033069177848
186 13.7012803115 55.7541586915 -62.1687438104 0.00709600242497
187 13.1960558069 56.3526384067 -62.6226003523 0.0241411973665
188 13.0659149002 57.2128563889 -62.8387024842 0.00603539586631
189 12.6954206109 57.196168712 -62.0240520462 0.00352609936251
190 12.3229082363 56.8730856011 -61.2789009609 0.00378328171059
191 11.866385238 56.8494174848 -60.5128816319 0.011394793768
192 11.7376215753 57.0576019307 -59.659852598 0.00568762100401
193 11.474029218 57.1803017977 -58.824125121 0.0100795180248
194 11.2368448947 57.2741056687 -57.9817758611 0.00800163798388
195 11.3253385177 57.57897698 -57.1652991638 0.00845824845115
196 10.9816405355 57.8120258812 -56.3992412624 0.00510805592312
197 10.2265583768 57.8288038099 -55.9719750327 0.00723230580401
198 9.57687579431 57.451320669 -55.5464721832 0.00301212331439
199 8.75111078377 57.4396852742 -55.3014494549 0.00540607006801
200 8.1704056744 56.9364143269 -54.9193444751 0.00462960492652
201 7.46984688443 56.4465306893 -54.9265091466 0.00712928991366
202 6.73068168839 56.2273197989 -55.2850369396 0.00551957564696
203 6.44667594701 55.5637719023 -55.7272213827 0.00814832041354
204 6.63617124315 54.9633038453 -56.2840200158 0.0156651963561
205 7.13148463248 54.3883978277 -56.6127872208 0.0044380870787
206 7.59711990029 54.3545053774 -57.2915213138 0.0112876641538
207 7.29862798513 54.4378813488 -58.0432641516 0.00406559705865
208 7.30817589962 54.2267636357 -58.8241995461 0.00860845327594
209 7.52079298754 53.7221389848 -59.4020074922 0.0139122504013
210 8.14657170635 53.9184720559 -59.8207165419 0.00943054294983
211 8.66923290842 53.8715523593 -59.2638872054 0.00597786113542
212 8.77671807238 53.9493631533 -58.5188781553 0.00957612155288
213 8.25406787661 53.5035372552 -58.2444888606 0.00809131174861
214 8.22249918883 53.1227442056 -57.6268066848 0.0126366365169
215 8.01519947108 52.45526519 -57.5851310214 0.00974760954479
216 8.18454821063 51.7996712095 -57.6242804803 0.00437076763103
217 8.84035678922 51.7448694914 -57.5119419741 0.00300258884249
218 8.70158762224 52.3024331855 -57.8372575904 0.0115187260334
219 8.82574285487 52.7905814765 -58.2130562918 0.0310268402868
220 8.58918701226 53.2481714689 -58.2445633749 0.00904737434798
221 8.427659564 53.6585614489 -58.4204144207 0.0161700493411
222 8.4169231948 54.0431301886 -58.4851153209 0.012794316573
223 8.2266754411 53.8045261642 -58.4526503236 0.00944621219403
224 8.17652282554 53.5758224817 -58.5418505176 0.00560792378079
225 8.00315124004 53.5827927473 -58.6767364532 0.0136232695308
226 8.04669077812 53.6917950962 -58.583089261 0.0067224829082
227 7.93739437431 53.7119342029 -58.5413543421 0.00446104408866
228 7.91858635318 53.633049079 -58.5998321465 0.00471430533754
229 7.86827951538 53.5713701179 -58.6180305918 0.00658277949567
230 7.89401194857 53.6154802829 -58.6443842531 0.0127069192355
231 7.90427028003 53.6008972039 -58.6541858407 0.0054326009277
232 7.89744087966 53.6019074374 -58.6481875443 0.00798198487237
