0 1.0 -1.0 -1.0 0.00554816040623 1
1 -1.0 -1.0 -1.0 0.00393181615881 0
2 -1.0 -3.0 -1.0 0.00197822055857 0
3 -1.0 -3.0 -3.0 0.0037794053634 0
4 1.0 -3.0 -3.0 0.00413205144738 1
5 -1.0 1.0 1.0 0.00588789759948 1
6 -1.0 -5.0 -3.0 0.00610912508818 0
7 1.0 -5.0 -5.0 0.01287704827 1
8 -1.0 1.0 3.0 0.00523240014267 1
9 1.0 -7.0 -5.0 0.0480530275778 1
10 1.0 -7.0 -7.0 0.0043872236504 0
11 -1.0 3.0 5.0 0.0197927172282 1
12 1.0 -9.0 -7.0 0.0102917952786 1
13 -1.0 5.0 7.0 0.00413637881987 1
14 -3.0 5.0 7.0 0.00612159455531 0
15 1.0 -11.0 -9.0 0.0149420627338 0
16 3.0 -11.0 -9.0 0.00540126260506 1
17 -3.0 5.0 9.0 0.00746031859272 0
18 -3.0 7.0 9.0 0.00297172169868 1
19 3.0 -11.0 -11.0 0.00252735168711 0
20 3.0 -13.0 -11.0 0.00373834684811 0
21 5.0 -13.0 -11.0 0.00484082331069 1
22 -3.0 7.0 11.0 0.0066399256673 0
23 -5.0 9.0 11.0 0.0102162924233 1
24 7.0 -13.0 -13.0 0.0113704953103 1
25 -5.0 11.0 13.0 0.00804221481566 1
26 9.0 -13.0 -15.0 0.0195932592354 1
27 -5.0 13.0 13.0 0.00901408042054 1
28 -7.0 13.0 15.0 0.00416083474691 0
29 11.0 -11.0 -15.0 0.00875751705135 0
30 11.0 -13.0 -15.0 0.00246042762747 1
31 -7.0 15.0 15.0 0.0132356775315 1
32 13.0 -13.0 -17.0 0.00972103819351 1
33 -9.0 17.0 17.0 0.00907565011025 1
34 13.0 -13.0 -19.0 0.0171843578634 1
35 -11.0 17.0 17.0 0.00886990101381 1
36 13.0 -13.0 -21.0 0.0440792493109 1
37 13.0 -11.0 -21.0 0.00314989915475 0
38 -13.0 17.0 17.0 0.00738899389464 1
39 13.0 -11.0 -23.0 0.00678644122896 0
40 15.0 -11.0 -23.0 0.00233339396534 1
41 -15.0 17.0 17.0 0.0160082732589 1
42 15.0 -11.0 -25.0 0.0173405808683 1
43 -17.0 17.0 19.0 0.0177996340544 1
44 15.0 -11.0 -27.0 0.00509438965144 1
45 15.0 -9.0 -27.0 0.00904124704393 0
46 -17.0 17.0 21.0 0.00323188752335 0
47 -19.0 15.0 21.0 0.0130574375308 1
48 -17.0 15.0 21.0 0.116005709037 0
49 17.0 -9.0 -29.0 0.00733384615465 1
50 -19.0 15.0 23.0 0.0109300065407 0
51 -21.0 15.0 23.0 0.0053447562918 1
52 17.0 -9.0 -31.0 0.00363308959025 0
53 17.0 -7.0 -31.0 0.0105018689519 1
54 19.0 -7.0 -31.0 0.00705194170315 0
55 -21.0 13.0 25.0 0.00219395794759 0
56 -23.0 13.0 25.0 0.0340871658216 1
57 19.0 -5.0 -33.0 0.0104582488026 1
58 -23.0 13.0 27.0 0.00565505482051 0
59 -25.0 13.0 27.0 0.0131525798221 1
60 21.0 -3.0 -33.0 0.00238431979158 0
61 21.0 -3.0 -35.0 0.0105071631666 1
62 -27.0 13.0 25.0 0.00923113171806 1
63 -27.0 11.0 25.0 0.00347638925039 0
64 21.0 -3.0 -37.0 0.00755337956876 1
65 19.0 -1.0 -37.0 0.0053715997931 0
66 19.0 -3.0 -37.0 0.0102595980403 0
67 -29.0 11.0 23.0 0.0120004882182 1
68 19.0 -5.0 -39.0 0.0093699703577 0
69 21.0 -3.0 -39.0 0.0190387221134 1
70 17.0 1.0 -35.0 0.0067653883186 0
71 17.0 -1.0 -37.0 0.00533404316596 0
72 -29.0 11.0 21.0 0.00455470974948 0
73 -31.0 11.0 21.0 0.00605023927605 1
74 19.0 -7.0 -41.0 0.00728868342932 0
75 21.0 -7.0 -41.0 0.00572298857792 0
76 21.0 -5.0 -41.0 0.0228516794744 0
77 21.0 -3.0 -41.0 0.014258872063 1
78 23.0 -5.0 -41.0 0.00466663377698 0
79 23.0 -3.0 -41.0 0.015533037362 0
80 15.0 3.0 -35.0 0.00452135484302 0
81 15.0 3.0 -37.0 0.00414888945647 0
82 15.0 1.0 -37.0 0.00464676801 0
83 15.0 1.0 -35.0 0.00539186998482 0
84 -33.0 11.0 21.0 0.00951224734373 1
85 23.0 -3.0 -43.0 0.0130324460831 1
86 25.0 -3.0 -41.0 0.00646565571073 0
87 25.0 -1.0 -41.0 0.0120802447114 0
88 25.0 -1.0 -43.0 0.00778173393268 0
89 15.0 5.0 -35.0 0.00941943792396 0
90 -35.0 11.0 21.0 0.00661769933468 1
91 23.0 -1.0 -45.0 0.0390931976118 1
92 25.0 1.0 -41.0 0.00563617332334 0
93 27.0 1.0 -41.0 0.0134616053813 0
94 17.0 7.0 -37.0 0.015989801813 0
95 15.0 7.0 -35.0 0.00472993534482 0
96 -37.0 11.0 21.0 0.00749401699059 1
97 -37.0 9.0 19.0 0.00699436201457 0
98 -37.0 9.0 21.0 0.00440572306104 0
99 25.0 -1.0 -47.0 0.00795463149348 0
100 25.0 1.0 -47.0 0.00954823484067 1
101 25.0 3.0 -41.0 0.00562594972762 0
102 19.0 7.0 -39.0 0.00792992351476 0
103 19.0 7.0 -37.0 0.00177941021633 0
104 -39.0 9.0 21.0 0.00515726710128 0
105 -39.0 9.0 23.0 0.00862162036057 1
106 25.0 1.0 -49.0 0.00263933607626 0
107 25.0 3.0 -49.0 0.0153117728899 1
108 25.0 5.0 -41.0 0.0399135148941 0
109 21.0 7.0 -39.0 0.00463464256582 0
110 -41.0 9.0 23.0 0.00609605441397 1
111 -41.0 9.0 25.0 0.00693347755351 0
112 25.0 3.0 -51.0 0.00489982723788 0
113 25.0 5.0 -51.0 0.00871667232555 0
114 25.0 5.0 -49.0 0.00613224421282 1
115 23.0 7.0 -41.0 0.00932292704659 0
116 -43.0 9.0 25.0 0.0190719128477 1
117 25.0 7.0 -49.0 0.0116269721622 0
118 23.0 7.0 -51.0 0.0157107911898 1
119 -45.0 7.0 25.0 0.0490613474368 1
120 -45.0 7.0 27.0 0.0133094002289 0
121 25.0 9.0 -49.0 0.0126819839753 0
122 23.0 9.0 -51.0 0.0353742221953 0
123 21.0 7.0 -51.0 0.0090019188064 0
124 21.0 5.0 -51.0 0.00979141423323 0
125 21.0 9.0 -53.0 0.00790496519967 0
126 21.0 9.0 -49.0 0.00325030014591 0
127 21.0 9.0 -51.0 0.0146047645021 1
128 -45.0 5.0 25.0 0.00761653889279 1
129 -45.0 5.0 27.0 0.00277529483326 0
130 -47.0 5.0 27.0 0.00470448669499 0
131 -47.0 9.0 27.0 0.00807584857184 0
132 -47.0 9.0 25.0 0.0113219676283 0
133 -45.0 7.0 29.0 0.00365899214174 0
134 -43.0 7.0 29.0 0.021898562937 0
135 23.0 11.0 -53.0 0.00323913008605 0
136 21.0 11.0 -53.0 0.00751639237504 0
137 21.0 11.0 -51.0 0.132251921799 1
138 19.0 9.0 -53.0 0.00642588555143 0
139 19.0 9.0 -49.0 0.0105842875436 0
140 19.0 11.0 -53.0 0.00392640562999 0
141 19.0 11.0 -51.0 0.122758229605 0
142 19.0 11.0 -49.0 0.0134706355532 0
143 -47.0 3.0 27.0 0.00154443158565 1
144 -49.0 3.0 27.0 0.0105048955925 0
145 -49.0 5.0 29.0 0.00501538959728 0
146 -49.0 7.0 29.0 0.0134136087456 0
147 -49.0 7.0 27.0 0.00280226413137 0
148 -41.0 7.0 29.0 0.0199130919887 0
149 19.0 13.0 -51.0 0.00870950248317 1
150 -49.0 1.0 27.0 0.0070129143458 0
151 -49.0 1.0 29.0 0.00764651764091 1
152 -49.0 5.0 31.0 0.0309102710043 0
153 -51.0 3.0 31.0 0.00427596327259 0
154 -51.0 5.0 31.0 0.00449132090142 0
155 -39.0 9.0 31.0 0.0219123132873 0
156 -49.0 -1.0 29.0 0.00591948508311 1
157 -47.0 -1.0 29.0 0.0191544803768 0
158 -47.0 3.0 33.0 0.00852921671504 0
159 -47.0 5.0 33.0 0.00258367897676 0
160 -39.0 11.0 31.0 0.0167291374261 0
161 -39.0 11.0 33.0 0.0181726136656 0
162 -49.0 -3.0 29.0 0.0206575277792 1
163 -45.0 -1.0 27.0 0.00838605860107 0
164 -45.0 -1.0 29.0 0.00441252921527 0
165 -45.0 -1.0 31.0 0.00825534410656 0
166 -45.0 3.0 33.0 0.0169437336027 0
167 -37.0 13.0 33.0 0.0148378428896 0
168 -39.0 13.0 33.0 0.167726096173 0
169 -39.0 13.0 31.0 0.0213281412516 0
170 -41.0 13.0 31.0 0.00638174391039 0
171 -41.0 13.0 33.0 0.00493673892457 0
172 -49.0 -5.0 29.0 0.0301023647745 1
173 -45.0 -3.0 25.0 0.00319576438779 0
174 -43.0 -3.0 27.0 0.0375144134774 0
175 -45.0 -1.0 33.0 0.0340015145382 0
176 -43.0 1.0 33.0 0.00565368463775 0
177 -43.0 1.0 35.0 0.00664937586503 0
178 -39.0 15.0 35.0 0.0102969446588 0
179 -39.0 15.0 33.0 0.022588635116 0
180 -39.0 15.0 31.0 0.00957500589905 0
181 -49.0 -7.0 27.0 0.00947086035797 0
182 -47.0 -7.0 27.0 0.0162599663016 1
183 -45.0 -5.0 25.0 0.0137068472127 0
184 -47.0 -7.0 25.0 0.0103434518823 0
185 -45.0 -7.0 25.0 0.00213765495899 1
