0 1.0 -1.0 1.0 0.0108440903956 1
1 3.0 -1.0 1.0 0.00526090333762 0
2 3.0 -1.0 3.0 0.0132150743355 1
3 -1.0 -1.0 -1.0 0.00984614411521 1
4 3.0 -3.0 5.0 0.00965862918197 0
5 5.0 -1.0 5.0 0.0141002695489 1
6 1.0 -1.0 -3.0 0.00656023707089 0
7 1.0 -3.0 -3.0 0.00465474732864 1
8 5.0 -1.0 7.0 0.00580472755687 1
9 5.0 1.0 7.0 0.00511193559581 0
10 -1.0 -3.0 -5.0 0.0110416320344 0
11 1.0 -3.0 -5.0 0.00374089858843 1
12 5.0 1.0 9.0 0.00796161988299 1
13 7.0 1.0 9.0 0.0346134866981 0
14 1.0 -5.0 -7.0 0.00765172512376 1
15 7.0 1.0 11.0 0.00634353459799 0
16 7.0 3.0 11.0 0.015657788014 1
17 -1.0 -7.0 -9.0 0.0201571925036 1
18 5.0 5.0 11.0 0.00395914918141 0
19 5.0 5.0 13.0 0.0180309174454 1
20 -1.0 -9.0 -9.0 0.00513865591203 1
21 -3.0 -9.0 -11.0 0.00990208520114 0
22 5.0 5.0 15.0 0.0184081915409 1
23 -3.0 -11.0 -11.0 0.0264796767748 1
24 5.0 5.0 17.0 0.0172666228514 0
25 7.0 5.0 17.0 0.00466655254303 0
26 3.0 5.0 17.0 0.0135583934996 0
27 3.0 7.0 17.0 0.021668082871 1
28 -5.0 -13.0 -11.0 0.0128806352396 1
29 3.0 9.0 17.0 0.0346962587048 0
30 5.0 9.0 19.0 0.0296570926279 1
31 -5.0 -15.0 -11.0 0.00503623193679 1
32 3.0 11.0 17.0 0.00595230132593 0
33 5.0 11.0 17.0 0.0217576573395 0
34 5.0 11.0 15.0 0.0173060887402 0
35 5.0 11.0 19.0 0.0746246873595 0
36 7.0 9.0 17.0 0.0108575810261 0
37 7.0 9.0 19.0 0.00627976312839 0
38 7.0 11.0 19.0 0.0105317144739 0
39 7.0 11.0 21.0 0.00707361846583 1
40 5.0 11.0 21.0 0.0122006864426 0
41 5.0 9.0 21.0 0.0661356244705 0
42 7.0 9.0 21.0 0.0156032596799 0
43 -5.0 -17.0 -11.0 0.00765564397521 1
44 -7.0 -19.0 -11.0 0.00511926930043 1
45 -9.0 -21.0 -11.0 0.0055348945909 0
46 -9.0 -21.0 -9.0 0.00698427549299 1
47 -9.0 -23.0 -9.0 0.00804032549401 1
48 -9.0 -25.0 -9.0 0.0113142451311 1
49 -9.0 -25.0 -7.0 0.00342264297824 0
50 -9.0 -27.0 -7.0 0.00292682645737 0
51 -11.0 -27.0 -7.0 0.0947371261453 1
52 -11.0 -29.0 -7.0 0.0284450169153 1
53 -11.0 -29.0 -5.0 0.0144578588485 0
54 -13.0 -29.0 -5.0 0.0101268982559 0
55 -13.0 -31.0 -5.0 0.00383663472096 1
56 -13.0 -31.0 -3.0 0.00348965741752 0
57 -15.0 -31.0 -3.0 0.00359092620581 0
58 -15.0 -33.0 -3.0 0.00499666931498 1
59 -15.0 -35.0 -3.0 0.0067455975013 1
60 -15.0 -35.0 -1.0 0.00612247814738 0
61 -13.0 -37.0 -1.0 0.010137196332 1
62 -13.0 -37.0 1.0 0.00285883013964 0
63 -13.0 -39.0 1.0 0.00374180926972 0
64 -11.0 -39.0 1.0 0.0112064115269 1
65 -9.0 -39.0 3.0 0.00340345995332 0
66 -9.0 -37.0 3.0 0.00477510248665 1
67 -7.0 -37.0 3.0 0.00540020359667 0
68 -7.0 -35.0 3.0 0.00936137911665 1
69 -7.0 -33.0 3.0 0.0101763285307 1
70 -7.0 -31.0 3.0 0.012295822682 1
71 -7.0 -29.0 3.0 0.0162016025053 1
72 -7.0 -27.0 5.0 0.00827144767413 1
73 -9.0 -25.0 5.0 0.00929460342202 1
74 -9.0 -23.0 5.0 0.0087657261882 1
75 -11.0 -23.0 5.0 0.00668381512281 0
76 -11.0 -21.0 5.0 0.0184218125548 1
77 -11.0 -21.0 7.0 0.12313512289 0
78 -13.0 -19.0 7.0 0.0324355130939 1
79 -13.0 -17.0 7.0 0.00567832495852 0
80 -15.0 -17.0 9.0 0.0050168416715 1
81 -17.0 -17.0 9.0 0.00870697944604 1
82 -19.0 -15.0 9.0 0.0068690044395 1
83 -19.0 -15.0 11.0 0.00268033887344 0
84 -21.0 -15.0 11.0 0.00495258316962 0
85 -21.0 -13.0 11.0 0.0151701636545 1
86 -21.0 -11.0 11.0 0.00296178250477 0
87 -23.0 -11.0 11.0 0.0100577422563 1
88 -23.0 -9.0 11.0 0.00275156246892 0
89 -25.0 -9.0 11.0 0.00171075630104 1
90 -25.0 -9.0 13.0 0.00598440969006 0
91 -27.0 -7.0 13.0 0.00486830989574 1
92 -29.0 -7.0 13.0 0.00210235959086 1
93 -29.0 -7.0 15.0 0.0037847772644 0
94 -29.0 -9.0 13.0 0.00410607146203 0
95 -31.0 -9.0 15.0 0.0164376947621 1
96 -33.0 -9.0 17.0 0.00493638343413 0
97 -33.0 -11.0 17.0 0.0105301851118 1
98 -33.0 -11.0 19.0 0.00283695023855 1
99 -33.0 -11.0 21.0 0.00768617472465 1
100 -35.0 -13.0 21.0 0.00627952906627 0
101 -35.0 -13.0 23.0 0.00808941476239 1
102 -35.0 -13.0 25.0 0.0085211237353 1
103 -35.0 -13.0 27.0 0.00766638489581 1
104 -35.0 -13.0 29.0 0.00323237413901 1
105 -33.0 -13.0 29.0 0.0133898148517 0
106 -33.0 -11.0 31.0 0.0108306350555 1
107 -33.0 -11.0 33.0 0.00860806570833 0
108 -35.0 -9.0 33.0 0.00664593490547 1
109 -35.0 -9.0 35.0 0.0143928037316 0
110 -37.0 -11.0 35.0 0.00975297457902 1
111 -37.0 -11.0 37.0 0.00676309216886 0
112 -35.0 -9.0 37.0 0.0153344055988 0
113 -37.0 -9.0 37.0 0.0198869348372 0
114 -35.0 -7.0 37.0 0.12694504741 0
115 -39.0 -11.0 37.0 0.00990905882587 1
116 -39.0 -13.0 39.0 0.00855519313696 0
117 -37.0 -13.0 39.0 0.00466904410768 0
118 -35.0 -11.0 39.0 0.0230288674884 0
119 -33.0 -11.0 39.0 0.00887779916441 0
120 -35.0 -7.0 39.0 0.0337252294472 0
121 -41.0 -11.0 37.0 0.00493308443883 1
122 -41.0 -11.0 39.0 0.0106441338224 0
123 -41.0 -11.0 41.0 0.011672753078 0
124 -41.0 -13.0 41.0 0.00361345721534 0
125 -33.0 -13.0 39.0 0.0106481048717 0
126 -31.0 -13.0 37.0 0.039439711548 0
127 -43.0 -11.0 39.0 0.00952930375813 1
128 -43.0 -13.0 43.0 0.00998074119608 0
129 -43.0 -11.0 43.0 0.00475503716041 0
130 -29.0 -11.0 37.0 0.00687143151467 0
131 -29.0 -13.0 37.0 0.00782424118801 0
132 -29.0 -13.0 35.0 0.00358872165562 0
133 -45.0 -11.0 39.0 0.00267808404214 1
134 -45.0 -11.0 41.0 0.00422100839871 0
135 -45.0 -13.0 43.0 0.00848735158004 0
136 -27.0 -13.0 35.0 0.0212979284859 0
137 -47.0 -11.0 41.0 0.0137048672843 1
138 -47.0 -13.0 41.0 0.00249774729997 0
139 -47.0 -13.0 43.0 0.0070101766099 0
140 -47.0 -13.0 45.0 0.0117524919969 0
141 -25.0 -13.0 35.0 0.0195923833262 0
142 -25.0 -11.0 37.0 0.0514968212973 0
143 -25.0 -13.0 37.0 0.015156582706 0
144 -49.0 -13.0 43.0 0.00744961802673 1
145 -49.0 -13.0 45.0 0.0151236229589 0
146 -23.0 -11.0 37.0 0.0116352179303 0
147 -23.0 -13.0 35.0 0.0826351495749 0
148 -23.0 -11.0 35.0 0.0274635195836 0
149 -51.0 -15.0 45.0 0.00974059196085 0
150 -51.0 -13.0 45.0 0.00683854131517 1
151 -51.0 -11.0 45.0 0.00175229356483 0
152 -51.0 -17.0 43.0 0.0182668348608 0
153 -53.0 -13.0 45.0 0.0098258465328 1
154 -51.0 -19.0 43.0 0.00225211941053 0
155 -51.0 -19.0 41.0 0.00452102011509 0
156 -49.0 -19.0 41.0 0.0076261349794 0
157 -55.0 -11.0 43.0 0.00208537326021 1
158 -55.0 -13.0 43.0 0.0064362013347 0
159 -55.0 -13.0 45.0 0.00224955357995 0
160 -49.0 -19.0 39.0 0.0511114477211 0
161 -57.0 -11.0 41.0 0.00731835086313 0
162 -57.0 -11.0 43.0 0.00299426139248 1
163 -49.0 -19.0 37.0 0.0064429512238 0
164 -59.0 -9.0 41.0 0.0408552336452 1
165 -59.0 -11.0 41.0 0.00363901695918 0
166 -49.0 -19.0 35.0 0.00818132945451 0
167 -49.0 -17.0 35.0 0.0154565436893 0
168 -61.0 -7.0 39.0 0.0125196166723 1
169 -49.0 -19.0 33.0 0.00305959701882 0
170 -49.0 -17.0 33.0 0.0026570145618 0
171 -51.0 -15.0 35.0 0.00867710648763 0
172 -61.0 -5.0 39.0 0.00612598637647 1
173 -51.0 -13.0 35.0 0.0123365534667 0
174 -59.0 -3.0 37.0 0.0175031400801 1
175 -59.0 -3.0 39.0 0.0121798247969 0
176 -61.0 -3.0 39.0 0.00342572159948 0
177 -51.0 -11.0 35.0 0.0107038285914 0
178 -57.0 -3.0 37.0 0.00680517819117 1
179 -51.0 -9.0 35.0 0.00883487273006 0
180 -55.0 -3.0 37.0 0.0103581543941 1
181 -51.0 -7.0 35.0 0.00903735986002 0
182 -53.0 -3.0 35.0 0.00452293380849 1
183 -53.0 -3.0 37.0 0.013132798786 0
184 -51.0 -5.0 35.0 0.0170467906243 0
