0 1.0 -1.0 1.0 0.00955595727654 1
1 3.0 -1.0 1.0 0.0236939041897 1
2 3.0 -3.0 1.0 0.00960655450383 0
3 -1.0 1.0 1.0 0.0199896506293 1
4 5.0 -3.0 1.0 0.00373884488033 1
5 5.0 -5.0 1.0 0.00386700083816 0
6 5.0 -5.0 3.0 0.00176409515595 0
7 -3.0 1.0 1.0 0.00169233354517 1
8 -3.0 1.0 3.0 0.00803811118703 0
9 7.0 -5.0 3.0 0.00975563127463 1
10 7.0 -7.0 3.0 0.0106028490551 0
11 -5.0 1.0 3.0 0.00484433289062 1
12 9.0 -7.0 3.0 0.00732866878796 1
13 -7.0 -1.0 5.0 0.0199433637203 1
14 11.0 -7.0 3.0 0.00773183466246 1
15 -7.0 -3.0 7.0 0.0168426374651 1
16 13.0 -7.0 1.0 0.0312598279408 1
17 -7.0 -3.0 9.0 0.00291495435129 1
18 -7.0 -5.0 9.0 0.00279237651526 0
19 15.0 -7.0 1.0 0.0156363268886 0
20 15.0 -7.0 -1.0 0.000710189457812 0
21 15.0 -5.0 -1.0 0.00256782652919 1
22 -7.0 -5.0 11.0 0.0071510253924 1
23 17.0 -5.0 -1.0 0.00573919918983 0
24 17.0 -5.0 -3.0 0.0135930782587 0
25 17.0 -3.0 -3.0 0.00281502400297 1
26 -7.0 -5.0 13.0 0.00841146171767 1
27 19.0 -3.0 -3.0 0.0119763167799 0
28 19.0 -1.0 -5.0 0.024342861449 1
29 -7.0 -5.0 15.0 0.0178445329006 1
30 19.0 1.0 -7.0 0.0104361517763 1
31 -7.0 -5.0 17.0 0.00771789849369 1
32 19.0 1.0 -9.0 0.00384739643117 1
33 17.0 1.0 -9.0 0.00917934375964 0
34 -5.0 -5.0 19.0 0.00967649314485 1
35 17.0 1.0 -11.0 0.00711500225922 1
36 -5.0 -5.0 21.0 0.00987077683281 0
37 -3.0 -5.0 21.0 0.00574422364163 1
38 17.0 1.0 -13.0 0.00883263081999 1
39 -3.0 -5.0 23.0 0.00367083887948 0
40 -1.0 -5.0 23.0 0.00726632750721 1
41 17.0 1.0 -15.0 0.00941783838734 1
42 -1.0 -5.0 25.0 0.00595984135496 0
43 1.0 -5.0 25.0 0.0335044960427 1
44 17.0 1.0 -17.0 0.00575893688924 1
45 3.0 -5.0 25.0 0.00522467973771 1
46 3.0 -5.0 27.0 0.00994599016631 0
47 17.0 -1.0 -19.0 0.00978679142788 1
48 5.0 -5.0 27.0 0.00439970322845 0
49 5.0 -3.0 27.0 0.011770890447 1
50 17.0 -1.0 -21.0 0.00580562793371 0
51 19.0 -1.0 -21.0 0.00828094269561 0
52 19.0 -3.0 -21.0 0.00856121437266 1
53 7.0 -3.0 27.0 0.0100705672194 1
54 21.0 -3.0 -21.0 0.00398571389143 1
55 21.0 -3.0 -23.0 0.0214075306806 0
56 9.0 -1.0 27.0 0.00441709339043 0
57 9.0 -1.0 25.0 0.0137787957688 1
58 23.0 -5.0 -23.0 0.00324842764392 0
59 23.0 -3.0 -21.0 0.00192646833824 1
60 9.0 1.0 25.0 0.0109986302934 1
61 25.0 -3.0 -21.0 0.0175578439215 1
62 25.0 -3.0 -19.0 0.0125033653572 0
63 25.0 -1.0 -19.0 0.0120121280003 0
64 9.0 3.0 23.0 0.0527077245612 0
65 7.0 3.0 25.0 0.00645754157652 1
66 27.0 -3.0 -19.0 0.014284551942 1
67 23.0 -1.0 -17.0 0.00954267208546 0
68 25.0 -1.0 -17.0 0.0061697083722 0
69 27.0 1.0 -19.0 0.025298830885 0
70 7.0 5.0 23.0 0.0078406707087 0
71 7.0 5.0 25.0 0.0101279644453 0
72 5.0 3.0 25.0 0.0109124720274 1
73 29.0 -3.0 -19.0 0.00460304428006 1
74 29.0 -1.0 -19.0 0.00562065353287 0
75 21.0 1.0 -17.0 0.004931755423 0
76 21.0 -1.0 -17.0 0.0021543432301 0
77 27.0 3.0 -19.0 0.00235452595886 0
78 29.0 3.0 -19.0 0.000971839016837 0
79 29.0 3.0 -17.0 0.00483441243701 0
80 3.0 3.0 25.0 0.0137706409611 1
81 31.0 -1.0 -19.0 0.022175185582 0
82 31.0 -1.0 -21.0 0.00433945559769 0
83 31.0 -1.0 -17.0 0.00379002449239 1
84 21.0 3.0 -17.0 0.02539554267 0
85 29.0 5.0 -17.0 0.00894546264572 0
86 1.0 3.0 25.0 0.00527880082844 1
87 33.0 -1.0 -17.0 0.00514476301609 0
88 33.0 -1.0 -15.0 0.0056600626046 1
89 21.0 5.0 -17.0 0.00605269613561 0
90 29.0 7.0 -17.0 0.00463729585138 0
91 -1.0 1.0 25.0 0.00355130521643 1
92 -1.0 1.0 23.0 0.0079280856721 0
93 33.0 -1.0 -13.0 0.00528524584558 1
94 33.0 1.0 -13.0 0.0135076490992 0
95 23.0 7.0 -17.0 0.0290739989225 0
96 21.0 7.0 -17.0 0.00554156533997 0
97 27.0 9.0 -17.0 0.00873055119593 0
98 -3.0 1.0 25.0 0.00850601393709 1
99 -3.0 -1.0 25.0 0.00483062479134 0
100 31.0 1.0 -11.0 0.0113566104167 1
101 25.0 9.0 -17.0 0.00592236581215 0
102 -5.0 -1.0 25.0 0.0112920102963 1
103 31.0 1.0 -9.0 0.0077183468081 1
104 -7.0 -3.0 25.0 0.00445564474299 1
105 -7.0 -3.0 27.0 0.00494541400772 0
106 31.0 1.0 -7.0 0.0156048301962 1
107 -7.0 -5.0 27.0 0.00592585183669 0
108 -7.0 -5.0 25.0 0.00430313323322 1
109 31.0 1.0 -5.0 0.00567062806558 1
110 -7.0 -7.0 25.0 0.0579210131425 1
111 31.0 3.0 -3.0 0.00873583911453 1
112 -7.0 -9.0 25.0 0.00634276085937 1
113 31.0 3.0 -1.0 0.00679927598783 1
114 31.0 1.0 -1.0 0.00768615076662 0
115 -5.0 -11.0 25.0 0.00839550693114 1
116 31.0 1.0 1.0 0.0120381153046 1
117 -5.0 -13.0 25.0 0.00690450613657 0
118 -5.0 -13.0 27.0 0.00814965986599 1
119 31.0 1.0 3.0 0.00297047388747 0
120 33.0 1.0 3.0 0.00349944590385 1
121 33.0 -1.0 3.0 0.0124868311325 0
122 -5.0 -13.0 29.0 0.00510261070987 1
123 -3.0 -13.0 29.0 0.0112772734802 0
124 35.0 -1.0 3.0 0.0141777256156 0
125 35.0 3.0 5.0 0.0114018271859 1
126 35.0 -3.0 3.0 0.00671021645609 0
127 -3.0 -13.0 31.0 0.0173978871073 1
128 37.0 -3.0 3.0 0.0113696174429 0
129 37.0 5.0 3.0 0.00477828008312 0
130 37.0 3.0 3.0 0.00604138566363 0
131 37.0 3.0 5.0 0.171097339446 0
132 35.0 3.0 7.0 0.0359648790025 1
133 -3.0 -13.0 33.0 0.0095421892003 1
134 -3.0 -11.0 33.0 0.00657400689734 0
135 39.0 -3.0 3.0 0.00555093472345 0
136 39.0 -1.0 3.0 0.00447441545493 0
137 39.0 5.0 3.0 0.0342107776785 0
138 37.0 3.0 9.0 0.00791448182195 1
139 -3.0 -11.0 35.0 0.00352116858752 1
140 -3.0 -9.0 35.0 0.0228097957889 0
141 41.0 -1.0 3.0 0.0136347658816 0
142 41.0 1.0 5.0 0.0163046178224 0
143 41.0 3.0 5.0 0.00748044558296 0
144 41.0 3.0 3.0 0.00351513715267 0
145 35.0 3.0 11.0 0.0272398677174 1
146 -3.0 -9.0 37.0 0.0253064643371 1
147 -5.0 -9.0 37.0 0.00777412324965 0
148 -5.0 -11.0 37.0 0.0110905342498 0
149 -3.0 -11.0 37.0 0.0151153029004 0
150 -1.0 -9.0 37.0 0.00762704281507 0
151 -3.0 -7.0 37.0 0.0556015860949 0
152 -5.0 -7.0 37.0 0.00400311888329 0
153 -1.0 -7.0 35.0 0.04838320666 0
154 -3.0 -7.0 35.0 0.0129930044699 0
155 35.0 3.0 13.0 0.00980461780381 0
156 33.0 1.0 13.0 0.0598739573449 1
157 -5.0 -7.0 39.0 0.0145651170681 1
158 -3.0 -9.0 39.0 0.0134962968786 0
159 -7.0 -7.0 37.0 0.00382772738073 0
160 -7.0 -9.0 37.0 0.0114993171074 0
161 -3.0 -5.0 35.0 0.141303413187 0
162 31.0 1.0 13.0 0.00564272154497 0
163 31.0 -1.0 13.0 0.0882252808643 1
164 31.0 -1.0 15.0 0.00341860348939 0
165 29.0 -1.0 13.0 0.00440967421331 0
166 29.0 -3.0 13.0 0.0437031252182 1
167 31.0 -3.0 15.0 0.195348054911 0
168 31.0 -3.0 13.0 0.0116004013467 0
