0 -1.0 1.0 -1.0 0.0168307272377 0
1 -3.0 3.0 -1.0 0.00520507516339 1
2 -3.0 1.0 -1.0 0.00372982244175 1
3 -1.0 -1.0 1.0 0.00702229406116 0
4 -3.0 -1.0 1.0 0.00553096706706 1
5 -5.0 1.0 -1.0 0.00306828229864 0
6 -5.0 1.0 -3.0 0.00982549221339 0
7 -3.0 -3.0 3.0 0.00351072474442 0
8 -5.0 -3.0 3.0 0.00882994691477 1
9 -7.0 1.0 -1.0 0.00421238963253 0
10 -7.0 -1.0 -1.0 0.0128813737585 0
11 -7.0 -1.0 1.0 0.147121508342 0
12 -5.0 -3.0 5.0 0.0121317251392 0
13 -5.0 -5.0 5.0 0.00953557194574 0
14 -7.0 -5.0 1.0 0.010684071643 0
15 -7.0 -5.0 3.0 0.00552286473208 0
16 -7.0 -3.0 5.0 0.154913690273 0
17 -7.0 -3.0 3.0 0.00768567256134 0
18 -7.0 -1.0 3.0 0.0111886075553 0
19 -7.0 -5.0 5.0 0.00501656011306 1
20 -9.0 -1.0 1.0 0.0168343809156 0
21 -9.0 -3.0 1.0 0.0134300326262 0
22 -7.0 -3.0 7.0 0.0883616083472 0
23 -5.0 -3.0 7.0 0.00559977134193 0
24 -7.0 -7.0 5.0 0.00698388507882 1
25 -9.0 -5.0 1.0 0.00413039646612 0
26 -9.0 -5.0 3.0 0.0143505495571 0
27 -9.0 -5.0 5.0 0.00425798881897 0
28 -9.0 -3.0 5.0 0.00804413960652 0
29 -9.0 -7.0 5.0 0.00460090559493 0
30 -9.0 -9.0 7.0 0.0160599536976 1
31 -9.0 -11.0 7.0 0.00844523405973 0
32 -7.0 -11.0 9.0 0.00293166340492 1
33 -7.0 -13.0 9.0 0.00680379176818 0
34 -5.0 -13.0 9.0 0.00224327273804 1
35 -5.0 -15.0 9.0 0.00947588666043 0
36 -3.0 -15.0 9.0 0.00261143665466 1
37 -3.0 -17.0 9.0 0.00723998168939 0
38 -1.0 -17.0 11.0 0.0128832484408 1
39 1.0 -19.0 11.0 0.0221551872079 1
40 3.0 -19.0 11.0 0.00567592224988 1
41 5.0 -19.0 11.0 0.00935401220813 1
42 7.0 -19.0 11.0 0.00643657833916 1
43 9.0 -17.0 11.0 0.0110375204697 1
44 11.0 -17.0 11.0 0.0157392172218 1
45 13.0 -17.0 11.0 0.00309151826688 1
46 13.0 -17.0 9.0 0.00314789940805 0
47 15.0 -17.0 9.0 0.0267576105883 1
48 17.0 -17.0 9.0 0.00165719009361 0
49 17.0 -15.0 7.0 0.00281751689548 1
50 19.0 -15.0 7.0 0.00874386962664 0
51 19.0 -15.0 5.0 0.0058263418457 1
52 21.0 -15.0 5.0 0.00449715385237 0
53 21.0 -13.0 3.0 0.0174876329656 1
54 21.0 -11.0 3.0 0.00501043594839 0
55 21.0 -11.0 1.0 0.00160572172038 1
56 21.0 -9.0 1.0 0.0147717323815 0
57 21.0 -9.0 -1.0 0.00448334712073 1
58 21.0 -7.0 -1.0 0.00942882450599 0
59 21.0 -7.0 -3.0 0.00504867051112 1
60 21.0 -5.0 -3.0 0.00206470947405 0
61 19.0 -5.0 -3.0 0.00338872221819 0
62 19.0 -5.0 -5.0 0.00647215784232 1
63 17.0 -7.0 -7.0 0.0177900298712 1
64 17.0 -7.0 -9.0 0.010594982621 1
65 17.0 -7.0 -11.0 0.0125581741423 1
66 17.0 -9.0 -13.0 0.00757077278014 1
67 17.0 -9.0 -15.0 0.00156098897691 1
68 19.0 -9.0 -15.0 0.00345843376967 0
69 19.0 -11.0 -15.0 0.00498730449849 0
70 19.0 -11.0 -17.0 0.01377710832 1
71 21.0 -11.0 -17.0 0.00523231821934 0
72 21.0 -11.0 -19.0 0.00946514070856 1
73 21.0 -13.0 -21.0 0.0181863607914 1
74 23.0 -13.0 -23.0 0.00287103653238 0
75 23.0 -15.0 -23.0 0.0248889419413 1
76 23.0 -15.0 -25.0 0.00242102714991 0
77 25.0 -15.0 -25.0 0.00430779589441 0
78 25.0 -17.0 -25.0 0.00311993364915 1
79 25.0 -17.0 -27.0 0.058931604265 0
80 27.0 -19.0 -27.0 0.00348060680934 1
81 29.0 -19.0 -27.0 0.00703961299374 1
82 31.0 -19.0 -27.0 0.00766411563002 1
83 33.0 -19.0 -27.0 0.00696503693658 1
84 35.0 -17.0 -27.0 0.0105937412342 1
85 37.0 -17.0 -27.0 0.00925205908365 1
86 39.0 -17.0 -27.0 0.0189592494333 0
87 39.0 -15.0 -29.0 0.0015080404548 1
88 41.0 -15.0 -29.0 0.00185171493958 0
89 41.0 -13.0 -27.0 0.0334197405181 1
90 41.0 -11.0 -27.0 0.00644944665561 1
91 41.0 -9.0 -27.0 0.0115587126996 1
92 41.0 -7.0 -29.0 0.00957429188182 1
93 41.0 -5.0 -29.0 0.0143931432853 1
94 41.0 -3.0 -29.0 0.00679212948738 1
95 41.0 -1.0 -29.0 0.00751049939308 1
96 41.0 1.0 -29.0 0.00462076178793 0
97 39.0 1.0 -29.0 0.0114245803818 0
98 39.0 1.0 -31.0 0.0111184798633 1
99 37.0 1.0 -31.0 0.00372719934515 1
100 37.0 3.0 -31.0 0.00892377880493 0
101 35.0 3.0 -31.0 0.00600568265131 0
102 35.0 3.0 -33.0 0.0155295756038 1
103 33.0 3.0 -33.0 0.0297942159289 1
104 31.0 3.0 -33.0 0.00694386395347 1
105 29.0 1.0 -33.0 0.0145231796814 1
106 27.0 -1.0 -33.0 0.0036814483638 0
107 27.0 -1.0 -31.0 0.00967088772009 1
108 27.0 -3.0 -31.0 0.00917480353247 1
109 27.0 -3.0 -29.0 0.00149637172997 0
110 27.0 -5.0 -29.0 0.0280377241123 1
111 27.0 -7.0 -29.0 0.00191710423325 1
112 29.0 -7.0 -29.0 0.0129574002504 0
113 29.0 -9.0 -27.0 0.0122846682805 1
114 31.0 -11.0 -27.0 0.00976104522471 1
115 31.0 -13.0 -25.0 0.0100223657202 0
116 33.0 -13.0 -25.0 0.00848017660395 1
117 33.0 -13.0 -23.0 0.0161393655199 0
118 35.0 -13.0 -23.0 0.00622795586616 1
119 35.0 -13.0 -21.0 0.00756324601934 0
120 37.0 -13.0 -21.0 0.0256975600077 1
121 39.0 -11.0 -21.0 0.00552248106252 1
122 39.0 -11.0 -19.0 0.0190312151517 0
123 41.0 -9.0 -19.0 0.0195159009606 1
124 43.0 -7.0 -19.0 0.0100151679546 1
125 43.0 -5.0 -19.0 0.00811545225663 1
126 43.0 -3.0 -19.0 0.00602893036401 1
127 43.0 -3.0 -17.0 0.00296862865932 0
128 43.0 -1.0 -17.0 0.00863774594426 1
129 43.0 1.0 -17.0 0.0132318842866 1
130 43.0 3.0 -17.0 0.0100287574535 1
131 43.0 5.0 -17.0 0.010583496247 1
132 43.0 7.0 -17.0 0.0203557129438 1
133 43.0 9.0 -17.0 0.00840384154855 1
134 41.0 11.0 -17.0 0.00845404326861 1
135 39.0 11.0 -19.0 0.0172622214508 1
136 37.0 11.0 -19.0 0.0177174450534 1
137 35.0 9.0 -19.0 0.0106374386159 1
138 35.0 7.0 -19.0 0.00607008545873 1
139 33.0 7.0 -19.0 0.00529404131319 0
140 33.0 5.0 -19.0 0.00294468107486 0
141 33.0 5.0 -17.0 0.0233158601959 1
142 33.0 5.0 -15.0 0.00273033971778 1
143 31.0 5.0 -15.0 0.00311274722007 0
144 31.0 3.0 -13.0 0.0329226159602 0
145 35.0 3.0 -13.0 0.0042258267864 1
146 33.0 3.0 -13.0 0.0758322628268 0
147 33.0 1.0 -13.0 0.0316398459905 0
148 33.0 3.0 -11.0 0.00950728714007 0
149 35.0 1.0 -11.0 0.0113893183301 0
150 37.0 1.0 -11.0 0.0135463707467 0
151 37.0 3.0 -15.0 0.00595681866152 0
152 37.0 3.0 -13.0 0.00210380711858 0
153 35.0 1.0 -13.0 0.00927474214991 0
154 37.0 3.0 -11.0 0.0217673277605 1
155 33.0 -1.0 -13.0 0.00525792277205 0
156 33.0 -1.0 -11.0 0.00727807278781 0
157 37.0 1.0 -9.0 0.00385437078913 0
158 37.0 3.0 -9.0 0.0457853403644 1
159 39.0 3.0 -11.0 0.022405959744 0
160 39.0 3.0 -13.0 0.0163311147204 0
161 39.0 -1.0 -13.0 0.0238245473142 0
162 39.0 1.0 -13.0 0.0203622258694 0
163 39.0 3.0 -15.0 0.00395136469386 0
164 33.0 -3.0 -11.0 0.00552680334178 0
165 35.0 -3.0 -11.0 0.00140596622595 0
166 35.0 -3.0 -13.0 0.0224934889259 0
167 35.0 -3.0 -15.0 0.0035779775086 0
168 35.0 3.0 -7.0 0.0251553416201 1
169 35.0 5.0 -7.0 0.00357987299309 0
170 37.0 -3.0 -15.0 0.00870033059197 0
171 39.0 -3.0 -13.0 0.00551504345477 0
172 35.0 5.0 -5.0 0.0113699313996 0
173 33.0 5.0 -5.0 0.025022006346 1
174 31.0 5.0 -5.0 0.021999647383 0
175 31.0 3.0 -5.0 0.0634633268531 0
176 31.0 3.0 -7.0 0.144406526275 1
