0 -1.0 1.0 -1.0 0.0158045345531 1
1 -1.0 -1.0 -3.0 0.0261959098459 0
2 -3.0 -1.0 -3.0 0.00325157712903 1
3 1.0 -1.0 1.0 0.0398626717559 1
4 -3.0 1.0 1.0 0.0178576629487 0
5 -3.0 1.0 -1.0 0.00465221379609 0
6 -3.0 -1.0 -1.0 0.00613174596914 0
7 -1.0 1.0 -3.0 0.0430602740833 0
8 -1.0 3.0 -3.0 0.00962023184545 0
9 1.0 -1.0 -3.0 0.0522516926385 0
10 -3.0 -1.0 -5.0 0.0114620162555 1
11 -3.0 -3.0 -3.0 0.0121481124106 0
12 -3.0 -3.0 -1.0 0.00332085344134 0
13 -1.0 -3.0 -1.0 0.00407600033455 0
14 1.0 1.0 -5.0 0.0265720111904 0
15 1.0 -3.0 -3.0 0.0679498535511 0
16 -1.0 -3.0 -3.0 0.0144762257553 0
17 3.0 -1.0 1.0 0.00425786379282 0
18 3.0 -1.0 3.0 0.00493699178415 0
19 3.0 1.0 3.0 0.0148330457291 1
20 -1.0 3.0 3.0 0.0124307445544 0
21 -3.0 3.0 3.0 0.00273512431883 0
22 3.0 -3.0 -5.0 0.00657202297909 0
23 3.0 -3.0 -3.0 0.00627164406186 0
24 3.0 -1.0 -3.0 0.010254969487 0
25 3.0 -1.0 -5.0 0.00562985159596 0
26 3.0 1.0 -3.0 0.00650139221495 0
27 3.0 1.0 -5.0 0.00916745007793 0
28 -3.0 -1.0 -7.0 0.00221422335614 1
29 -3.0 -3.0 -7.0 0.0129841308427 0
30 -1.0 -5.0 -1.0 0.0508282898458 0
31 1.0 -5.0 -1.0 0.0155612705033 0
32 3.0 -5.0 -3.0 0.0205997593272 0
33 3.0 3.0 3.0 0.0436689052878 0
34 3.0 3.0 5.0 0.0104333647649 1
35 1.0 3.0 5.0 0.00898342584675 0
36 5.0 -3.0 -5.0 0.0482364876801 0
37 5.0 -3.0 -3.0 0.00759133187856 0
38 5.0 -1.0 -3.0 0.00515229884108 0
39 5.0 -1.0 -5.0 0.00691033910839 0
40 -3.0 -3.0 -9.0 0.0166432943558 1
41 -3.0 -3.0 -11.0 0.00172617872442 1
42 -5.0 -3.0 -11.0 0.0136684453861 0
43 -5.0 -5.0 -11.0 0.00687388743617 0
44 -5.0 -5.0 -13.0 0.00736818434198 1
45 -5.0 -5.0 -15.0 0.0154084971925 1
46 -5.0 -5.0 -17.0 0.010578439889 1
47 -5.0 -5.0 -19.0 0.00659998880614 1
48 -5.0 -5.0 -21.0 0.00160794568368 1
49 -5.0 -3.0 -21.0 0.00400593717967 0
50 -5.0 -3.0 -23.0 0.0241227192996 1
51 -5.0 -1.0 -25.0 0.00501805528149 1
52 -5.0 -1.0 -27.0 0.00588275363265 1
53 -5.0 1.0 -27.0 0.00930736275341 0
54 -5.0 1.0 -29.0 0.0141896545929 1
55 -5.0 3.0 -31.0 0.0125014296884 1
56 -5.0 3.0 -33.0 0.00679940256438 1
57 -7.0 3.0 -35.0 0.00298843111155 0
58 -7.0 5.0 -35.0 0.00331776382351 1
59 -7.0 5.0 -37.0 0.00883730796646 1
60 -7.0 5.0 -39.0 0.00629207626996 1
61 -9.0 5.0 -39.0 0.00956919603369 0
62 -9.0 5.0 -41.0 0.00913293613663 1
63 -9.0 5.0 -43.0 0.00428716379213 1
64 -11.0 5.0 -43.0 0.00762612897661 0
65 -11.0 5.0 -45.0 0.012232799968 1
66 -11.0 5.0 -47.0 0.00540327375319 1
67 -11.0 5.0 -49.0 0.00954224937937 1
68 -11.0 5.0 -51.0 0.0111835836682 1
69 -11.0 5.0 -53.0 0.00945834106848 1
70 -11.0 5.0 -55.0 0.00617706298712 1
71 -11.0 5.0 -57.0 0.00850590252563 1
72 -9.0 5.0 -57.0 0.00359126758678 0
73 -9.0 7.0 -57.0 0.00744998035431 0
74 -9.0 7.0 -59.0 0.00982815612111 1
75 -7.0 7.0 -61.0 0.0157854283235 1
76 -5.0 7.0 -61.0 0.00120886059379 0
77 -5.0 7.0 -63.0 0.00324959953322 1
78 -3.0 7.0 -63.0 0.00976314081464 0
79 -3.0 7.0 -65.0 0.00598528042425 0
80 -3.0 9.0 -65.0 0.00564444437211 1
81 -1.0 9.0 -65.0 0.00789604089268 0
82 -1.0 11.0 -65.0 0.035812819133 1
83 -1.0 13.0 -67.0 0.0118097551044 1
84 1.0 15.0 -67.0 0.0106378940354 1
85 -1.0 17.0 -67.0 0.00639028759955 0
86 1.0 17.0 -67.0 0.00372172728116 1
87 3.0 17.0 -67.0 0.0149289730739 0
88 -1.0 19.0 -69.0 0.0546684471145 1
89 -3.0 19.0 -69.0 0.0293233014371 0
90 1.0 19.0 -69.0 0.00367229864962 0
91 1.0 19.0 -67.0 0.0213653893133 0
92 3.0 19.0 -65.0 0.00500454711667 0
93 3.0 19.0 -67.0 0.00945686038696 0
94 -1.0 21.0 -69.0 0.0126602860043 0
95 -1.0 21.0 -71.0 0.00244151939998 1
96 -3.0 21.0 -71.0 0.00673229156418 0
97 1.0 21.0 -67.0 0.0132675863416 0
98 -1.0 21.0 -67.0 0.0101632067724 0
99 -5.0 19.0 -69.0 0.030045332677 0
100 -3.0 23.0 -71.0 0.00714414952715 0
101 1.0 23.0 -69.0 0.00846928598104 0
102 1.0 23.0 -67.0 0.012963024138 0
103 -1.0 23.0 -67.0 0.0262097961899 0
104 -3.0 23.0 -73.0 0.00335012400035 1
105 -1.0 23.0 -65.0 0.00498152939345 0
106 1.0 23.0 -65.0 0.126425795703 0
107 -7.0 19.0 -69.0 0.00546640854183 0
108 -7.0 19.0 -67.0 0.14756449879 0
109 -7.0 17.0 -67.0 0.0166572659378 0
110 -3.0 25.0 -73.0 0.00297649622189 0
111 1.0 25.0 -67.0 0.0488450869789 0
112 3.0 25.0 -67.0 0.00613764274644 0
113 -1.0 25.0 -67.0 0.023795278448 0
114 1.0 25.0 -69.0 0.0104311722874 0
115 -3.0 25.0 -75.0 0.012216662774 1
116 -5.0 27.0 -77.0 0.0176459056764 1
117 -7.0 27.0 -77.0 0.00236005914903 0
118 -7.0 27.0 -79.0 0.0071399096763 1
119 -9.0 27.0 -79.0 0.00128978143467 0
120 -9.0 27.0 -81.0 0.00304140779138 0
121 -9.0 25.0 -81.0 0.0197984803305 1
122 -9.0 25.0 -83.0 0.00340794259622 1
123 -7.0 25.0 -83.0 0.0312849951675 0
124 -7.0 25.0 -85.0 0.00266294167063 0
125 -7.0 23.0 -85.0 0.0218428728491 1
126 -7.0 23.0 -87.0 0.0157074500905 0
127 -7.0 21.0 -87.0 0.0151171433631 1
128 -7.0 19.0 -87.0 0.0126370385903 0
129 -7.0 19.0 -89.0 0.00895669685576 1
130 -7.0 17.0 -89.0 0.0420389590185 0
131 -7.0 17.0 -91.0 0.00340263793315 0
132 -7.0 19.0 -91.0 0.00512855785659 1
133 -7.0 19.0 -93.0 0.00701993473099 0
134 -5.0 19.0 -93.0 0.0134438357234 0
135 -5.0 21.0 -93.0 0.00928639306063 1
136 -5.0 23.0 -93.0 0.00964551493026 0
137 -5.0 23.0 -95.0 0.0111772416618 1
138 -5.0 25.0 -93.0 0.00495471905316 0
139 -5.0 25.0 -95.0 0.0160066671142 0
140 -7.0 25.0 -95.0 0.00712923183424 0
141 -7.0 23.0 -97.0 0.00778600150552 0
142 -5.0 23.0 -97.0 0.0139141965827 1
143 -3.0 23.0 -97.0 0.0103568046417 0
144 -5.0 23.0 -99.0 0.00933099845074 1
145 -3.0 23.0 -99.0 0.0071340031437 0
146 -5.0 21.0 -101.0 0.0063780573345 1
147 -3.0 21.0 -101.0 0.0267239188183 0
148 -5.0 19.0 -101.0 0.0113055662018 0
149 -5.0 19.0 -103.0 0.054469394247 1
150 -7.0 19.0 -105.0 0.0633487982441 1
151 -7.0 17.0 -105.0 0.0143786871912 0
152 -9.0 17.0 -107.0 0.067853845109 1
153 -9.0 17.0 -105.0 0.0663286606577 0
154 -9.0 19.0 -105.0 0.0289231643139 0
