0 1.0 -1.0 -1.0 0.0222067263338 0
1 1.0 1.0 1.0 0.00347955612212 0
2 3.0 1.0 1.0 0.0195841269612 0
3 3.0 -1.0 -1.0 0.00872698813788 0
4 3.0 -3.0 1.0 0.00586468501097 0
5 3.0 -1.0 1.0 0.0282270772818 0
6 1.0 1.0 -1.0 0.00898673362833 0
7 1.0 1.0 -3.0 0.009094684697 0
8 3.0 -1.0 3.0 0.00544936307356 0
9 5.0 1.0 3.0 0.0037929209045 0
10 5.0 3.0 3.0 0.00935447232681 0
11 5.0 -1.0 1.0 0.0100325129967 0
12 5.0 1.0 1.0 0.0154839055996 0
13 3.0 3.0 -3.0 0.0137033783954 0
14 7.0 3.0 5.0 0.0153413136189 0
15 7.0 1.0 1.0 0.0532039155162 0
16 7.0 -1.0 1.0 0.0994247301772 0
17 7.0 1.0 -1.0 0.00584705404713 0
18 3.0 5.0 -3.0 0.00286831896277 0
19 5.0 5.0 -3.0 0.00534267633584 0
20 5.0 3.0 -3.0 0.0276818005395 0
21 9.0 5.0 5.0 0.0265841096579 0
22 9.0 5.0 7.0 0.00428453050996 0
23 9.0 3.0 3.0 0.00930929101817 0
24 9.0 5.0 3.0 0.00447936946644 0
25 9.0 1.0 -1.0 0.015026561731 0
26 9.0 1.0 1.0 0.00574735986762 0
27 9.0 3.0 1.0 0.00408413382785 0
28 7.0 3.0 -3.0 0.00297306221952 0
29 7.0 1.0 -3.0 0.0052932996258 0
30 11.0 5.0 7.0 0.00903901738034 0
31 9.0 7.0 7.0 0.00801682223032 0
32 9.0 7.0 9.0 0.00604203271727 0
33 13.0 5.0 7.0 0.0129512276521 0
34 13.0 7.0 7.0 0.0446111012439 0
35 13.0 7.0 9.0 0.00176274919598 0
36 9.0 7.0 11.0 0.00850283774123 0
37 11.0 7.0 11.0 0.00464759164499 0
38 13.0 9.0 9.0 0.0122262527728 0
39 13.0 9.0 11.0 0.00871884236627 1
40 11.0 7.0 13.0 0.0204296447796 1
41 13.0 11.0 11.0 0.00813885373248 0
42 13.0 11.0 13.0 0.0108688109115 1
43 11.0 7.0 15.0 0.00576366734717 1
44 9.0 7.0 15.0 0.00702510579013 0
45 13.0 11.0 15.0 0.00357496290461 1
46 11.0 11.0 15.0 0.0101378621575 0
47 9.0 7.0 17.0 0.00612483184191 0
48 9.0 5.0 17.0 0.00183739957237 1
49 11.0 11.0 17.0 0.00774407326646 1
50 9.0 5.0 19.0 0.000833988438513 0
51 7.0 5.0 19.0 0.0145895471798 0
52 7.0 3.0 19.0 0.00618225685609 1
53 9.0 11.0 19.0 0.00922644446112 1
54 7.0 3.0 21.0 0.00597493107914 0
55 5.0 1.0 21.0 0.00817028506768 1
56 9.0 11.0 21.0 0.0124728570165 1
57 5.0 -1.0 21.0 0.00635009081249 0
58 7.0 -1.0 21.0 0.00336103872674 0
59 7.0 -1.0 23.0 0.00323212890203 1
60 3.0 3.0 19.0 0.0295917788287 0
61 11.0 9.0 23.0 0.0371014387835 0
62 11.0 11.0 23.0 0.0111097678704 0
63 9.0 11.0 23.0 0.00588709801761 0
64 9.0 13.0 23.0 0.00254254961238 0
65 7.0 13.0 23.0 0.00923793412649 1
66 7.0 -3.0 23.0 0.0174052727879 0
67 9.0 -1.0 23.0 0.0123884973882 0
68 9.0 -1.0 25.0 0.0153726551935 1
69 7.0 1.0 25.0 0.00111528027736 0
70 5.0 1.0 25.0 0.00322513364873 0
71 3.0 5.0 21.0 0.0135464089425 0
72 1.0 5.0 21.0 0.00401909486931 0
73 1.0 5.0 19.0 0.0695981301861 0
74 3.0 5.0 19.0 0.0099992201792 0
75 3.0 3.0 17.0 0.00472108770803 0
76 1.0 3.0 17.0 0.0519083325579 0
77 1.0 5.0 17.0 0.132477929505 0
78 13.0 9.0 25.0 0.0218763587786 0
79 13.0 11.0 25.0 0.0218070921866 0
80 5.0 13.0 23.0 0.00358110552583 1
81 5.0 13.0 25.0 0.0116453049651 0
82 9.0 -1.0 27.0 0.0113687463266 1
83 7.0 -1.0 27.0 0.00919739135793 0
84 7.0 1.0 27.0 0.0116754170313 0
85 5.0 3.0 25.0 0.0256141988845 0
86 3.0 5.0 23.0 0.0321199564627 0
87 1.0 3.0 15.0 0.0322885951764 0
88 15.0 9.0 25.0 0.0151403876848 0
89 15.0 11.0 25.0 0.00449392765221 0
90 3.0 13.0 25.0 0.00338481224742 1
91 3.0 13.0 27.0 0.00392628849101 0
92 3.0 15.0 27.0 0.00224227976808 0
93 7.0 -1.0 29.0 0.0112664143791 1
94 1.0 15.0 27.0 0.0128789261351 1
95 -1.0 15.0 29.0 0.0214479279839 1
96 -3.0 15.0 29.0 0.00360552443568 1
97 -3.0 15.0 31.0 0.0123315866566 0
98 -5.0 15.0 31.0 0.0057904292553 1
99 -7.0 15.0 31.0 0.00584420788614 1
100 -7.0 15.0 33.0 0.00539272875895 0
101 -9.0 15.0 33.0 0.0104820945525 1
102 -11.0 15.0 33.0 0.00701851994222 1
103 -11.0 13.0 33.0 0.0070945134351 0
104 -13.0 13.0 33.0 0.0108056843346 1
105 -15.0 13.0 31.0 0.00370392324692 0
106 -15.0 11.0 31.0 0.00538958076211 1
107 -17.0 11.0 31.0 0.00996594198943 0
108 -17.0 9.0 31.0 0.00428644379039 1
109 -19.0 9.0 31.0 0.0178385878756 0
110 -19.0 7.0 31.0 0.0123513703652 1
111 -21.0 7.0 31.0 0.00389114219211 0
112 -21.0 5.0 31.0 0.0124096786712 1
113 -23.0 5.0 31.0 0.00414902103937 0
114 -23.0 3.0 31.0 0.00579015735699 0
115 -23.0 3.0 29.0 0.0078300445246 1
116 -25.0 1.0 29.0 0.00292061414199 0
117 -25.0 1.0 27.0 0.00263284883938 1
118 -25.0 -1.0 27.0 0.00674824673226 1
119 -27.0 -1.0 27.0 0.005485984933 0
120 -27.0 -3.0 25.0 0.0180660944232 1
121 -27.0 -5.0 23.0 0.00955856475607 1
122 -25.0 -7.0 23.0 0.00694756934231 0
123 -25.0 -7.0 21.0 0.101298902348 1
124 -25.0 -9.0 21.0 0.00738766553667 0
125 -25.0 -9.0 19.0 0.0115891600067 1
126 -25.0 -11.0 19.0 0.00223507162176 0
127 -25.0 -11.0 17.0 0.036500304483 0
128 -25.0 -9.0 17.0 0.00376866009546 1
129 -25.0 -9.0 15.0 0.0079518769539 0
130 -25.0 -7.0 15.0 0.0235802622412 1
131 -27.0 -7.0 13.0 0.00290236940186 0
132 -25.0 -5.0 13.0 0.00401152113304 0
133 -27.0 -5.0 13.0 0.00861354671159 1
134 -27.0 -3.0 13.0 0.0104957450589 0
135 -23.0 -3.0 11.0 0.00153874647896 0
136 -29.0 -3.0 11.0 0.0224798279152 1
137 -25.0 -5.0 9.0 0.00489432693614 0
138 -25.0 -3.0 9.0 0.00929628040134 0
139 -23.0 -3.0 9.0 0.00398924746344 0
140 -23.0 -1.0 11.0 0.00340041245175 0
141 -21.0 -1.0 11.0 0.0103802151971 0
142 -29.0 -3.0 9.0 0.00397007375708 0
143 -31.0 -1.0 9.0 0.00432054812953 1
144 -31.0 -3.0 9.0 0.00758669453046 0
145 -27.0 -5.0 9.0 0.00494338921459 0
146 -27.0 -5.0 7.0 0.00472376161036 0
147 -21.0 1.0 11.0 0.00891578611224 0
148 -23.0 1.0 11.0 0.00297996023069 0
149 -31.0 -3.0 7.0 0.00862159693047 0
150 -31.0 -5.0 7.0 0.0101671643325 0
151 -29.0 -5.0 7.0 0.0111684657739 0
152 -33.0 -3.0 7.0 0.0104670609668 0
153 -31.0 1.0 11.0 0.0121079654702 0
154 -31.0 1.0 9.0 0.00171707514392 1
155 -33.0 -5.0 7.0 0.0113354865422 0
156 -23.0 3.0 13.0 0.0109646969447 0
157 -25.0 3.0 13.0 0.0038719995806 0
158 -29.0 3.0 13.0 0.00869998800737 0
159 -29.0 1.0 13.0 0.0127018903848 0
160 -31.0 3.0 9.0 0.00590741936835 1
161 -31.0 3.0 11.0 0.016470797795 0
162 -25.0 5.0 13.0 0.00629949942083 0
163 -27.0 3.0 13.0 0.00792447253795 0
164 -33.0 5.0 9.0 0.0171792624183 1
165 -35.0 5.0 9.0 0.0101555394615 1
166 -37.0 5.0 9.0 0.0275421514477 1
167 -37.0 3.0 9.0 0.0180516575617 0
168 -39.0 7.0 9.0 0.0151480705698 1
169 -39.0 9.0 9.0 0.0491932419239 0
170 -39.0 9.0 7.0 0.0312507030895 1
171 -39.0 11.0 7.0 0.00441705620942 0
172 -39.0 9.0 5.0 0.0422505886584 0
173 -41.0 9.0 5.0 0.179296106739 1
